0, array([  -6.6517293 ,   19.46695204, -159.81523562,    4.40556976,
         15.36613057, -357.42473183])
1, array([ 6.86809918e-02,  1.86820709e+01, -1.61380225e+02,  1.52216518e+01,
        9.23870288e+00, -3.60406417e+02])
2, array([   7.31120416,   18.95298725, -162.1257523 ,   29.27407378,
          6.09874237, -361.50935248])
3, array([  15.20604955,   20.32671499, -162.02850763,   46.903121  ,
          6.03036008, -360.67462048])
4, array([  24.44135677,   23.19888927, -160.63468492,   69.74558598,
         11.63191197, -357.46621908])
5, array([  33.67532099,   26.89898679, -158.43277572,   92.59499813,
         21.13689364, -353.00032708])
6, array([  42.90794819,   31.4233238 , -155.42637554,  115.45132652,
         34.5279372 , -347.28253955])
7, array([  49.81008892,   37.11754176, -152.30654437,  131.22835373,
         54.99977686, -340.31295058])
8, array([  54.0745473 ,   43.18540223, -149.36504014,  140.01044684,
         78.09472681, -333.42811686])
9, array([  55.5649805 ,   49.44855684, -146.69111406,  141.51322266,
        103.13217876, -326.83225015])
10, array([  49.71586327,   54.960862  , -145.96020703,  124.39634641,
        127.28144638, -321.52942109])
11, array([  40.94122162,   59.47996521, -146.78318465,  100.36873814,
        147.64040626, -317.64347446])
12, array([  29.21484707,   62.99696878, -149.1739675 ,   69.3684876 ,
        164.17510269, -315.18710352])
13, array([  14.04770838,   63.54812109, -154.22110845,   30.5939286 ,
        167.57898047, -317.3876433 ])
14, array([  -1.17371466,   62.26565787, -160.12504679,   -7.99283108,
        163.47384314, -321.64152594])
15, array([ -16.64138024,   59.20118992, -166.92861615,  -46.89356226,
        152.09377062, -327.92219092])
16, array([ -29.74322926,   52.69151178, -173.86580199,  -81.01287132,
        127.84007244, -334.89651539])
17, array([ -41.08010112,   44.5150166 , -179.79609807, -110.11790145,
         97.9996853 , -339.89794103])
18, array([ -50.72699569,   34.48596238, -184.75185225, -134.38409826,
         61.92012333, -342.89597298])
19, array([ -54.41133655,   22.60282539, -186.10502796, -143.89606179,
         20.51517557, -339.4984186 ])
20, array([ -55.05152344,   10.51975055, -186.25542187, -145.24136719,
        -20.52948516, -333.74005152])
21, array([ -52.64755635,   -1.76326214, -185.203034  , -138.42001446,
        -61.21385885, -325.62087175])
22, array([ -44.760441  ,  -12.65369087, -181.27797775, -116.5367207 ,
        -95.95790024, -313.89618772])
23, array([ -34.80115445,  -21.71112543, -176.80919995,  -88.84320402,
       -124.37959578, -301.88835246])
24, array([ -22.72485961,  -29.12964567, -171.7660236 ,  -55.21651869,
       -147.1148773 , -289.459404  ])
25, array([  -7.48633471,  -31.91552563, -166.73022936,  -13.50539684,
       -154.91338127, -281.28851804])
26, array([   8.0496778 ,  -32.33439844, -162.62599921,   28.08426762,
       -155.22922266, -277.67309765])
27, array([  24.09814171,  -30.29994402, -159.43991348,   70.08118284,
       -147.77472911, -278.75757251])
28, array([  37.1591602 ,  -24.47099982, -159.24480786,  100.98993486,
       -128.31267494, -290.00923066])
29, array([  47.11668658,  -17.58279554, -160.19512055,  122.83558877,
       -105.77503897, -304.27486428])
30, array([  53.99827686,   -9.64473636, -162.28068135,  135.698616  ,
        -80.18912937, -321.52771221])
31, array([  53.97217293,   -2.08328836, -165.09183257,  130.67345377,
        -54.12172821, -338.28358962])
32, array([  50.69410761,    4.89576892, -167.4210962 ,  119.2052019 ,
        -30.04710295, -352.91542666])
33, array([  44.26875731,   11.08930457, -169.19811299,  101.65964303,
         -8.66860819, -364.99331551])
34, array([  34.43982834,   15.47502706, -169.98518678,   79.47929454,
          6.87965142, -371.68173938])
35, array([  24.43875855,   18.58023766, -169.92278889,   57.88323088,
         17.94775069, -375.32172903])
36, array([  14.26477857,   20.39921343, -169.00712274,   36.87406337,
         24.51566655, -375.89966015])
37, array([   6.10782945,   20.63215411, -167.07904509,   21.73486002,
         25.54999129, -372.49351543])
38, array([-5.03745590e-02,  2.06115035e+01, -1.64880038e+02,  1.06701765e+01,
        2.56070936e+01, -3.68576766e+02])
39, array([  -4.3712173 ,   20.35363978, -162.39318091,    3.36249534,
         24.74887718, -364.13199746])
