0, array([   4.44955524,   14.62699334, -156.36879971,   16.82926334,
          1.03851805, -341.73933149])
1, array([   0.73047111,   10.53741328, -160.81784626,    4.29910941,
         -6.32045152, -353.17393597])
2, array([   2.8700216 ,    9.28096209, -163.11622878,    8.18131122,
         -7.40447492, -359.69670162])
3, array([   9.37164428,   10.4499842 , -163.62534696,   24.33619033,
         -2.90895289, -362.02430006])
4, array([  18.7387767 ,   13.63682402, -162.70660052,   48.62406828,
          6.47071382, -360.87340291])
5, array([  29.47485644,   18.43382597, -160.72138917,   76.90526662,
         20.03912447, -356.96068179])
6, array([  40.08332105,   24.43333448, -158.03111262,  105.0401069 ,
         37.10087833, -351.00280832])
7, array([  46.50336293,   31.52911105, -154.40563568,  128.69147537,
         58.21767878, -346.27465225])
8, array([  52.06845317,   39.11765555, -152.4577004 ,  133.82667306,
         82.7046306 , -338.56297494])
9, array([  52.86101399,   45.79876757, -149.59782676,  129.59126173,
        106.80787717, -328.5355438 ])
10, array([  45.71905942,   51.95555224, -147.23886059,  107.98206539,
        129.45072613, -315.33694607])
11, array([  34.46029079,   57.89474018, -147.81802546,   82.4202017 ,
        151.71250853, -307.55143035])
12, array([  21.41016106,   61.13038363, -150.25421945,   55.49063869,
        167.27304351, -307.99510271])
13, array([   6.8126083 ,   62.65330311, -153.91683397,   18.19037404,
        164.96952243, -309.20602338])
14, array([  -8.20387795,   60.76596996, -158.72867434,  -22.01166082,
        157.15835989, -309.31108181])
15, array([ -22.37926842,   56.3185612 , -164.76764186,  -54.83035068,
        141.20677121, -317.96808626])
16, array([ -37.73931721,   48.98733393, -170.53075895,  -92.84625717,
        110.71202653, -327.5488296 ])
17, array([ -46.91231196,   39.29073319, -176.64204599, -119.64075927,
         80.88452928, -334.46404013])
18, array([ -53.47023198,   28.48770125, -181.66725089, -130.49233827,
         44.60182499, -336.73307789])
19, array([ -56.04829753,   16.81690392, -185.78351483, -135.29985138,
          6.84368384, -337.71155978])
20, array([ -50.87885166,    4.97083385, -187.14166692, -129.74040586,
        -32.4354267 , -330.13161119])
21, array([ -41.96767342,   -6.14583113, -186.497282  , -104.44697086,
        -68.60120051, -320.83581607])
22, array([ -32.11011652,  -16.07289598, -182.90842184,  -74.94546437,
        -97.07930896, -309.61661331])
23, array([ -19.67784596,  -22.47636732, -178.56531769,  -35.86120875,
       -111.34315477, -301.08056454])
24, array([  -3.35376485,  -26.91020477, -173.78285841,    6.32339898,
       -125.37719354, -296.57612439])
25, array([  11.60960115,  -29.30009425, -169.85852301,   40.32439213,
       -136.50361288, -289.16877041])
26, array([  21.71903241,  -27.1257822 , -166.62330615,   72.43337858,
       -137.21298693, -289.77940218])
27, array([  32.52890443,  -23.22784983, -164.6608139 ,   98.21012435,
       -126.92597012, -296.8983042 ])
28, array([  38.68171336,  -18.54432878, -161.25128152,  113.1447563 ,
       -111.83459724, -306.96948612])
29, array([  43.94286287,  -11.25012154, -162.03446716,  118.74067496,
        -91.86093819, -317.59241762])
30, array([  45.67852177,   -4.10074228, -163.61096559,  119.39953049,
        -66.8834249 , -327.94025452])
31, array([  42.22607729,    2.76495657, -166.54205194,  110.40963506,
        -45.11038525, -340.27691994])
32, array([  38.78608565,    9.1427482 , -168.01805094,  100.60614775,
        -26.5698419 , -351.06838511])
33, array([  32.05156866,   14.76727653, -169.62530733,   87.19674252,
         -9.98005589, -360.84411455])
34, array([  23.92382206,   18.61762722, -170.00022297,   66.6180783 ,
          7.02169512, -368.5371422 ])
35, array([  15.69496611,   21.09303498, -169.86524896,   45.61771284,
         19.89463448, -373.83177318])
36, array([   8.2487106 ,   21.98903247, -169.19226652,   26.40560932,
         27.08812579, -376.18895651])
37, array([   2.46876534,   21.10115238, -167.95315685,   11.19173093,
         27.05153266, -375.06964122])
38, array([  -0.76115987,   18.22492737, -166.11980116,    2.18604088,
         18.23421869, -369.93477634])
39, array([  -0.55735523,   13.1558901 , -163.66408066,    1.59850236,
         -0.91445254, -360.24531089])
