0, array([  -6.46644619,   13.09861883, -159.92924627,  -17.09326373,
          0.96449282, -350.50487024])
1, array([  -3.12381338,   15.322761  , -171.35006763,   -9.06874063,
          8.45420851, -365.37009774])
2, array([   8.01430286,   18.81352055, -174.58148437,   16.81815771,
         17.87234849, -369.06131567])
3, array([  23.90776917,   24.23899181, -171.0417384 ,   54.71215267,
         34.15665821, -363.5107047 ])
4, array([  39.19431507,   31.391162  , -161.08205002,   92.82959693,
         57.8721735 , -346.93479655])
5, array([  45.77857318,   39.28181096, -151.95369831,  113.72027909,
         87.79248447, -326.55208188])
6, array([  43.27851371,   46.0938893 , -147.246805  ,  112.33813797,
        117.18210933, -311.14155161])
7, array([  34.84646883,   49.84575586, -148.51927469,   91.40996731,
        133.44466158, -309.66327262])
8, array([  24.45382387,   49.87294689, -154.07841432,   59.13134932,
        130.45641879, -321.80219431])
9, array([  13.62212347,   48.36607408, -160.99334398,   25.72014172,
        116.79062396, -339.43299209])
10, array([   3.40149682,   48.87675788, -164.48838502,    0.58762695,
        109.60521665, -348.777657  ])
11, array([  -8.18329074,   52.91094259, -163.11861262,  -21.71924673,
        120.58595342, -342.80823618])
12, array([ -21.08789779,   58.927707  , -157.84973854,  -47.83382765,
        145.29336992, -323.14016521])
13, array([ -34.57161587,   63.54812109, -152.22459248,  -77.38060416,
        167.57898047, -299.32665769])
14, array([ -45.17773065,   62.33939824, -152.46946458, -102.40396725,
        165.55580102, -286.60061092])
15, array([ -51.10345826,   56.29879153, -158.90766016, -117.4384917 ,
        141.53060023, -291.92853681])
16, array([ -47.96451725,   46.49278221, -169.39123303, -111.52696634,
        104.44876322, -314.83442776])
17, array([ -38.39095193,   34.5790618 , -179.15198345,  -88.38506978,
         64.23910191, -343.88137582])
18, array([ -31.72815568,   22.35846296, -184.97823158,  -72.33584944,
         27.80619331, -366.92477813])
19, array([ -33.5731688 ,   11.00081711, -186.25542187,  -78.50278127,
         -0.77624015, -373.37614446])
20, array([ -43.46865624,   -0.511458  , -184.2179162 , -104.0108758 ,
        -30.7566563 , -364.00217132])
21, array([ -53.98295574,  -12.23478122, -180.02148054, -134.79326244,
        -67.30117799, -345.46826229])
22, array([ -55.05152344,  -22.83228049, -175.97193578, -145.24136719,
       -105.79693437, -326.23364453])
23, array([ -43.2871947 ,  -28.64106329, -173.97087903, -122.11389831,
       -133.63627401, -317.89000717])
24, array([ -26.32332656,  -27.5383139 , -174.70541109,  -86.6449395 ,
       -136.74234375, -325.09615844])
25, array([  -9.29165701,  -21.37100296, -176.32664124,  -52.63364785,
       -114.76710482, -342.65025541])
26, array([   5.41323387,  -16.9477858 , -175.46876189,  -23.84323863,
        -94.66955683, -357.04050988])
27, array([  16.61744173,  -19.51648172, -168.99292168,   -1.04203186,
        -99.02503155, -352.47645376])
28, array([  27.3801044 ,  -26.99688303, -159.42757382,   26.77130489,
       -124.23503638, -330.09639264])
29, array([  38.07998715,  -32.33439844, -150.61493558,   60.69666166,
       -150.76206825, -301.05722138])
30, array([  47.17947838,  -30.54691227, -145.96020703,   94.70164451,
       -155.22922266, -280.68677036])
31, array([  53.1844485 ,  -21.4097048 , -146.80561983,  124.03290588,
       -131.65036365, -277.67309765])
32, array([  55.5649805 ,   -8.65462555, -150.88725417,  141.51322266,
        -92.28130598, -291.23444517])
33, array([  51.24844655,    3.65029796, -157.99191699,  136.1242285 ,
        -49.86742573, -316.21217781])
34, array([  39.68918533,   12.92767483, -167.11780984,  108.34455411,
        -15.33579804, -343.78563316])
35, array([  23.6282132 ,   17.96528746, -175.16394942,   67.78258957,
          5.1113546 , -365.96059384])
36, array([   6.66844544,   18.12354663, -178.92604778,   28.24579988,
         10.8502156 , -375.89966015])
37, array([-6.70814385e+00,  1.55941168e+01, -1.77054540e+02, -1.36916107e-01,
        6.30965179e+00, -3.73519605e+02])
38, array([ -13.20151972,   12.80637064, -170.37871423,  -13.67532709,
         -0.89349773, -364.33938488])
39, array([ -14.74025912,   10.98621292, -163.81615604,  -18.47233067,
         -5.60502154, -355.63102461])
