0, array([ -10.08149085,   12.55562754, -160.61816521,  -34.87046778,
          0.53973416, -346.80904247])
1, array([   2.18080498,   13.72622142, -168.23834102,   -1.32039178,
         -1.51876371, -359.70615227])
2, array([  13.51375502,   16.87801857, -171.70447349,   29.81864719,
          5.19569258, -363.77610114])
3, array([  23.49642392,   21.51511109, -171.89848127,   57.47385531,
         18.66836547, -361.07212921])
4, array([  31.70787637,   27.14159104, -169.70228301,   80.57243872,
         36.88451739, -353.64747661])
5, array([  37.72717703,   33.26155054, -165.99779736,   98.04160358,
         57.82941081, -343.55538348])
6, array([  41.13339056,   39.37908165, -161.66694297,  108.80855606,
         79.48830816, -332.84908996])
7, array([  43.97855052,   43.50420661, -158.19643772,  115.1643025 ,
         94.00898485, -328.9574453 ])
8, array([  37.31500006,   47.0111464 , -156.84398042,  102.68971898,
        108.78348468, -330.48936582])
9, array([  26.33725187,   50.77258391, -157.24607957,   78.44207113,
        121.11913509, -329.76319279])
10, array([  11.96426701,   53.28281448, -158.24385931,   44.80146569,
        130.47864141, -328.05616032])
11, array([  -3.84103255,   56.83136799, -160.58974181,   10.44983569,
        142.92055182, -326.52503925])
12, array([ -20.05724901,   58.32399381, -162.52246723,  -28.8606217 ,
        144.51987064, -327.96224348])
13, array([ -33.01966511,   59.90784697, -163.90703958,  -61.27866029,
        144.2270884 , -322.77837756])
14, array([ -41.79013857,   61.67177293, -165.28547511,  -84.54105948,
        138.98796301, -318.14745595])
15, array([ -47.38104663,   60.09976986, -167.85014957,  -97.49296162,
        124.21072004, -319.58758234])
16, array([ -49.02943873,   55.31584197, -171.73642721, -103.84983549,
        109.51814904, -322.040003  ])
17, array([ -49.03340087,   46.86498336, -174.48778043, -108.11652924,
         80.90344014, -325.72317819])
18, array([ -48.98944182,   35.56758925, -178.47937172, -105.83332499,
         45.42629536, -332.59070861])
19, array([ -44.88198341,   21.06975234, -180.77300472, -102.21472637,
         -1.10620887, -342.07902296])
20, array([ -45.9810055 ,    6.37123224, -181.03004869, -107.45272103,
        -43.04782874, -347.81059232])
21, array([ -48.02867638,   -5.7989336 , -179.89939431, -111.04106873,
        -77.56693141, -344.53893899])
22, array([ -46.24281421,  -16.51154839, -178.82412516, -116.95827816,
       -100.73221318, -342.25534444])
23, array([ -42.56892128,  -23.9534715 , -177.61232351, -112.65841757,
       -114.00072179, -339.87574494])
24, array([ -36.30684573,  -27.2686167 , -175.21745513, -105.44446936,
       -126.9792614 , -340.02575001])
25, array([ -27.87612861,  -30.74318419, -172.16867673,  -85.37617022,
       -134.39756983, -336.64935876])
26, array([ -16.21010761,  -29.28214975, -167.43897841,  -59.60346773,
       -136.25511516, -334.01571118])
27, array([  -0.40957168,  -31.14200478, -163.00504948,  -23.95004976,
       -144.85429694, -327.36031798])
28, array([  16.50328682,  -29.55879462, -159.09123492,   16.94529339,
       -142.94731488, -318.10099525])
29, array([  31.27821836,  -27.1028711 , -155.4090176 ,   58.31650398,
       -138.85826502, -309.6213284 ])
30, array([  42.98226054,  -22.19545633, -152.79058562,   92.46199107,
       -131.27342905, -305.94577833])
31, array([  51.6937314 ,  -17.0327832 , -152.24039003,  116.11243183,
       -123.44883   , -305.60053995])
32, array([  51.57171569,  -10.79684411, -152.9184591 ,  126.06897241,
       -104.65346149, -309.57265744])
33, array([  46.36280361,   -3.12803071, -155.58703513,  121.81549792,
        -80.608742  , -316.41488973])
34, array([  39.08441083,    5.72694114, -161.23091886,  109.37874047,
        -49.64085415, -333.50511406])
35, array([  29.7509038 ,   13.40504813, -166.38343552,   90.60519607,
        -21.56317042, -350.10735684])
36, array([ 1.91551029e+01,  1.88962762e+01, -1.69897854e+02,  6.71420637e+01,
       -2.71130595e-01, -3.63314634e+02])
37, array([   8.08982849,   21.19061114, -170.62744383,   40.63654241,
         10.33982555, -370.21996192])
38, array([  -2.65209905,   19.27803895, -167.42547361,   12.73583116,
          6.37425825, -367.91635632])
39, array([ -12.27785935,   12.1485455 , -159.14521254,  -14.91287104,
        -16.06327227, -353.49683336])
