0, array([  12.01587973,   23.97716369, -171.19476249,   25.9702755 ,
         25.26471829, -364.34407802])
1, array([  31.31664755,   26.02680569, -169.89652479,   83.32391631,
         29.57924682, -366.28727356])
2, array([  43.57658686,   29.57167303, -167.18329952,  120.40105685,
         41.42435418, -362.03290908])
3, array([  49.60091866,   34.18684601, -163.49722232,  139.53543047,
         58.76462311, -353.15901345])
4, array([  50.19486396,   39.44740491, -159.2804288 ,  143.06077054,
         79.56463634, -341.24361556])
5, array([  46.16364377,   44.92843003, -154.97505459,  133.31081038,
        101.78897662, -327.86474431])
6, array([  38.31247909,   50.20500166, -151.0232353 ,  112.61928336,
        123.40222668, -314.60042857])
7, array([  26.86688318,   54.28459771, -148.75150606,   83.88591796,
        136.43839661, -307.96251387])
8, array([  13.23918331,   57.85719681, -147.34296171,   47.18170355,
        147.64964805, -297.51740405])
9, array([  -1.66759114,   59.82687655, -146.57352021,    2.9605711 ,
        160.4359751 , -295.89743336])
10, array([ -15.42308795,   58.63677734, -149.4776746 ,  -43.28272744,
        163.2951434 , -299.04343755])
11, array([ -30.75119887,   57.42006537, -153.69479067,  -73.98329151,
        157.02750088, -306.01458679])
12, array([ -41.62064492,   54.60973002, -159.23215181,  -96.55449074,
        147.78136563, -315.85240071])
13, array([ -42.14656534,   48.50154435, -165.46827476, -107.45829842,
        129.31661547, -331.13045305])
14, array([ -41.76248813,   43.43077202, -171.4849111 , -110.79065748,
        106.39924166, -345.33490495])
15, array([ -39.90111763,   36.54008159, -176.79107145,  -91.93807038,
         82.84931556, -359.35010892])
16, array([ -29.9442541 ,   28.40598157, -178.42961708,  -62.54971652,
         52.22442269, -366.64072466])
17, array([ -14.86771983,   20.48644268, -179.2779936 ,  -17.55585557,
         20.03535864, -369.66019583])
18, array([   1.5261689 ,   11.13735149, -178.43663382,   22.30461615,
        -12.13376389, -366.61001786])
19, array([  15.0538452 ,    2.3926461 , -176.26944839,   59.06020898,
        -47.98674017, -358.38083239])
20, array([  24.8446028 ,   -6.36385154, -173.05518643,   85.8632401 ,
        -76.61922911, -341.09114127])
21, array([  31.21722219,  -14.68601998, -168.48484952,   92.52039775,
        -97.5311244 , -327.9154638 ])
22, array([  34.06827257,  -21.74025935, -163.56592413,   86.17889702,
       -121.31505766, -311.2815794 ])
23, array([  29.08164524,  -26.08665893, -160.72883477,   72.94305546,
       -138.84881143, -294.90668491])
24, array([  21.2197718 ,  -29.62179503, -159.83824028,   38.92409107,
       -148.50306076, -282.61650634])
25, array([  12.011038  ,  -32.10486237, -160.74100949,   -5.45897377,
       -153.78693246, -278.15659683])
26, array([  -3.94969273,  -30.72826692, -163.26447592,  -51.01528739,
       -152.3591102 , -280.39077862])
27, array([ -18.65540446,  -27.69644621, -166.8801775 ,  -85.88167256,
       -141.35816689, -289.01399886])
28, array([ -27.94633936,  -23.40975762, -170.02480265, -113.43163106,
       -131.67806853, -300.99925441])
29, array([ -35.51772342,  -17.61802359, -176.04810576, -130.56891423,
       -115.85352607, -315.90244105])
30, array([ -40.0877354 ,  -11.49321282, -181.55757375, -138.73869487,
        -98.11312418, -331.77665872])
31, array([ -40.97641446,   -5.6076382 , -185.67310573, -136.86318943,
        -79.68235754, -347.33231422])
32, array([ -37.50379976,   -0.53361262, -187.51460085, -123.86461436,
        -61.78672084, -361.27981439])
33, array([ -28.98993047,    3.15655103, -186.20195821,  -98.6651861 ,
        -45.65170878, -372.32956603])
34, array([ -14.75484573,    4.89053986, -180.85507697,  -60.18712109,
        -32.50281605, -379.19197598])
