0, array([   1.84293473,    9.00697396, -149.15643   ,   33.60699149,
         -3.79140614, -341.88158572])
1, array([   8.35875982,    8.65866912, -152.45718615,   43.60348978,
        -10.35291004, -351.72863875])
2, array([  15.89200638,    9.42183033, -154.93158534,   56.64987976,
        -11.60773505, -359.41662043])
3, array([  24.5911618 ,   11.35523946, -156.58066473,   73.05136274,
         -7.3592627 , -364.9649239 ])
4, array([  34.2343887 ,   15.28059829, -156.82179744,   92.11512207,
          4.14412249, -366.63116535])
5, array([  43.06770864,   20.26819512, -156.13716904,  110.08536021,
         19.5946145 , -365.64638217])
6, array([  51.09472522,   26.31330364, -154.53089863,  126.96694263,
         38.9746511 , -362.02236986])
7, array([  55.07141944,   33.68834758, -152.12705152,  134.10182089,
         64.37984318, -353.67058648])
8, array([  55.5649805 ,   41.36514837, -149.67640221,  133.02028257,
         91.29033646, -342.44958179])
9, array([  52.5505726 ,   49.11681046, -147.25417457,  123.73085938,
        118.90777791, -328.68146515])
10, array([  42.0734328 ,   55.29848158, -145.97261673,   97.83717873,
        141.29627139, -311.14069264])
11, array([  29.08122201,   60.03732754, -145.96020703,   66.41013832,
        157.53835991, -295.8204253 ])
12, array([  13.55140875,   63.32042272, -147.22831526,   29.40016716,
        167.57898047, -282.74055562])
13, array([  -2.37253373,   63.54812109, -151.18408802,   -9.93908776,
        162.98425238, -278.36250666])
14, array([ -17.28743851,   61.71499274, -156.11579937,  -47.30831145,
        151.49809242, -277.67309765])
15, array([ -31.43008522,   57.87166468, -162.04900869,  -83.27663082,
        133.24273094, -280.5042002 ])
16, array([ -41.70427401,   49.85920811, -168.55798826, -111.27643428,
        103.24977349, -288.8054271 ])
17, array([ -49.57685678,   40.54539041, -174.48527388, -131.94380719,
         69.55260537, -297.29044852])
18, array([ -55.05152344,   29.74523755, -179.88461913, -145.24136719,
         31.52742183, -306.06773623])
19, array([ -54.83457705,   17.71747575, -183.03087247, -142.24244058,
         -8.32395918, -311.36301634])
20, array([ -51.77555223,    5.61747094, -185.15447339, -132.53231033,
        -46.79255899, -313.98175478])
21, array([ -45.87444902,   -6.55477687, -186.25542187, -116.11097647,
        -83.87837762, -313.92395153])
22, array([ -35.00031817,  -16.4809013 , -185.24536924,  -86.75819674,
       -113.22334234, -306.79332654])
23, array([ -22.43113318,  -24.51377307, -183.45657133,  -52.7305887 ,
       -136.05884451, -298.44349529])
24, array([  -8.07199411,  -30.83873512, -180.90048355,  -13.77147233,
       -152.95730041, -288.8378877 ])
25, array([   7.32555441,  -32.33439844, -177.75519091,   28.50942392,
       -155.22922266, -284.6685143 ])
26, array([  21.99089978,  -31.28837672, -174.75160617,   67.45906583,
       -150.76752459, -284.85281732])
27, array([  36.08553638,  -27.59392222, -171.86459616,  103.452468  ,
       -139.25600982, -289.57492883])
28, array([  45.45939489,  -20.97832697, -171.15849047,  124.72207815,
       -118.70958894, -302.97397296])
29, array([  51.37822565,  -13.69021652, -170.66757352,  137.38351899,
        -95.98215584, -318.34709145])
30, array([  53.87270594,   -5.73556215, -170.38993468,  141.51322266,
        -71.09307579, -335.67675641])
31, array([  49.58683482,    1.44711798, -170.11229583,  132.37480463,
        -48.47183159, -351.56456223])
32, array([  43.16758869,    7.95820391, -169.53158669,  118.78989911,
        -28.1462392 , -364.56733219])
33, array([  34.81601432,   13.60491668, -168.66175595,  101.1847047 ,
        -10.71648924, -374.29624832])
34, array([  25.88008105,   16.22757092, -166.81147079,   83.32274413,
         -2.28437001, -375.89966015])
35, array([  17.44185101,   17.53019574, -164.63527997,   66.9430088 ,
          1.94476198, -374.10843402])
36, array([   9.50354857,   17.50689155, -162.13172693,   52.05212319,
          1.95212241, -368.90739831])
37, array([   4.38027784,   15.39773189, -159.39513155,   42.79023804,
         -1.36581099, -361.55559765])
38, array([   0.74203025,   13.18955017, -156.77167618,   36.61033493,
         -4.525984  , -354.84140623])
39, array([  -1.52501924,   10.86565571, -154.22201013,   33.29668466,
         -7.55995707, -348.66148511])
