0, array([  11.21549211,   14.52908638, -152.41460689,   27.99611659,
         -3.04983512, -335.1706015 ])
1, array([  19.17264517,   13.65712026, -152.68409554,   52.42092876,
         -1.14309017, -342.15717763])
2, array([  26.93791857,   13.91724789, -152.51688888,   73.60794067,
          3.59497516, -346.81403005])
3, array([  34.72638066,   15.62717965, -151.78813033,   91.40369619,
         12.09969564, -348.66613944])
4, array([  42.32318027,   19.45338017, -150.76468246,  107.5448178 ,
         26.31356786, -349.03267291])
5, array([  48.90694889,   24.12534245, -149.56093527,  120.632244  ,
         42.57249057, -348.73598599])
6, array([  53.70435664,   30.21290159, -148.00100387,  128.3215895 ,
         62.32062647, -347.43910106])
7, array([  55.5649805 ,   36.92663796, -146.80252398,  126.18765373,
         84.21647526, -343.75209777])
8, array([  55.24433763,   43.94309956, -145.96020703,  117.82401843,
        107.10908088, -338.26171145])
9, array([  49.66207485,   50.84192913, -146.20168914,   96.88639331,
        129.52079439, -328.79703765])
10, array([  40.67233306,   56.65594653, -147.46312175,   69.73474717,
        147.84670352, -316.32927237])
11, array([  29.27379293,   61.72048945, -149.4309372 ,   38.14064834,
        163.3446278 , -302.17534512])
12, array([  14.61080198,   63.54812109, -152.60039009,    2.98980371,
        167.57898047, -291.50768466])
13, array([-2.49431328e-01,  6.33079147e+01, -1.56322797e+02, -3.11946088e+01,
        1.64279076e+02, -2.85550461e+02])
14, array([ -15.72472498,   61.15193575, -160.66408519,  -65.48297943,
        153.92832193, -283.76775492])
15, array([ -28.86768316,   55.12127306, -166.06993612,  -95.05584127,
        131.30437337, -288.50024908])
16, array([ -40.0792474 ,   47.79276919, -171.35103822, -119.9144805 ,
        104.56327633, -294.94714249])
17, array([ -48.9619072 ,   38.47831372, -176.57955746, -138.93354098,
         71.3886924 , -303.80896222])
18, array([ -53.39334842,   27.16385745, -180.90539309, -145.24136719,
         30.8556656 , -310.02154583])
19, array([ -55.05152344,   15.24253122, -184.33542271, -144.13931298,
        -10.8275266 , -314.41259717])
20, array([ -51.80973096,    2.07782467, -186.08185595, -130.039246  ,
        -54.1835935 , -315.63191388])
21, array([ -43.32698826,   -9.69660704, -186.25542187, -103.93944586,
        -91.01490821, -312.14513278])
22, array([ -31.90092472,  -20.52489215, -185.44597212,  -70.98200873,
       -123.7047402 , -306.07276411])
23, array([ -16.59105894,  -27.86168651, -182.63227414,  -29.24945652,
       -143.67874254, -296.35497316])
24, array([  -0.98223829,  -31.41362784, -179.16923894,   12.79205852,
       -153.14041859, -286.84415648])
25, array([  15.13311689,  -32.33439844, -175.21368513,   55.80740955,
       -155.22922266, -277.67309765])
26, array([  29.12920362,  -28.43716844, -171.93642772,   91.66042873,
       -142.60333998, -279.27617253])
27, array([  40.55540577,  -22.80885915, -169.54201658,  119.63688164,
       -124.92989452, -287.41406845])
28, array([  49.55824186,  -15.12755269, -168.02844112,  139.96348287,
       -101.23038213, -302.88823186])
29, array([  52.52761837,   -5.99019456, -167.08887098,  141.51322266,
        -72.68893212, -322.19340259])
30, array([  52.63392888,    2.8076327 , -166.45445908,  135.93267997,
        -45.41289353, -341.0328306 ])
31, array([  48.57241539,   11.15068529, -166.24855243,  120.29688122,
        -19.97487838, -359.25453916])
32, array([  41.4759247 ,   16.93422723, -165.65483272,  100.26296233,
         -2.33566067, -369.61727699])
33, array([  33.61309766,   21.30404062, -164.78611107,   79.81759294,
         11.59076118, -375.89966015])
34, array([  25.18517901,   23.46153502, -163.29301845,   60.19568073,
         20.69847818, -375.7635757 ])
35, array([  17.97427479,   23.86957535, -161.55069017,   45.18654567,
         23.43090294, -370.94591299])
36, array([  11.58615632,   23.29534227, -159.55501996,   32.92933842,
         22.81093123, -363.58133913])
37, array([   8.26202082,   21.46720548, -156.83403387,   27.50241563,
         19.10908829, -354.45279387])
38, array([   6.04657059,   19.98653659, -154.49382492,   24.02457413,
         15.54054747, -346.58429155])
39, array([   4.64228841,   18.73881681, -152.38948068,   21.98405619,
         11.98019262, -339.4929306 ])
