0, array([  28.79544789,   22.48026639, -169.45625463,   72.20630704,
         17.97684894, -369.58984739])
1, array([  38.25133802,   27.32940368, -166.09495224,   97.66039635,
         34.42012115, -362.72299733])
2, array([  46.41970655,   32.6271735 , -162.4101681 ,  119.48047643,
         52.70573462, -354.59500266])
3, array([  53.31508592,   38.6355288 , -158.21745388,  137.66707266,
         73.79564544, -344.69127773])
4, array([  55.35246078,   44.79231186, -154.08736647,  141.51322266,
         96.37282503, -333.56912289])
5, array([  53.61795988,   50.79029444, -150.25971173,  135.70819939,
        118.44198753, -322.2772173 ])
6, array([  45.97555736,   56.30119988, -147.07830547,  115.1598912 ,
        138.6922756 , -311.22043402])
7, array([  32.13759178,   60.06793861, -145.96020703,   78.88679815,
        153.01410644, -301.99768923])
8, array([  15.7414538 ,   62.78921038, -146.08530967,   36.37766866,
        163.73367991, -294.42709857])
9, array([  -3.20945626,   63.54812109, -148.38668353,  -11.87256058,
        167.57898047, -290.65512868])
10, array([ -21.08192226,   62.02348732, -152.44452291,  -57.27911191,
        163.38733677, -292.87745056])
11, array([ -37.76738523,   59.16395855, -157.4510681 ,  -99.61261589,
        154.58998862, -298.66350937])
12, array([ -49.15213308,   54.31256273, -163.34930788, -128.39589549,
        139.06329196, -310.12334009])
13, array([ -54.43131636,   48.14408304, -169.28365556, -141.72790417,
        120.21794213, -323.98653965])
14, array([ -55.05152344,   41.15005127, -174.95956743, -143.30195558,
         99.23908262, -339.0550031 ])
15, array([ -46.24290688,   33.30888466, -178.42420443, -121.31480958,
         75.41036561, -353.03861385])
16, array([ -32.63230208,   24.92484048, -180.25417322,  -86.90432141,
         49.9522295 , -363.99069902])
17, array([ -15.07737323,   16.18489578, -180.64857188,  -42.30109409,
         23.41769336, -372.16360474])
18, array([   6.36795592,    7.69169292, -178.02334686,    9.48651476,
         -3.94905661, -371.65190501])
19, array([  26.12993014,   -0.72153222, -174.36224142,   57.03565387,
        -31.60284464, -366.80175109])
20, array([  43.24525576,   -8.76790572, -169.58286277,   97.99213105,
        -58.70716882, -356.92989877])
21, array([  52.00610572,  -15.98669444, -164.60413976,  116.48574086,
        -84.11703652, -339.68829391])
22, array([  55.5649805 ,  -22.40389172, -160.24327939,  121.54691966,
       -107.56361044, -321.27656633])
23, array([  51.79787041,  -27.53800062, -157.01657336,  107.9025832 ,
       -127.71413896, -302.44622969])
24, array([  40.21040622,  -30.62290884, -156.38547513,   73.49705349,
       -142.13096804, -288.98807461])
25, array([  25.93195855,  -32.33439844, -157.19291034,   31.93334651,
       -152.31232572, -279.67726159])
26, array([   8.29509778,  -31.70559384, -160.3402822 ,  -18.8215032 ,
       -155.22922266, -277.67309765])
27, array([  -8.41939343,  -29.04062378, -165.22701937,  -66.20949806,
       -150.3202165 , -283.19830043])
28, array([ -23.36875996,  -25.30879129, -170.67114933, -108.29075582,
       -141.25926827, -292.63604586])
29, array([ -33.05373718,  -19.86406267, -176.14420534, -135.32353755,
       -125.8189888 , -307.89523078])
30, array([ -37.01012976,  -14.17060361, -180.59743289, -145.24136719,
       -108.00604414, -324.20899821])
31, array([ -37.04817144,   -8.46909279, -184.22713356, -143.67858999,
        -89.19429048, -340.64972594])
32, array([ -30.05816913,   -3.15971449, -185.92885367, -123.13698064,
        -70.67869468, -355.08274212])
33, array([ -21.61517542,    1.24588023, -186.25542187,  -98.19348056,
        -54.20338429, -366.56623018])
34, array([ -11.72672332,    5.01695975, -185.44183758,  -68.8883047 ,
        -38.98159156, -375.89966015])
