0, array([  -7.85071659,   14.81331135, -156.79755927,  -10.23660358,
         -3.42178447, -347.34181647])
1, array([  -6.75926326,   15.06779209, -168.92000508,   -9.33531009,
         -1.17068046, -362.50019552])
2, array([   3.5059062 ,   16.53169449, -173.30995933,   13.54507836,
          4.33321328, -368.63255546])
3, array([  18.63994102,   19.17301408, -173.19644967,   48.7888559 ,
         12.38736169, -368.81331558])
4, array([  35.64936544,   23.82417447, -166.88423145,   90.01508786,
         25.4221403 , -358.96381764])
5, array([  49.61704994,   30.04594145, -156.86496766,  124.73772119,
         45.53277922, -341.10344821])
6, array([  55.5649805 ,   36.98501019, -148.65917186,  141.51322266,
         72.25480451, -322.7579384 ])
7, array([  53.02451505,   43.20330381, -145.96020703,  137.80796535,
        100.40755848, -311.50894654])
8, array([  43.89512326,   47.26627906, -148.70394534,  114.88744191,
        118.36067646, -313.01070783])
9, array([  31.37999855,   48.92359338, -155.00404167,   80.38667939,
        122.32495959, -324.9033653 ])
10, array([  17.71838383,   49.07375178, -161.70822433,   44.48794963,
        116.90426209, -340.19263937])
11, array([   5.52867447,   50.27815958, -165.45598502,   15.31219291,
        114.05965715, -348.73189997])
12, array([  -6.29139602,   54.06335457, -165.16007093,  -11.99589432,
        123.52717848, -345.03915849])
13, array([ -19.06244901,   59.7413476 , -161.47028674,  -42.1663104 ,
        143.85705322, -328.35754993])
14, array([ -32.19108788,   63.54812109, -158.14758174,  -73.1912659 ,
        163.28085207, -303.77767511])
15, array([ -42.97732867,   63.07643355, -157.8527011 , -100.15591137,
        167.57898047, -283.86447746])
16, array([ -49.44174671,   57.36961224, -162.50194209, -117.21636894,
        150.89923972, -281.61222667])
17, array([ -47.8583189 ,   47.84160981, -170.13694283, -112.38773376,
        118.56508557, -299.64342442])
18, array([ -40.36927169,   36.21293487, -177.93355384,  -90.35558713,
         78.19578905, -328.75441862])
19, array([ -32.22129353,   24.20779945, -183.74007508,  -69.50043202,
         37.52039579, -358.47396038])
20, array([ -29.49517522,   12.78141705, -186.25542187,  -67.73947022,
          3.44728392, -375.89966015])
21, array([ -34.64041289,    1.92433842, -185.5290875 ,  -86.74721109,
        -25.35402566, -373.41154407])
22, array([ -44.9475134 ,   -8.80391365, -182.22287434, -117.06554292,
        -55.76820322, -356.99199144])
23, array([ -54.55160242,  -19.81244983, -176.88789158, -143.67481471,
        -90.86299651, -335.47439969])
24, array([ -55.05152344,  -28.17756296, -171.64556833, -145.24136719,
       -124.17521487, -316.55643827])
25, array([ -47.15439355,  -31.50180885, -169.91747085, -125.138631  ,
       -146.50506849, -308.73979473])
26, array([ -33.11918468,  -29.05526289, -171.52040136,  -95.21266279,
       -147.14156262, -315.66589621])
27, array([ -16.98360742,  -23.49370465, -173.80700012,  -62.43021035,
       -131.61036063, -330.69801438])
28, array([  -1.88121196,  -20.18380154, -173.60246317,  -30.58264408,
       -120.79718008, -339.97468615])
29, array([  11.15642984,  -21.90404409, -168.34770366,    0.52530694,
       -124.47664053, -334.24039693])
30, array([  23.39635986,  -28.07752256, -158.65118135,   36.43654201,
       -140.89481057, -314.0586303 ])
31, array([  35.56163708,  -32.33439844, -150.00539261,   78.38560147,
       -155.22922266, -290.63008226])
32, array([  45.61376402,  -30.05211951, -146.22488551,  117.24864137,
       -150.18438   , -277.67309765])
33, array([  51.53321085,  -20.41494687, -147.89381834,  140.16880324,
       -118.03527287, -285.78163148])
34, array([  49.90477991,   -7.75128895, -155.1501852 ,  139.28642268,
        -74.07961221, -310.4094222 ])
35, array([  40.31445778,    3.11444661, -163.88711378,  114.9159253 ,
        -34.48543499, -337.95059552])
36, array([  25.24164085,   10.01495773, -169.28926536,   75.31135618,
         -8.91270124, -357.32896144])
37, array([   9.46443491,   13.09226495, -169.91422858,   32.51007346,
          1.57832107, -364.97099123])
38, array([  -3.18176615,   13.86933491, -167.19642891,    1.38574292,
          1.62644069, -361.99078747])
39, array([  -9.41290523,   13.85558375, -162.46280761,  -13.60454504,
         -1.73967639, -354.48117391])
