0, array([  -3.44587228,   18.11568223, -145.96020703,  -13.56600869,
         -1.96249803, -343.67852605])
1, array([  -1.77174129,   17.02829491, -155.25781172,  -12.08064505,
         -1.5384306 , -352.26739978])
2, array([   6.30008162,   17.62868289, -161.86709284,    5.68810538,
          3.87754433, -358.21733171])
3, array([  19.3702909 ,   20.27323819, -165.25705234,   36.58660706,
         14.30103698, -359.53269362])
4, array([  35.54644074,   25.81173051, -162.32549238,   76.88664649,
         34.43215141, -350.76504214])
5, array([  47.73925937,   34.41316365, -154.71144015,  107.06100279,
         65.19883425, -335.18808368])
6, array([  51.78500807,   42.04369908, -148.64285924,  114.30990509,
         95.65357992, -321.96715034])
7, array([  46.61339518,   45.56245309, -149.13620789,   96.62764969,
        114.55156287, -319.15503365])
8, array([  33.78808265,   47.00361331, -155.12293123,   62.13120392,
        120.39725185, -326.94604534])
9, array([  17.31711777,   48.20500832, -162.18973527,   23.31495463,
        122.08768197, -337.1692771 ])
10, array([   1.25179609,   50.92583856, -166.4516216 ,  -12.77565764,
        125.4535614 , -340.89322797])
11, array([ -14.44246498,   56.53543477, -165.38533359,  -46.65640756,
        138.99567173, -328.93648708])
12, array([ -29.96560251,   62.37886557, -162.55355928,  -80.7878211 ,
        158.2477889 , -306.89428838])
13, array([ -41.33742246,   63.54812109, -161.52354651, -107.72672194,
        167.57898047, -288.76308756])
14, array([ -44.33092253,   57.83423948, -165.32081205, -116.86965379,
        150.286874  , -291.52539829])
15, array([ -40.66825461,   47.5555232 , -172.40006553, -106.9510876 ,
        114.56186171, -311.31900978])
16, array([ -33.62273372,   34.59666273, -179.7043615 ,  -87.4924908 ,
         69.56211695, -339.5920387 ])
17, array([ -29.4293305 ,   21.66060315, -184.77690656,  -77.61951542,
         25.42507055, -365.11709307])
18, array([ -32.38852198,   10.18696051, -186.25542187,  -85.21916236,
        -10.82009337, -375.89966015])
19, array([-4.14103983e+01, -2.09653044e-01, -1.83719157e+02, -1.06870144e+02,
       -4.13078892e+01, -3.68354476e+02])
20, array([ -51.48318166,  -11.22986861, -177.61429318, -132.34269865,
        -73.76665253, -350.41151547])
21, array([ -55.05152344,  -22.04442079, -170.68224525, -145.24136719,
       -108.58885691, -331.06949725])
22, array([ -49.71165354,  -30.09448152, -166.12682873, -137.62091916,
       -139.01009868, -316.97115739])
23, array([ -38.11592258,  -32.33439844, -165.69712019, -116.33036977,
       -155.22922266, -313.51003424])
24, array([ -23.00918641,  -27.35538991, -169.24777468,  -87.73487138,
       -145.39254027, -324.32730303])
25, array([  -6.81138112,  -19.41883252, -173.939424  ,  -56.25198106,
       -121.21717009, -341.30528546])
26, array([   7.55096199,  -13.82496119, -175.2489858 ,  -26.91782668,
       -103.25623364, -352.57158112])
27, array([  19.26072924,  -15.61245984, -169.72071913,    1.67282409,
       -106.40417726, -347.36040562])
28, array([  30.60747876,  -22.22973822, -160.68243979,   34.18573429,
       -125.68407794, -327.92028272])
29, array([  41.3573696 ,  -28.36390792, -151.58500329,   69.61777135,
       -147.781498  , -303.0822562 ])
30, array([  49.19010918,  -28.16584288, -146.55952098,  102.02887621,
       -154.49653833, -283.66407709])
31, array([  54.14271636,  -21.14782185, -146.07984595,  128.27355988,
       -137.1707496 , -277.67309765])
32, array([  55.5649805 ,  -10.72912635, -149.79122745,  141.51322266,
       -103.96915797, -287.2832769 ])
33, array([ 5.16641452e+01, -1.46555588e-01, -1.56083015e+02,  1.35170350e+02,
       -6.66926653e+01, -3.08190562e+02])
34, array([  42.95338919,    8.16737603, -162.76562964,  111.75878758,
        -33.79798003, -331.97074545])
35, array([  31.56307383,   13.53091453, -167.94479804,   77.64501929,
        -10.26610524, -351.74569065])
36, array([  19.54703897,   16.28956992, -168.7915117 ,   39.75634156,
          2.13370626, -363.15991271])
37, array([   9.09727997,   16.9056865 , -165.16037813,    9.45804663,
          4.54940827, -363.45309689])
38, array([   2.32497911,   16.78144519, -157.92273068,   -8.51237877,
          2.70056385, -357.12969064])
39, array([-1.17176449e+00,  1.64996477e+01, -1.50892923e+02, -1.67601129e+01,
       -2.41930867e-01, -3.50091783e+02])
