0, array([  32.83105002,   20.21060038, -174.9708882 ,   37.96222791,
         17.16185239, -375.1155632 ])
1, array([  39.15817414,   24.85574475, -170.39916093,   79.96365297,
         28.50280479, -367.91997507])
2, array([  43.44598855,   30.31304741, -165.62306406,  108.59088589,
         43.82882127, -358.98059952])
3, array([  45.53692479,   36.2495166 , -160.91425066,  124.85843723,
         61.95223051, -348.98808091])
4, array([  45.27341441,   42.33216057, -156.54437377,  129.78081759,
         81.68536119, -338.6330636 ])
5, array([  42.49788894,   48.22798756, -152.78508644,  124.37253754,
        101.84054198, -328.60619195])
6, array([  37.05277994,   53.60400582, -149.90804171,  109.64810765,
        121.23010156, -319.59811031])
7, array([  25.93857208,   56.77347811, -149.10685292,   85.02155877,
        139.50534438, -312.33191938])
8, array([  13.31266821,   60.86104038, -149.12505424,   46.45552082,
        156.10428039, -308.31324148])
9, array([  -1.8925912 ,   63.95926499, -150.42593385,   12.59857213,
        160.39662191, -307.04570953])
10, array([ -17.90721146,   64.58228643, -154.13911702,  -26.23460322,
        161.95440543, -310.49944451])
11, array([ -33.3256793 ,   62.98255808, -157.66228795,  -70.11599891,
        162.29729148, -315.53650201])
12, array([ -45.83623578,   59.75806869, -162.32064619,  -91.87701355,
        150.22680241, -324.68476998])
13, array([ -55.62915578,   54.7780062 , -167.54710738,  -98.07702699,
        129.20061701, -334.70630506])
14, array([ -54.38202935,   47.89383662, -171.50477109,  -92.43469291,
        104.82698353, -341.52964452])
15, array([ -50.6839218 ,   40.02050334, -174.55935163,  -83.92126394,
         83.36908787, -349.6064973 ])
16, array([ -37.86635493,   31.00988215, -177.95652459,  -58.03033781,
         54.8565391 , -357.08357017])
17, array([ -19.01331533,   20.8591693 , -180.53565065,  -27.91276242,
         25.9367605 , -359.02855563])
18, array([  -3.14110186,   10.02326496, -178.78615971,   14.36385411,
         -3.45558365, -360.663544  ])
19, array([  15.28175976,   -0.77019955, -177.24481651,   48.09421154,
        -29.43793971, -353.76668421])
20, array([  27.50147612,   -7.99833041, -171.63616629,   73.2495025 ,
        -53.74180768, -342.61580898])
21, array([  35.26598015,  -15.05658852, -166.93471108,   92.49462105,
        -81.85575197, -328.38779823])
22, array([  38.88436012,  -22.03944808, -163.1124892 ,   84.05444714,
       -101.36116365, -313.30856707])
23, array([  37.69611125,  -27.54889142, -160.42238043,   61.89967663,
       -119.86825679, -299.65466229])
24, array([  30.62073832,  -31.08256027, -159.93684376,   39.80125572,
       -139.28762995, -289.47110649])
25, array([  16.23079489,  -32.8234501 , -160.48437502,    2.67894778,
       -148.50931838, -283.17075272])
26, array([   4.21041313,  -31.87756258, -161.72611152,  -41.34053275,
       -151.46841198, -284.25272762])
27, array([  -9.04337023,  -28.52812558, -165.36872968,  -84.51753047,
       -143.23510018, -291.12305636])
28, array([ -19.85164202,  -23.10247152, -170.95238179, -115.44853065,
       -134.45532604, -300.74010143])
29, array([ -30.14075296,  -16.94865206, -176.13739306, -136.13759507,
       -116.01019637, -316.83524288])
30, array([ -37.47152977,  -10.46354846, -180.83402757, -146.24852975,
        -95.02335462, -333.60695742])
31, array([ -40.64829718,   -4.19203882, -184.49849892, -143.85165584,
        -73.37217805, -349.14873569])
32, array([ -38.47537994,    1.32099879, -186.58702069, -127.0172945 ,
        -52.93404391, -361.55406832])
33, array([ -29.75710279,    5.53068625, -186.55580647,  -93.81576689,
        -35.58632944, -368.91644597])
34, array([ -13.29779045,    7.89214548, -183.86106985,  -42.31739416,
        -23.20641191, -369.32935928])
