[0.1134501832276946,0.1645048651966729,0.2594495446050331,-0.11104997400968376,0.04792043857624734,-0.4893480654990858] [0.16884577594434505,0.21484006835630554,0.37559376814579526,-0.05174465572726045,0.09331983102631491,-0.46113275316949043]
[0.16884577594434505,0.21484006835630554,0.37559376814579526,-0.05174465572726045,0.09331983102631491,-0.46113275316949043] [0.21897578369624257,0.2714439267718314,0.5026425361031768,0.0022463930231663726,0.14422219627191768,-0.42940239469339136]
[0.21897578369624257,0.2714439267718314,0.5026425361031768,0.0022463930231663726,0.14422219627191768,-0.42940239469339136] [0.24955314963645198,0.34935421340820505,0.6662700994796316,0.03644643329150177,0.2138079760079854,-0.38572464612105417]
[0.24955314963645198,0.34935421340820505,0.6662700994796316,0.03644643329150177,0.2138079760079854,-0.38572464612105417] [0.2639913023814193,0.4341232551463805,0.8434989567609907,0.05255544086629368,0.28900587074743317,-0.3368849420949651]
[0.2639913023814193,0.4341232551463805,0.8434989567609907,0.05255544086629368,0.28900587074743317,-0.3368849420949651] [0.2550893446723408,0.5266163231578569,1.0358246115756398,0.042503484308221526,0.3703829593879624,-0.28187090268989135]
[0.2550893446723408,0.5266163231578569,1.0358246115756398,0.042503484308221526,0.3703829593879624,-0.28187090268989135] [0.21422303088563877,0.6122873274270956,1.2084714041941558,-0.0011256056622105555,0.44300908583914994,-0.23193807235186625]
[0.21422303088563877,0.6122873274270956,1.2084714041941558,-0.0011256056622105555,0.44300908583914994,-0.23193807235186625] [0.15485340676913098,0.694009221661929,1.3697266298034698,-0.06419159965191408,0.5105695145040223,-0.18494661787640254]
[0.15485340676913098,0.694009221661929,1.3697266298034698,-0.06419159965191408,0.5105695145040223,-0.18494661787640254] [0.06054056041793217,0.7334371069379012,1.4359698031082626,-0.15482776353544744,0.5444568423783844,-0.16337660864392056]
[0.06054056041793217,0.7334371069379012,1.4359698031082626,-0.15482776353544744,0.5444568423783844,-0.16337660864392056] [-0.041381047646225216,0.7626147100475552,1.480874443701067,-0.2516137374740613,0.5705357696744474,-0.14763538589676362]
[-0.041381047646225216,0.7626147100475552,1.480874443701067,-0.2516137374740613,0.5705357696744474,-0.14763538589676362] [-0.1319851662272667,0.7262784946760984,1.419352572931957,-0.33598001447996706,0.55019349548089,-0.16412909328879355]
[-0.1319851662272667,0.7262784946760984,1.419352572931957,-0.33598001447996706,0.55019349548089,-0.16412909328879355] [-0.21318726211769662,0.6781260005339788,1.3298399438438127,-0.4106726877208868,0.5206337956731463,-0.1892828408812539]
[-0.21318726211769662,0.6781260005339788,1.3298399438438127,-0.4106726877208868,0.5206337956731463,-0.1892828408812539] [-0.2685416564612501,0.5974886253596553,1.1633761186319553,-0.45877103951087816,0.4657338785453804,-0.23824445592301036]
[-0.2685416564612501,0.5974886253596553,1.1633761186319553,-0.45877103951087816,0.4657338785453804,-0.23824445592301036] [-0.2974473007919943,0.5020791775808272,0.9840263678316195,-0.48029216474632136,0.39926076469034466,-0.29414813350513036]
[-0.2974473007919943,0.5020791775808272,0.9840263678316195,-0.48029216474632136,0.39926076469034466,-0.29414813350513036] [-0.2981223157973546,0.3868498261395239,0.7838953619039684,-0.47317215651535294,0.3175603657405109,-0.3597681097717338]
[-0.2981223157973546,0.3868498261395239,0.7838953619039684,-0.47317215651535294,0.3175603657405109,-0.3597681097717338] [-0.2552687401449256,0.2635588436127113,0.6053976909383314,-0.4189782962945659,0.22869125949773356,-0.41493042271534275]
[-0.2552687401449256,0.2635588436127113,0.6053976909383314,-0.4189782962945659,0.22869125949773356,-0.41493042271534275] [-0.19224199267348496,0.13653172647287448,0.4369259126650178,-0.34296822541339356,0.13649984115259597,-0.46524616821442866]
[-0.19224199267348496,0.13653172647287448,0.4369259126650178,-0.34296822541339356,0.13649984115259597,-0.46524616821442866] [-0.09118626823960352,0.01123389659846169,0.323068317955145,-0.22867726973193908,0.04513723036998567,-0.4793059451713999]
[-0.09118626823960352,0.01123389659846169,0.323068317955145,-0.22867726973193908,0.04513723036998567,-0.4793059451713999] [0.011155420358153121,-0.11199172364927523,0.2280569525808236,-0.11365224259199427,-0.044717457518224174,-0.4843122905782238]
[0.011155420358153121,-0.11199172364927523,0.2280569525808236,-0.11365224259199427,-0.044717457518224174,-0.4843122905782238] [0.10491277762941023,-0.2395015644412113,0.2299290289625855,-0.010185410080193788,-0.13729959009793535,-0.44571531045892065]
[0.10491277762941023,-0.2395015644412113,0.2299290289625855,-0.010185410080193788,-0.13729959009793535,-0.44571531045892065] [0.18060149243946536,-0.36443402281546194,0.2572124640891973,0.07334742499153052,-0.22889548472918958,-0.3950158467573379]
[0.18060149243946536,-0.36443402281546194,0.2572124640891973,0.07334742499153052,-0.22889548472918958,-0.3950158467573379] [0.2173026570523162,-0.4838051429748448,0.33932717009432345,0.11386774742500246,-0.3183633279870921,-0.31820229197168537]
[0.2173026570523162,-0.4838051429748448,0.33932717009432345,0.11386774742500246,-0.3183633279870921,-0.31820229197168537] [0.21524007785415464,-0.584968294793828,0.42730989891404203,0.11353196350590157,-0.3958191310849172,-0.2453255562109291]
[0.21524007785415464,-0.584968294793828,0.42730989891404203,0.11353196350590157,-0.3958191310849172,-0.2453255562109291] [0.17809524147215608,-0.673004214389776,0.5234802748603471,0.07628059499044833,-0.46496640777605763,-0.17361341174898648]
[0.17809524147215608,-0.673004214389776,0.5234802748603471,0.07628059499044833,-0.46496640777605763,-0.17361341174898648] [0.11195162203568736,-0.7319793096179603,0.5754239304112856,0.012807827632405636,-0.5116292572759937,-0.1283236823033489]
[0.11195162203568736,-0.7319793096179603,0.5754239304112856,0.012807827632405636,-0.5116292572759937,-0.1283236823033489] [0.03525978313431048,-0.780383618169196,0.6112802191973614,-0.06020289390670419,-0.5501134653585159,-0.09264504700548848]
[0.03525978313431048,-0.780383618169196,0.6112802191973614,-0.06020289390670419,-0.5501134653585159,-0.09264504700548848] [-0.03882171671534026,-0.7819517192238721,0.5871102530148455,-0.13481737750116793,-0.5525070090556965,-0.09523729266205372]
[-0.03882171671534026,-0.7819517192238721,0.5871102530148455,-0.13481737750116793,-0.5525070090556965,-0.09523729266205372] [-0.10885443592152637,-0.7725153920973524,0.5523099739849888,-0.2065342912243538,-0.5467321367261688,-0.10562056857074786]
[-0.10885443592152637,-0.7725153920973524,0.5523099739849888,-0.2065342912243538,-0.5467321367261688,-0.10562056857074786] [-0.16506131408658223,-0.7145241919572657,0.47202205263139696,-0.26978410636937894,-0.5054420980878622,-0.1493047648898438]
[-0.16506131408658223,-0.7145241919572657,0.47202205263139696,-0.26978410636937894,-0.5054420980878622,-0.1493047648898438] [-0.20927851175405715,-0.643099882358713,0.3871177235793084,-0.32218827736402844,-0.45449774586711883,-0.20216801071502388]
[-0.20927851175405715,-0.643099882358713,0.3871177235793084,-0.32218827736402844,-0.45449774586711883,-0.20216801071502388] [-0.23278360970409095,-0.5484699579003647,0.29423857813088006,-0.3558566640672727,-0.3868756255853455,-0.27088800934065116]
[-0.23278360970409095,-0.5484699579003647,0.29423857813088006,-0.3558566640672727,-0.3868756255853455,-0.27088800934065116] [-0.23125873164347632,-0.4448618388324072,0.20797419130970773,-0.36381718703987476,-0.31410139986178376,-0.3394854486534644]
[-0.23125873164347632,-0.4448618388324072,0.20797419130970773,-0.36381718703987476,-0.31410139986178376,-0.3394854486534644] [-0.21218954608013443,-0.3367074159946201,0.12781523713052323,-0.3535967796122794,-0.23894404083324153,-0.40683418703571217]
[-0.21218954608013443,-0.3367074159946201,0.12781523713052323,-0.3535967796122794,-0.23894404083324153,-0.40683418703571217] [-0.1670395915786886,-0.23807865085207358,0.05912770063295092,-0.31768553904456365,-0.1718745472142056,-0.461238423771575]
[-0.1670395915786886,-0.23807865085207358,0.05912770063295092,-0.31768553904456365,-0.1718745472142056,-0.461238423771575] [-0.11476237783546063,-0.14260235084583822,-0.006002441256621083,-0.27471273541325675,-0.1074021318350382,-0.5117386943068487]
[-0.11476237783546063,-0.14260235084583822,-0.006002441256621083,-0.27471273541325675,-0.1074021318350382,-0.5117386943068487] [-0.11476237783546063,-0.14260235084583822,-0.006002441256621083,-0.27471273541325675,-0.1074021318350382,-0.5117386943068487]
