[0.07506409065779052,-0.2533798864390354,8.298395513902662,0.06188911430949838,-0.0029706473401293135,6.67072015413346] [0.09306510089655254,-0.24961023852227504,8.296543146064536,0.0754763057892863,-0.004563870421244391,6.672232487419072]
[0.09306510089655254,-0.24961023852227504,8.296543146064536,0.0754763057892863,-0.004563870421244391,6.672232487419072] [0.10033523429758832,-0.23613251571800864,8.325185941606955,0.08959767912848274,0.005473581504025091,6.67904429211803]
[0.10033523429758832,-0.23613251571800864,8.325185941606955,0.08959767912848274,0.005473581504025091,6.67904429211803] [0.09439736773514235,-0.2290245904847052,8.350033799695705,0.09121873865622442,0.01737355549090981,6.691300132792492]
[0.09439736773514235,-0.2290245904847052,8.350033799695705,0.09121873865622442,0.01737355549090981,6.691300132792492] [0.07985554745783083,-0.22935844070221,8.363336864144635,0.08393678309592355,0.03067718804534811,6.705597429819454]
[0.07985554745783083,-0.22935844070221,8.363336864144635,0.08393678309592355,0.03067718804534811,6.705597429819454] [0.06012019999843074,-0.24394772232368764,8.354260768100671,0.06979467069897355,0.03586868282073058,6.71290979993319]
[0.06012019999843074,-0.24394772232368764,8.354260768100671,0.06979467069897355,0.03586868282073058,6.71290979993319] [0.050745227159273765,-0.26621308821587236,8.342813852087653,0.07078145448558362,0.021876431830191147,6.709726067834247]
[0.050745227159273765,-0.26621308821587236,8.342813852087653,0.07078145448558362,0.021876431830191147,6.709726067834247] [0.06794800967563468,-0.26735484690699385,8.361587868878576,0.08943052762787355,0.0025163407315049527,6.71029285057186]
[0.06794800967563468,-0.26735484690699385,8.361587868878576,0.08943052762787355,0.0025163407315049527,6.71029285057186] [0.08561035019816413,-0.2559146316792662,8.383239609499993,0.10276082864240847,0.0036641396920251285,6.716794584967787]
[0.08561035019816413,-0.2559146316792662,8.383239609499993,0.10276082864240847,0.0036641396920251285,6.716794584967787] [0.09019447247593063,-0.2542674092160456,8.378247947815135,0.1048078255546708,0.011000466393259162,6.714981940042948]
[0.09019447247593063,-0.2542674092160456,8.378247947815135,0.1048078255546708,0.011000466393259162,6.714981940042948] [0.08399856322560977,-0.2611861656614521,8.34899487385386,0.1005204040328632,0.010498096198116716,6.698139894694981]
[0.08399856322560977,-0.2611861656614521,8.34899487385386,0.1005204040328632,0.010498096198116716,6.698139894694981] [0.07411972958797527,-0.26479839239159797,8.334836038313078,0.10259735387457818,0.00661602694507691,6.685820269848087]
[0.07411972958797527,-0.26479839239159797,8.334836038313078,0.10259735387457818,0.00661602694507691,6.685820269848087] [0.0648533732714171,-0.2620132338318415,8.344671884618247,0.10437552551698058,0.005763708146074159,6.699908249359739]
[0.0648533732714171,-0.2620132338318415,8.344671884618247,0.10437552551698058,0.005763708146074159,6.699908249359739] [0.055811868573867725,-0.25699870164853184,8.351490720579068,0.08524729791696471,0.007763512592617372,6.715168954629761]
[0.055811868573867725,-0.25699870164853184,8.351490720579068,0.08524729791696471,0.007763512592617372,6.715168954629761] [0.05199331343105546,-0.24506929360203053,8.355657318540306,0.055731750408458104,0.008519248839820963,6.721512185871311]
[0.05199331343105546,-0.24506929360203053,8.355657318540306,0.055731750408458104,0.008519248839820963,6.721512185871311] [0.05662139569514225,-0.23217177958110335,8.349815333060523,0.056241344483574526,0.013560954732730307,6.721794191667859]
[0.05662139569514225,-0.23217177958110335,8.349815333060523,0.056241344483574526,0.013560954732730307,6.721794191667859] [0.0628716127547504,-0.22862606132436075,8.333992023952192,0.08956113721992782,0.017832897535387804,6.714722271585142]
[0.0628716127547504,-0.22862606132436075,8.333992023952192,0.08956113721992782,0.017832897535387804,6.714722271585142] [0.06410024713713622,-0.23440920806182736,8.314729258309123,0.10096351296467304,0.016747138943748623,6.696627824881889]
[0.06410024713713622,-0.23440920806182736,8.314729258309123,0.10096351296467304,0.016747138943748623,6.696627824881889] [0.06409144845009283,-0.24459728389450675,8.313580703569217,0.08300098297450137,0.012571348158601982,6.673044261525491]
[0.06409144845009283,-0.24459728389450675,8.313580703569217,0.08300098297450137,0.012571348158601982,6.673044261525491] [0.06854704325235973,-0.2553722794313809,8.340035426400023,0.0669651736003415,0.015129687605965454,6.679832804899387]
[0.06854704325235973,-0.2553722794313809,8.340035426400023,0.0669651736003415,0.015129687605965454,6.679832804899387] [0.0772967719594339,-0.2595054127902306,8.376449705014155,0.08777194095887275,0.029451412813605776,6.712319204492165]
[0.0772967719594339,-0.2595054127902306,8.376449705014155,0.08777194095887275,0.029451412813605776,6.712319204492165] [0.07925978699123946,-0.25640523393117387,8.403218078486859,0.09244948457099639,0.043278761551092615,6.739376898585858]
[0.07925978699123946,-0.25640523393117387,8.403218078486859,0.09244948457099639,0.043278761551092615,6.739376898585858] [0.06984221616866985,-0.25658410762039346,8.400377495542841,0.07108477664006246,0.040898746878136494,6.740355128278056]
[0.06984221616866985,-0.25658410762039346,8.400377495542841,0.07108477664006246,0.040898746878136494,6.740355128278056] [0.059598169216918045,-0.25926932012067033,8.38113740058173,0.04673787023604628,0.022612380909850453,6.722629069300883]
[0.059598169216918045,-0.25926932012067033,8.38113740058173,0.04673787023604628,0.022612380909850453,6.722629069300883] [0.061133811674865715,-0.2516025507908344,8.376640802642758,0.05977926455847442,0.01202016637860135,6.716294108530978]
[0.061133811674865715,-0.2516025507908344,8.376640802642758,0.05977926455847442,0.01202016637860135,6.716294108530978] [0.06913250706375562,-0.24325144900580603,8.379532637826232,0.08006543644867128,0.017376385406603224,6.730485566976855]
[0.06913250706375562,-0.24325144900580603,8.379532637826232,0.08006543644867128,0.017376385406603224,6.730485566976855] [0.07469087130507626,-0.239662259842996,8.372111680246347,0.08924327943063254,0.019436091304883135,6.731840673952119]
[0.07469087130507626,-0.239662259842996,8.372111680246347,0.08924327943063254,0.019436091304883135,6.731840673952119] [0.07522810524290018,-0.23877109490053466,8.37177593616225,0.0866632187578914,0.020158002513273807,6.722109769238845]
[0.07522810524290018,-0.23877109490053466,8.37177593616225,0.0866632187578914,0.020158002513273807,6.722109769238845] [0.07277854256148535,-0.23663389741131052,8.390331859066965,0.08232473308395406,0.033010754456287913,6.755425589284975]
[0.07277854256148535,-0.23663389741131052,8.390331859066965,0.08232473308395406,0.033010754456287913,6.755425589284975] [0.07416474529379347,-0.23673934228332222,8.410764421674441,0.08489055161325772,0.04463146472209645,6.802955986981627]
[0.07416474529379347,-0.23673934228332222,8.410764421674441,0.08489055161325772,0.04463146472209645,6.802955986981627] [0.07711008318095648,-0.24306466000518537,8.39885075991817,0.08469596899113059,0.03618765811008695,6.81269334168138]
[0.07711008318095648,-0.24306466000518537,8.39885075991817,0.08469596899113059,0.03618765811008695,6.81269334168138] [0.07778448290742465,-0.24379924395589145,8.36944072935485,0.07513632092609371,0.017220871762546962,6.787546806191044]
[0.07778448290742465,-0.24379924395589145,8.36944072935485,0.07513632092609371,0.017220871762546962,6.787546806191044] [0.07760329258512996,-0.2386179107740432,8.348092857072356,0.06579047700637868,0.015160423999600423,6.755810989313608]
[0.07760329258512996,-0.2386179107740432,8.348092857072356,0.06579047700637868,0.015160423999600423,6.755810989313608] [0.07795596437107938,-0.2336719541771098,8.334951039064865,0.06465862931679234,0.02276724580955025,6.738739012270738]
[0.07795596437107938,-0.2336719541771098,8.334951039064865,0.06465862931679234,0.02276724580955025,6.738739012270738] [0.07880154687159607,-0.23417537086074103,8.325105992659847,0.0763706563910819,0.018933296337387724,6.7299328834804735]
[0.07880154687159607,-0.23417537086074103,8.325105992659847,0.0763706563910819,0.018933296337387724,6.7299328834804735] [0.0756045843261895,-0.24065392402188993,8.306176219905717,0.08638194465503504,0.005821152844877338,6.7124021411214505]
[0.0756045843261895,-0.24065392402188993,8.306176219905717,0.08638194465503504,0.005821152844877338,6.7124021411214505] [0.07040428383294647,-0.2473510659320906,8.285478180614657,0.08441858448599816,-0.006233202348918443,6.690697675590551]
[0.07040428383294647,-0.2473510659320906,8.285478180614657,0.08441858448599816,-0.006233202348918443,6.690697675590551] [0.06812920704931838,-0.25065583182219486,8.28047323149599,0.07907498360134783,-0.009498984661071914,6.680026615204008]
[0.06812920704931838,-0.25065583182219486,8.28047323149599,0.07907498360134783,-0.009498984661071914,6.680026615204008] [0.07134847223413343,-0.25198843405903976,8.287595915445923,0.07759678246698506,-0.007479693039360892,6.677251261235981]
[0.07134847223413343,-0.25198843405903976,8.287595915445923,0.07759678246698506,-0.007479693039360892,6.677251261235981] [0.07486383482605663,-0.251305480374458,8.29797582238179,0.07637808657729485,-0.004379678819471322,6.67487015968822]
[0.07486383482605663,-0.251305480374458,8.29797582238179,0.07637808657729485,-0.004379678819471322,6.67487015968822] [0.07486383482605663,-0.251305480374458,8.29797582238179,0.07637808657729485,-0.004379678819471322,6.67487015968822]
