[-0.07060950293851784,-0.38758911105138744,-0.10855069609054446,-0.24910539150346583,-0.11574183979133149,-0.5912667270627541] [0.03906281473462377,-0.2471968515865302,0.010922982337918441,-0.08056351168462396,-0.06380264023744685,-0.5518263371987597]
[0.03906281473462377,-0.2471968515865302,0.010922982337918441,-0.08056351168462396,-0.06380264023744685,-0.5518263371987597] [0.14393587713309175,-0.1264950164999069,0.11677071331380873,0.04792830230612601,0.0014018007770939672,-0.5063001155110163]
[0.14393587713309175,-0.1264950164999069,0.11677071331380873,0.04792830230612601,0.0014018007770939672,-0.5063001155110163] [0.23807527612954138,-0.024907519761751484,0.2083485538750871,0.13904580467519925,0.0747097360480882,-0.4582186570969551]
[0.23807527612954138,-0.024907519761751484,0.2083485538750871,0.13904580467519925,0.0747097360480882,-0.4582186570969551] [0.315546603415823,0.058141724240524884,0.2850125610597187,0.195464749698757,0.15095941843328936,-0.41111255746122666]
[0.315546603415823,0.058141724240524884,0.2850125610597187,0.195464749698757,0.15095941843328936,-0.41111255746122666] [0.3704154510453967,0.12322880091092248,0.3461187909129908,0.21986089144372234,0.22498910060458205,-0.36851241170126503]
[0.3704154510453967,0.12322880091092248,0.3461187909129908,0.21986089144372234,0.22498910060458205,-0.36851241170126503] [0.39674741071011294,0.17092979648779583,0.39102330047286404,0.21490998425600258,0.29163703548167613,-0.3339488153217216]
[0.39674741071011294,0.17092979648779583,0.39102330047286404,0.21490998425600258,0.29163703548167613,-0.3339488153217216] [0.35264372214437933,0.19695539961370478,0.4224602823832466,0.2135644694023368,0.33407696299021844,-0.3208973495331273]
[0.35264372214437933,0.19695539961370478,0.4224602823832466,0.2135644694023368,0.33407696299021844,-0.3208973495331273] [0.27423838812022394,0.22038095633676558,0.4500822390949679,0.16294178382442365,0.357292359400024,-0.32029870759246126]
[0.27423838812022394,0.22038095633676558,0.4500822390949679,0.16294178382442365,0.357292359400024,-0.32029870759246126] [0.18561354905174743,0.23286620146661896,0.4317284220738502,0.04039392128320966,0.37548123088181673,-0.33932234776107606]
[0.18561354905174743,0.23286620146661896,0.4317284220738502,0.04039392128320966,0.37548123088181673,-0.33932234776107606] [0.0665612681448844,0.2201504010686275,0.3805413119370771,-0.09666626171354385,0.36511794423803595,-0.36712490554680777]
[0.0665612681448844,0.2201504010686275,0.3805413119370771,-0.09666626171354385,0.36511794423803595,-0.36712490554680777] [-0.06300485543983828,0.19065389040262326,0.31348446583936784,-0.24759065550489923,0.3601048617813045,-0.3805257776377955]
[-0.06300485543983828,0.19065389040262326,0.31348446583936784,-0.24759065550489923,0.3601048617813045,-0.3805257776377955] [-0.16939991260403597,0.17866967507711262,0.3094745227073714,-0.3788354099818431,0.3414116036748187,-0.40768697184124747]
[-0.16939991260403597,0.17866967507711262,0.3094745227073714,-0.3788354099818431,0.3414116036748187,-0.40768697184124747] [-0.22884792719295194,0.13585310037586584,0.27218537048504743,-0.47401243907238544,0.3123009666188712,-0.4091945502012253]
[-0.22884792719295194,0.13585310037586584,0.27218537048504743,-0.47401243907238544,0.3123009666188712,-0.4091945502012253] [-0.2843989328849512,0.08383343084226114,0.25080603540963686,-0.5252247085871711,0.27189736598686515,-0.4176139719844114]
[-0.2843989328849512,0.08383343084226114,0.25080603540963686,-0.5252247085871711,0.27189736598686515,-0.4176139719844114] [-0.30591022311060034,0.008727890277624273,0.17219205127831572,-0.5518054297675613,0.24836370127097623,-0.4468576816988783]
[-0.30591022311060034,0.008727890277624273,0.17219205127831572,-0.5518054297675613,0.24836370127097623,-0.4468576816988783] [-0.30348377705201235,-0.11006622689653048,0.14131082965085717,-0.5342780141379488,0.18225972617649425,-0.47997551700946506]
[-0.30348377705201235,-0.11006622689653048,0.14131082965085717,-0.5342780141379488,0.18225972617649425,-0.47997551700946506] [-0.29131761113584875,-0.24679379438497318,0.15869632276168133,-0.5029196145925265,0.083727580550719,-0.48251622141414163]
[-0.29131761113584875,-0.24679379438497318,0.15869632276168133,-0.5029196145925265,0.083727580550719,-0.48251622141414163] [-0.29554209539774035,-0.40534833899352785,0.21132755772148926,-0.5057649061724339,-0.008390846278801802,-0.49614769039688333]
[-0.29554209539774035,-0.40534833899352785,0.21132755772148926,-0.5057649061724339,-0.008390846278801802,-0.49614769039688333] [-0.3398713222792892,-0.5299085366035123,0.3085991224857798,-0.4594054790854816,-0.11449012191030454,-0.4739730259826622]
[-0.3398713222792892,-0.5299085366035123,0.3085991224857798,-0.4594054790854816,-0.11449012191030454,-0.4739730259826622] [-0.35781873418698107,-0.6433677710221097,0.44498887352253025,-0.4512711650672817,-0.2215058448226741,-0.447802450177365]
[-0.35781873418698107,-0.6433677710221097,0.44498887352253025,-0.4512711650672817,-0.2215058448226741,-0.447802450177365] [-0.36642943300744496,-0.7199311560477097,0.5123934924278961,-0.4691419615650139,-0.30219301165254137,-0.40132103431798427]
[-0.36642943300744496,-0.7199311560477097,0.5123934924278961,-0.4691419615650139,-0.30219301165254137,-0.40132103431798427] [-0.37617677794780613,-0.7860461518892254,0.6150083541780651,-0.47800329243797113,-0.36659948961192323,-0.34273349716376345]
[-0.37617677794780613,-0.7860461518892254,0.6150083541780651,-0.47800329243797113,-0.36659948961192323,-0.34273349716376345] [-0.35801716660183935,-0.7936822163521635,0.656465501053523,-0.4878668380624005,-0.39701343010291557,-0.31331964894933595]
[-0.35801716660183935,-0.7936822163521635,0.656465501053523,-0.4878668380624005,-0.39701343010291557,-0.31331964894933595] [-0.3475091051589422,-0.786016428640254,0.6715576121742783,-0.4688930723666323,-0.41838803531151153,-0.28828915335401284]
[-0.3475091051589422,-0.786016428640254,0.6715576121742783,-0.4688930723666323,-0.41838803531151153,-0.28828915335401284] [-0.28856027774403015,-0.783736015264888,0.6526054888754622,-0.4150681011671347,-0.44193418335329165,-0.30933406938678143]
[-0.28856027774403015,-0.783736015264888,0.6526054888754622,-0.4150681011671347,-0.44193418335329165,-0.30933406938678143] [-0.22579977191783232,-0.7974775715616825,0.6244029714174371,-0.35573511246449546,-0.46269810507216036,-0.34991985126222946]
[-0.22579977191783232,-0.7974775715616825,0.6244029714174371,-0.35573511246449546,-0.46269810507216036,-0.34991985126222946] [-0.1242494789697473,-0.7956890215648675,0.5637424297202225,-0.2562221861851744,-0.46530723975905314,-0.38294679893740646]
[-0.1242494789697473,-0.7956890215648675,0.5637424297202225,-0.2562221861851744,-0.46530723975905314,-0.38294679893740646] [-0.02192261166846636,-0.7779678975442543,0.5655374557620787,-0.1245852060770424,-0.4940463405936869,-0.36953351615048113]
[-0.02192261166846636,-0.7779678975442543,0.5655374557620787,-0.1245852060770424,-0.4940463405936869,-0.36953351615048113] [0.051133311382431684,-0.769354424055569,0.5452476847992891,-0.00473134226276806,-0.5128475935394053,-0.3178028091943057]
[0.051133311382431684,-0.769354424055569,0.5452476847992891,-0.00473134226276806,-0.5128475935394053,-0.3178028091943057] [0.13665720847767376,-0.744260570329216,0.5657063840089451,0.09607997683458867,-0.5018706706928289,-0.26889453389962714]
[0.13665720847767376,-0.744260570329216,0.5657063840089451,0.09607997683458867,-0.5018706706928289,-0.26889453389962714] [0.19854133205938673,-0.7091191343665768,0.5446323730284393,0.19960503048945347,-0.4909583571709156,-0.2122570370921819]
[0.19854133205938673,-0.7091191343665768,0.5446323730284393,0.19960503048945347,-0.4909583571709156,-0.2122570370921819] [0.23428294781452305,-0.6706003816460203,0.514941134881413,0.25682685389107107,-0.4637145216836919,-0.19228819862244517]
[0.23428294781452305,-0.6706003816460203,0.514941134881413,0.25682685389107107,-0.4637145216836919,-0.19228819862244517] [0.264924891460098,-0.6268376353126064,0.4188306836683431,0.27412405336255846,-0.4002978195630342,-0.18307692422810806]
[0.264924891460098,-0.6268376353126064,0.4188306836683431,0.27412405336255846,-0.4002978195630342,-0.18307692422810806] [0.26377281726266066,-0.5505230284805387,0.31454176011535484,0.2811310384680141,-0.3115201777865057,-0.21831633922850635]
[0.26377281726266066,-0.5505230284805387,0.31454176011535484,0.2811310384680141,-0.3115201777865057,-0.21831633922850635] [0.2407137437144355,-0.4707367183428872,0.21269873839938036,0.2602965914130423,-0.21907462011279913,-0.27421837672472815]
[0.2407137437144355,-0.4707367183428872,0.21269873839938036,0.2602965914130423,-0.21907462011279913,-0.27421837672472815] [0.1950694354949436,-0.39324009396939963,0.12453321765190495,0.20914921055447572,-0.13164402551717785,-0.3478279059190337]
[0.1950694354949436,-0.39324009396939963,0.12453321765190495,0.20914921055447572,-0.13164402551717785,-0.3478279059190337] [0.12616165818773029,-0.3237945445674919,0.061276777150940376,0.12521739424914724,-0.05791127316077401,-0.4361897954028482]
[0.12616165818773029,-0.3237945445674919,0.061276777150940376,0.12521739424914724,-0.05791127316077401,-0.4361897954028482] [0.0333121766531216,-0.26816145921108336,0.03416107658107137,0.006029641621096355,-0.006559242080807208,-0.5363489147856528]
[0.0333121766531216,-0.26816145921108336,0.03416107658107137,0.006029641621096355,-0.006559242080807208,-0.5363489147856528] [-0.08415724406775173,-0.2321022267571612,0.05441765402435017,-0.15088554946106653,0.013729188747459271,-0.6453501322516502]
[-0.08415724406775173,-0.2321022267571612,0.05441765402435017,-0.15088554946106653,0.013729188747459271,-0.6453501322516502] [-0.08415724406775173,-0.2321022267571612,0.05441765402435017,-0.15088554946106653,0.013729188747459271,-0.6453501322516502]
