[-0.05926755706866358,0.03187173475394389,0.20205161015590178,-0.2100605632904049,0.04742946586098405,-0.5163859016241155] [0.005197296963135254,0.05917978707500077,0.26949938803204976,-0.156916386145859,0.06645892713377012,-0.5055258844062678]
[0.005197296963135254,0.05917978707500077,0.26949938803204976,-0.156916386145859,0.06645892713377012,-0.5055258844062678] [0.07265475253457011,0.09730752900251832,0.35934275961785556,-0.09978386056511807,0.09403718243732209,-0.4874738685882445]
[0.07265475253457011,0.09730752900251832,0.35934275961785556,-0.09978386056511807,0.09403718243732209,-0.4874738685882445] [0.14778365142390526,0.15469861078649533,0.489508948849668,-0.03377669670454631,0.13673080560541062,-0.45691750110872587]
[0.14778365142390526,0.15469861078649533,0.489508948849668,-0.03377669670454631,0.13673080560541062,-0.45691750110872587] [0.2129900004142185,0.23310056848273564,0.6529774183976027,0.02517895017400355,0.19543957178991758,-0.4145608377570982]
[0.2129900004142185,0.23310056848273564,0.6529774183976027,0.02517895017400355,0.19543957178991758,-0.4145608377570982] [0.2684627561191752,0.31859472195494576,0.8258830963463346,0.07556992214609524,0.25993077522942915,-0.367749500956017]
[0.2684627561191752,0.31859472195494576,0.8258830963463346,0.07556992214609524,0.25993077522942915,-0.367749500956017] [0.28882617115913894,0.4171829896218415,1.0125342922728038,0.09199201883324265,0.33667079558765955,-0.31078468901932776]
[0.28882617115913894,0.4171829896218415,1.0125342922728038,0.09199201883324265,0.33667079558765955,-0.31078468901932776] [0.2798477651833118,0.5104384819037515,1.1830600265885058,0.08090763876573387,0.4107172658081637,-0.2535821900516977]
[0.2798477651833118,0.5104384819037515,1.1830600265885058,0.08090763876573387,0.4107172658081637,-0.2535821900516977] [0.2448973290160557,0.5975138426778053,1.3366128597119538,0.04551683011186499,0.4812276726048387,-0.197048220841487]
[0.2448973290160557,0.5975138426778053,1.3366128597119538,0.04551683011186499,0.4812276726048387,-0.197048220841487] [0.15981571962886246,0.6541369702991158,1.4287063396632327,-0.03419120731468921,0.5266846454379938,-0.1577540313497181]
[0.15981571962886246,0.6541369702991158,1.4287063396632327,-0.03419120731468921,0.5266846454379938,-0.1577540313497181] [0.062277392203035506,0.6912872439617254,1.4821700104378932,-0.12368082822511106,0.5573357566677024,-0.13012531981866005]
[0.062277392203035506,0.6912872439617254,1.4821700104378932,-0.12368082822511106,0.5573357566677024,-0.13012531981866005] [-0.05051452849233846,0.6891582364950816,1.4582288004497945,-0.22362755722077246,0.5586232200467932,-0.12636608330867727]
[-0.05051452849233846,0.6891582364950816,1.4582288004497945,-0.22362755722077246,0.5586232200467932,-0.12636608330867727] [-0.15454946586698282,0.6542823091999741,1.359411661595697,-0.31455814366278756,0.5353188809158249,-0.14539823420981524]
[-0.15454946586698282,0.6542823091999741,1.359411661595697,-0.31455814366278756,0.5353188809158249,-0.14539823420981524] [-0.25094207149284453,0.6004067802159476,1.2203028884508598,-0.3981266050169206,0.49786437677755524,-0.17732630315756026]
[-0.25094207149284453,0.6004067802159476,1.2203028884508598,-0.3981266050169206,0.49786437677755524,-0.17732630315756026] [-0.30404987937643546,0.5055203816878675,1.0431214799796793,-0.44434268039668146,0.4321726189647587,-0.23105090051379928]
[-0.30404987937643546,0.5055203816878675,1.0431214799796793,-0.44434268039668146,0.4321726189647587,-0.23105090051379928] [-0.3320863953531309,0.39402162286921716,0.8623635078750205,-0.46765882492115934,0.35636127296205344,-0.29010287191919204]
[-0.3320863953531309,0.39402162286921716,0.8623635078750205,-0.46765882492115934,0.35636127296205344,-0.29010287191919204] [-0.3249618311883886,0.2619840189132753,0.6805085241233062,-0.458907720984819,0.26820585211439985,-0.35524726257217853]
[-0.3249618311883886,0.2619840189132753,0.6805085241233062,-0.458907720984819,0.26820585211439985,-0.35524726257217853] [-0.2711147639982085,0.11476160872636598,0.5444640969681931,-0.4040048858872695,0.17069559402680204,-0.40087148259922056]
[-0.2711147639982085,0.11476160872636598,0.5444640969681931,-0.4040048858872695,0.17069559402680204,-0.40087148259922056] [-0.20171104315593508,-0.0340524840816101,0.4359475061679543,-0.3338366811149405,0.07185956826709944,-0.43498266713751743]
[-0.20171104315593508,-0.0340524840816101,0.4359475061679543,-0.3338366811149405,0.07185956826709944,-0.43498266713751743] [-0.10599422294488402,-0.18702174951075773,0.3911104433262764,-0.237976400537116,-0.03159984917078478,-0.4418864453288798]
[-0.10599422294488402,-0.18702174951075773,0.3911104433262764,-0.237976400537116,-0.03159984917078478,-0.4418864453288798] [-0.020183184248988656,-0.33850183066836226,0.4030966576179198,-0.15188382544384937,-0.13445342246312464,-0.42376371584824657]
[-0.020183184248988656,-0.33850183066836226,0.4030966576179198,-0.15188382544384937,-0.13445342246312464,-0.42376371584824657] [0.057122939298708784,-0.4865713314448611,0.4561128633506,-0.07420034929913441,-0.23528520927769908,-0.387767864522389]
[0.057122939298708784,-0.4865713314448611,0.4561128633506,-0.07420034929913441,-0.23528520927769908,-0.387767864522389] [0.09495718564471567,-0.6250221544423364,0.5791048796403429,-0.03767426403061644,-0.33267733567090296,-0.3197543139107619]
[0.09495718564471567,-0.6250221544423364,0.5791048796403429,-0.03767426403061644,-0.33267733567090296,-0.3197543139107619] [0.10856927793084256,-0.7491231106784413,0.7085103080691244,-0.024753808870899313,-0.42138129425174636,-0.2511253776187079]
[0.10856927793084256,-0.7491231106784413,0.7085103080691244,-0.024753808870899313,-0.42138129425174636,-0.2511253776187079] [0.07952508194230679,-0.8449214399779342,0.8411824568894639,-0.05311921311518643,-0.4925142655249476,-0.18559089859222144]
[0.07952508194230679,-0.8449214399779342,0.8411824568894639,-0.05311921311518643,-0.4925142655249476,-0.18559089859222144] [0.018128376766343147,-0.9076729180314229,0.9380020339903954,-0.11158235084131478,-0.539542127000594,-0.13745046529547533]
[0.018128376766343147,-0.9076729180314229,0.9380020339903954,-0.11158235084131478,-0.539542127000594,-0.13745046529547533] [-0.05705509137608711,-0.9503338750030446,1.0097457423061096,-0.18310341577257938,-0.5721239663033715,-0.10072159289907034]
[-0.05705509137608711,-0.9503338750030446,1.0097457423061096,-0.18310341577257938,-0.5721239663033715,-0.10072159289907034] [-0.13886860886809546,-0.9387278018058147,0.9951012907913803,-0.2628738111199235,-0.56699403508123,-0.099267402745566]
[-0.13886860886809546,-0.9387278018058147,0.9951012907913803,-0.2628738111199235,-0.56699403508123,-0.099267402745566] [-0.21204863672714624,-0.899751192739647,0.9439248241020168,-0.33585797779341114,-0.5417671446210749,-0.11659711638590675]
[-0.21204863672714624,-0.899751192739647,0.9439248241020168,-0.33585797779341114,-0.5417671446210749,-0.11659711638590675] [-0.27426141289418876,-0.8306902465686594,0.8525795436607719,-0.39995417590349,-0.49439203118927266,-0.15473601308200102]
[-0.27426141289418876,-0.8306902465686594,0.8525795436607719,-0.39995417590349,-0.49439203118927266,-0.15473601308200102] [-0.2982225787744418,-0.7303923905346295,0.7277493314389778,-0.43178301611411857,-0.4229348427524889,-0.21625131633818562]
[-0.2982225787744418,-0.7303923905346295,0.7277493314389778,-0.43178301611411857,-0.4229348427524889,-0.21625131633818562] [-0.30610112030268166,-0.6216112215465057,0.5935236701172517,-0.44863398217024214,-0.3454348101094987,-0.2829949640149527]
[-0.30610112030268166,-0.6216112215465057,0.5935236701172517,-0.44863398217024214,-0.3454348101094987,-0.2829949640149527] [-0.28065123660786706,-0.5075379417285114,0.45366478805452015,-0.43215932109342664,-0.26511095839635657,-0.3508889249789231]
[-0.28065123660786706,-0.5075379417285114,0.45366478805452015,-0.43215932109342664,-0.26511095839635657,-0.3508889249789231] [-0.23702338860954603,-0.40280685571592423,0.3319166976303922,-0.3960675163016925,-0.1935986619424049,-0.41020063508788684]
[-0.23702338860954603,-0.40280685571592423,0.3319166976303922,-0.3960675163016925,-0.1935986619424049,-0.41020063508788684] [-0.18118097631137264,-0.30115150844534755,0.21817795326091272,-0.34707082987602966,-0.12567405715418706,-0.4657576671279733]
[-0.18118097631137264,-0.30115150844534755,0.21817795326091272,-0.34707082987602966,-0.12567405715418706,-0.4657576671279733] [-0.18118097631137264,-0.30115150844534755,0.21817795326091272,-0.34707082987602966,-0.12567405715418706,-0.4657576671279733]
