[0.08849794932327529,0.024015945151290352,-0.24816890441475614,-0.06508319402930046,-0.032542959590681375,-0.6027371182820334] [0.10900514236591956,0.009282073670597912,-0.27454107252999194,-0.04769069627500515,-0.05251356714492565,-0.6112267394066659]
[0.10900514236591956,0.009282073670597912,-0.27454107252999194,-0.04769069627500515,-0.05251356714492565,-0.6112267394066659] [0.13965424497938622,0.005513191273979923,-0.26177778979177724,-0.01237728265084307,-0.06603611786598669,-0.6082811622365387]
[0.13965424497938622,0.005513191273979923,-0.26177778979177724,-0.01237728265084307,-0.06603611786598669,-0.6082811622365387] [0.18426664244474766,0.015080287388021696,-0.19851496044288197,0.046960596017117155,-0.07149408740615498,-0.5889585941684565]
[0.18426664244474766,0.015080287388021696,-0.19851496044288197,0.046960596017117155,-0.07149408740615498,-0.5889585941684565] [0.25293297585300634,0.042994562618999255,-0.04926203540251528,0.138603040149385,-0.047919035575965774,-0.5332336753614895]
[0.25293297585300634,0.042994562618999255,-0.04926203540251528,0.138603040149385,-0.047919035575965774,-0.5332336753614895] [0.32699913730432084,0.07571484860416666,0.11873015143353349,0.23655717959208095,-0.011467422680424548,-0.46314830390201234]
[0.32699913730432084,0.07571484860416666,0.11873015143353349,0.23655717959208095,-0.011467422680424548,-0.46314830390201234] [0.4091946587333088,0.1137741557426094,0.3032913195407092,0.34335911561695953,0.041682592138407346,-0.3764282574787243]
[0.4091946587333088,0.1137741557426094,0.3032913195407092,0.34335911561695953,0.041682592138407346,-0.3764282574787243] [0.4782545216642832,0.14755917323984408,0.4295003192989535,0.4327340130629123,0.10093133574080479,-0.2929998764845312]
[0.4782545216642832,0.14755917323984408,0.4295003192989535,0.4327340130629123,0.10093133574080479,-0.2929998764845312] [0.5365141041900118,0.16843632446419926,0.5051681848782019,0.5084844834960537,0.15058515495786165,-0.2206093462753529]
[0.5365141041900118,0.16843632446419926,0.5051681848782019,0.5084844834960537,0.15058515495786165,-0.2206093462753529] [0.5620495537783673,0.19711141908496332,0.5415095521054178,0.5438729390576831,0.20405355877363798,-0.1653106417116046]
[0.5620495537783673,0.19711141908496332,0.5415095521054178,0.5438729390576831,0.20405355877363798,-0.1653106417116046] [0.5471728648451082,0.25735994789205774,0.5926519462627082,0.5306319049665247,0.27974124645659504,-0.12129713955937316]
[0.5471728648451082,0.25735994789205774,0.5926519462627082,0.5306319049665247,0.27974124645659504,-0.12129713955937316] [0.5050116927425288,0.3450544947314236,0.6534658203102897,0.48444609337436195,0.38594830218681475,-0.07382201856040815]
[0.5050116927425288,0.3450544947314236,0.6534658203102897,0.48444609337436195,0.38594830218681475,-0.07382201856040815] [0.41374968191749206,0.4446255275619999,0.6722883728890912,0.3765727990840038,0.5141514021041164,-0.04284601876401872]
[0.41374968191749206,0.4446255275619999,0.6722883728890912,0.3765727990840038,0.5141514021041164,-0.04284601876401872] [0.3054888644675422,0.5101366827839343,0.6343480495511855,0.2471778766194349,0.6109888598790388,-0.03990064296508411]
[0.3054888644675422,0.5101366827839343,0.6343480495511855,0.2471778766194349,0.6109888598790388,-0.03990064296508411] [0.17838238813534502,0.5323859992438812,0.5373716384434095,0.09414658772897745,0.6625038956766361,-0.07146363632546038]
[0.17838238813534502,0.5323859992438812,0.5373716384434095,0.09414658772897745,0.6625038956766361,-0.07146363632546038] [0.041955124187592376,0.48045448321355766,0.3669870856556523,-0.06503879543743604,0.6204288133574604,-0.1504458537882769]
[0.041955124187592376,0.48045448321355766,0.3669870856556523,-0.06503879543743604,0.6204288133574604,-0.1504458537882769] [-0.08596343367674869,0.39259885195467825,0.21327347612175984,-0.21347984331139042,0.5337362723728993,-0.2339021864885078]
[-0.08596343367674869,0.39259885195467825,0.21327347612175984,-0.21347984331139042,0.5337362723728993,-0.2339021864885078] [-0.20539083473767578,0.27692197410073627,0.10245781332580606,-0.35104850068017146,0.40913470429006543,-0.3137307570953638]
[-0.20539083473767578,0.27692197410073627,0.10245781332580606,-0.35104850068017146,0.40913470429006543,-0.3137307570953638] [-0.2947157499904621,0.15465429593097385,0.071504936540002,-0.45729678370133336,0.2782178135474197,-0.3556170835154697]
[-0.2947157499904621,0.15465429593097385,0.071504936540002,-0.45729678370133336,0.2782178135474197,-0.3556170835154697] [-0.3661633707206097,0.045324113001017685,0.07151095015727726,-0.5437079429890075,0.15940646907686262,-0.36930095950369957]
[-0.3661633707206097,0.045324113001017685,0.07151095015727726,-0.5437079429890075,0.15940646907686262,-0.36930095950369957] [-0.4099898594209721,-0.046766860236677366,0.0960844292647014,-0.5988540720475586,0.05699052493592045,-0.3582881398297948]
[-0.4099898594209721,-0.046766860236677366,0.0960844292647014,-0.5988540720475586,0.05699052493592045,-0.3582881398297948] [-0.4269110723804349,-0.12468188663168722,0.11669885813171099,-0.6205983427260564,-0.02653192393178096,-0.3276784804517625]
[-0.4269110723804349,-0.12468188663168722,0.11669885813171099,-0.6205983427260564,-0.02653192393178096,-0.3276784804517625] [-0.42797812056760254,-0.2014540064725393,0.13752226268065648,-0.6226075788477916,-0.10695354955430326,-0.28833935199554617]
[-0.42797812056760254,-0.2014540064725393,0.13752226268065648,-0.6226075788477916,-0.10695354955430326,-0.28833935199554617] [-0.3983287239298371,-0.29243156779194823,0.17232912115179388,-0.5861189391874002,-0.20115115074647094,-0.21841333071184366]
[-0.3983287239298371,-0.29243156779194823,0.17232912115179388,-0.5861189391874002,-0.20115115074647094,-0.21841333071184366] [-0.3527784653288871,-0.39593075772400904,0.22500942645426925,-0.526670489944034,-0.3100935612521838,-0.11729686234311654]
[-0.3527784653288871,-0.39593075772400904,0.22500942645426925,-0.526670489944034,-0.3100935612521838,-0.11729686234311654] [-0.2944812341716104,-0.5114742515152177,0.297818287050978,-0.4487263514676747,-0.43265887953211146,0.02095537100771505]
[-0.2944812341716104,-0.5114742515152177,0.297818287050978,-0.4487263514676747,-0.43265887953211146,0.02095537100771505] [-0.21189934417665163,-0.6172137152850221,0.38211709507291847,-0.329632620281492,-0.5491123776635113,0.16646641238208826]
[-0.21189934417665163,-0.6172137152850221,0.38211709507291847,-0.329632620281492,-0.5491123776635113,0.16646641238208826] [-0.1252042938141695,-0.6968303060611073,0.45829238318561494,-0.2044474327007883,-0.6351896522512638,0.281634618741748]
[-0.1252042938141695,-0.6968303060611073,0.45829238318561494,-0.2044474327007883,-0.6351896522512638,0.281634618741748] [-0.031316732825682175,-0.743751973765014,0.5206493809079777,-0.0687116149049498,-0.6826316597080337,0.350859398953312]
[-0.031316732825682175,-0.743751973765014,0.5206493809079777,-0.0687116149049498,-0.6826316597080337,0.350859398953312] [0.05235024986091602,-0.7403956647988179,0.5190411562029533,0.05128866142192623,-0.6664863377197289,0.323598368211246]
[0.05235024986091602,-0.7403956647988179,0.5190411562029533,0.05128866142192623,-0.6664863377197289,0.323598368211246] [0.12427552589671911,-0.7107994404410286,0.4800832768062726,0.15339025489708294,-0.6189488006583794,0.2550449813409683]
[0.12427552589671911,-0.7107994404410286,0.4800832768062726,0.15339025489708294,-0.6189488006583794,0.2550449813409683] [0.17990820855081893,-0.653310490974329,0.3905843471115231,0.23036230752070722,-0.5427577092873366,0.1417528577364191]
[0.17990820855081893,-0.653310490974329,0.3905843471115231,0.23036230752070722,-0.5427577092873366,0.1417528577364191] [0.20740349552580517,-0.5757096284138499,0.269331081695257,0.268037092449699,-0.45737253941635925,0.004969599949097514]
[0.20740349552580517,-0.5757096284138499,0.269331081695257,0.268037092449699,-0.45737253941635925,0.004969599949097514] [0.21968171181020968,-0.49661128267600085,0.1428978374445613,0.28484441819301526,-0.37644633138725414,-0.13289905813409764]
[0.21968171181020968,-0.49661128267600085,0.1428978374445613,0.28484441819301526,-0.37644633138725414,-0.13289905813409764] [0.20640907357173888,-0.4195687031087344,0.011427230797213639,0.2671646033288418,-0.30351868329239023,-0.2778827460240194]
[0.20640907357173888,-0.4195687031087344,0.011427230797213639,0.2671646033288418,-0.30351868329239023,-0.2778827460240194] [0.17676485916247991,-0.35590879252315366,-0.11800387412948865,0.2268675324919127,-0.24422968203893564,-0.40737114219995263]
[0.17676485916247991,-0.35590879252315366,-0.11800387412948865,0.2268675324919127,-0.24422968203893564,-0.40737114219995263] [0.13821193687600827,-0.29787989771236245,-0.24676990554543998,0.17406456543942211,-0.18932891208278027,-0.5300166929897401]
[0.13821193687600827,-0.29787989771236245,-0.24676990554543998,0.17406456543942211,-0.18932891208278027,-0.5300166929897401] [0.09560163125148215,-0.2561804544812215,-0.34961384164194875,0.11406609591536054,-0.1526642275882738,-0.6117890929961032]
[0.09560163125148215,-0.2561804544812215,-0.34961384164194875,0.11406609591536054,-0.1526642275882738,-0.6117890929961032] [0.058488278055770934,-0.22423747118235532,-0.4255688132720241,0.061269398753792864,-0.12558131533502104,-0.6649362137660066]
[0.058488278055770934,-0.22423747118235532,-0.4255688132720241,0.061269398753792864,-0.12558131533502104,-0.6649362137660066] [0.02468980977270254,-0.19950302916283824,-0.4818319787372545,0.012702755143711518,-0.10615929359205084,-0.6957972921021245]
[0.02468980977270254,-0.19950302916283824,-0.4818319787372545,0.012702755143711518,-0.10615929359205084,-0.6957972921021245] [0.02468980977270254,-0.19950302916283824,-0.4818319787372545,0.012702755143711518,-0.10615929359205084,-0.6957972921021245]
