0, array([  16.05789348,   14.18859345, -169.27331625,   23.50854455,
          8.56991146, -357.52919017])
1, array([  20.72573319,   16.59747433, -167.17542935,   40.200596  ,
         16.44786528, -353.66677787])
2, array([  24.92696319,   18.7433164 , -164.93434025,   55.38534966,
         23.96089538, -348.968759  ])
3, array([  28.70753666,   20.47764302, -162.66313914,   69.26414871,
         30.1560326 , -343.71379609])
4, array([  30.75207093,   22.20494542, -160.59378423,   75.39722025,
         36.91040465, -339.35128714])
5, array([  31.34270687,   24.33632265, -158.64144132,   76.11495852,
         45.7720075 , -335.59090598])
6, array([  29.59560429,   28.32763408, -156.0442839 ,   68.39192018,
         62.16316021, -331.11769951])
7, array([  24.52884759,   34.06963801, -152.8971195 ,   49.62783234,
         84.61849619, -324.92233585])
8, array([  17.79246167,   39.22354737, -150.14548199,   26.23073893,
        104.22964171, -318.21162648])
9, array([   8.77314058,   42.18201694, -149.2409757 ,   -2.20434161,
        114.81693236, -313.50879711])
10, array([  -0.34704191,   41.36660391, -151.09141587,  -30.65164186,
        111.42454568, -314.01579162])
11, array([  -9.30591232,   37.53214551, -154.59902745,  -58.06452351,
         96.78173019, -318.15568131])
12, array([ -16.45100663,   31.37584754, -159.15699569,  -77.9895931 ,
         75.25200823, -325.2585793 ])
13, array([ -20.97604944,   25.46357525, -162.85249607,  -88.25280594,
         57.24599283, -331.4971359 ])
14, array([ -23.4139932 ,   20.78575437, -165.62485749,  -91.13186272,
         45.38495122, -336.7940714 ])
15, array([ -21.13799887,   18.4163482 , -168.5031973 ,  -79.10963946,
         41.0955236 , -343.05028182])
16, array([ -16.54568823,   15.17670874, -171.57855422,  -60.40002102,
         31.21985803, -349.98738837])
17, array([ -10.0259825 ,   10.40347035, -174.22099732,  -36.21718914,
         14.92266714, -356.26622625])
18, array([  -1.58577678,    4.74652235, -174.04836163,   -9.65000013,
         -5.54983785, -356.62972473])
19, array([   6.38917458,   -0.96788954, -171.92156823,   14.02902823,
        -25.82282093, -353.10072261])
20, array([  13.55156587,   -5.75069575, -168.19098725,   33.49705746,
        -42.71395135, -346.30129778])
21, array([  17.56241882,   -9.29652841, -164.19424717,   40.66762498,
        -56.62765253, -337.49491849])
22, array([  19.56157542,  -12.26507352, -160.82924447,   40.94348533,
        -70.25784422, -328.91971198])
23, array([  18.70573525,  -15.31209893, -158.12857151,   31.7854962 ,
        -85.09154816, -320.02608404])
24, array([  14.82941525,  -18.1660944 , -156.76007885,   12.06207431,
        -97.97504031, -313.34218017])
25, array([   9.88570054,  -19.97498978, -156.44307486,  -10.60878282,
       -104.04524005, -309.54498615])
26, array([   3.60571341,  -19.59827305, -158.17545488,  -36.16870457,
        -98.38997593, -311.39622715])
27, array([  -1.88622845,  -16.76143913, -161.30325324,  -57.79947241,
        -82.94048698, -317.7756244 ])
28, array([  -6.5132191 ,  -12.78781936, -164.75032356,  -75.68167008,
        -63.45658163, -325.27446567])
29, array([  -8.91132495,   -8.20330672, -168.23452342,  -84.60359948,
        -46.53544688, -332.62096042])
30, array([  -9.42464082,   -4.06043642, -171.11181476,  -85.20467346,
        -36.29884234, -338.56814411])
31, array([-8.71434053e+00, -2.05062133e-01, -1.73618930e+02, -8.04119878e+01,
       -2.88413347e+01, -3.44716459e+02])
32, array([  -6.237968  ,    3.14894648, -175.0354464 ,  -67.62962912,
        -23.0003782 , -350.84708557])
33, array([  -3.40578108,    6.02313914, -175.5320799 ,  -53.29375766,
        -15.99240188, -356.03373931])
34, array([-1.98675670e-01,  8.54317863e+00, -1.75175430e+02, -3.72669818e+01,
       -8.37213980e+00, -3.59959643e+02])
