0, array([  -1.90368339,   11.10780936, -163.80888654,  -32.72565618,
         -6.20847745, -353.38818509])
1, array([   3.32882153,   12.37176561, -165.42365941,   -6.0107406 ,
         -1.93209866, -355.12253425])
2, array([   8.50804105,   14.08024496, -165.67354988,   15.64813312,
          4.07780213, -354.5971872 ])
3, array([  13.34901356,   16.15410482, -164.89158419,   32.28623302,
         11.57039712, -352.37901047])
4, array([  17.56677745,   18.5142026 , -163.41078861,   43.93882711,
         20.29485851, -349.03487063])
5, array([  20.87637111,   21.08139573, -161.56418941,   50.64118341,
         30.00035852, -345.13163422])
6, array([  22.99283295,   23.77654162, -159.68481285,   52.42856993,
         40.43606935, -341.23616779])
7, array([  24.45712563,   26.86732875, -159.33529512,   48.75822154,
         53.39608071, -340.97180251])
8, array([  21.27839239,   29.51932064, -158.51264321,   41.58382374,
         65.6694867 , -338.65854725])
9, array([  16.78529745,   32.14886538, -157.87658834,   25.83520486,
         76.50915275, -337.58480136])
10, array([  10.67820309,   35.17433925, -158.4724305 ,    6.34462409,
         84.48180739, -337.60492666])
11, array([   2.46428445,   36.59564745, -159.79757108,  -14.89558827,
         91.5242234 , -335.85741449])
12, array([  -5.29289435,   36.35211516, -160.30292045,  -33.06928748,
         98.9203923 , -334.32638533])
13, array([ -10.61180846,   35.96492995, -161.15314883,  -46.93908705,
         98.94592907, -332.83597072])
14, array([ -15.28537385,   35.52333794, -162.53541902,  -57.31418417,
         92.53662702, -330.90248369])
15, array([ -17.32656295,   32.48583589, -164.23865039,  -61.81922992,
         82.00190379, -331.50378999])
16, array([ -19.16289321,   28.32606923, -165.6299569 ,  -62.19195059,
         64.64715639, -333.76701977])
17, array([ -19.17814787,   23.29796396, -166.69220753,  -65.13428069,
         48.00456472, -336.06664671])
18, array([ -19.9152078 ,   16.63839767, -168.11414209,  -67.09105969,
         28.26459289, -338.60732669])
19, array([ -19.25059894,    9.52199597, -169.18636134,  -67.55159987,
          8.51371664, -342.34226365])
20, array([ -18.90997776,    1.83446695, -168.63972199,  -73.81668665,
        -12.25808394, -342.15464177])
21, array([ -19.04320112,   -3.3098867 , -168.33603377,  -78.13319282,
        -30.32262011, -341.41015423])
22, array([ -18.6536125 ,   -7.95942108, -168.59495747,  -76.88141419,
        -45.85391902, -341.20324693])
23, array([ -17.20629373,  -11.97170221, -168.06814249,  -74.08551456,
        -57.19004265, -338.98990625])
24, array([ -13.92321806,  -14.83750712, -166.40048746,  -64.7150933 ,
        -66.88154801, -336.13968122])
25, array([  -7.74454153,  -14.29350515, -165.26903667,  -50.38999908,
        -79.04374306, -333.02099309])
26, array([  -2.22622151,  -14.32017614, -163.95546621,  -32.59214791,
        -88.36598582, -330.45071073])
27, array([   5.71906368,  -14.51006173, -162.57641609,   -7.78077588,
        -90.43318095, -327.50430072])
28, array([  13.15354889,  -12.84694291, -160.38625049,   15.51411308,
        -87.40734612, -325.5706975 ])
29, array([  19.93494723,  -10.13943108, -158.36594721,   38.10643741,
        -80.21059229, -324.36369759])
30, array([  24.06639638,   -8.1032946 , -157.64791987,   53.01707239,
        -70.70877712, -323.99760744])
31, array([  27.99676328,   -5.35806053, -156.46751734,   62.62443184,
        -58.86995633, -324.99012978])
32, array([  29.43247328,   -2.0790119 , -157.0751604 ,   60.52155206,
        -44.80712356, -327.85784131])
33, array([  26.14743596,    2.50858128, -159.60160774,   58.61593896,
        -30.7189809 , -332.53924928])
34, array([  22.58993132,    7.04996064, -162.07691205,   52.59850015,
        -16.63207282, -340.55861696])
35, array([  17.95645616,   10.91753295, -164.1733168 ,   42.68286427,
         -4.52743357, -347.8896983 ])
36, array([  12.57228464,   13.62150951, -165.41210355,   29.02127008,
          4.42676293, -353.22948244])
37, array([   6.76269096,   14.67210167, -165.31455386,   11.76595634,
          9.06234273, -355.27495853])
38, array([   0.85294929,   13.57952073, -163.40194929,   -8.93083819,
          8.21113189, -352.72311571])
39, array([  -4.8316662 ,    9.85397802, -159.1955714 ,  -32.91687474,
          0.70495647, -344.27094313])
