0, array([   4.98788816,   11.45790103, -158.73292677,  -16.13456529,
          5.64491895, -353.64777092])
1, array([   5.75373915,   10.99449801, -159.19830086,  -12.07424002,
          2.98242219, -354.61704027])
2, array([   7.63612587,   10.78226335, -159.39517115,   -4.95417106,
          1.39010956, -354.97530976])
3, array([  10.53491971,   10.9117894 , -159.2245204 ,    4.9145657 ,
          1.33019067, -354.42692648])
4, array([  14.64576612,   11.64479631, -158.38873885,   18.12835624,
          4.06403818, -352.2288563 ])
5, array([  19.2206239 ,   13.47037009, -156.96470539,   33.20434367,
         10.49237894, -348.10160612])
6, array([  23.67229112,   15.64629156, -155.75665003,   47.54911259,
         18.56821501, -343.39314671])
7, array([  27.85360133,   17.74234169, -155.07944773,   60.48919641,
         27.08945823, -338.72029506])
8, array([  29.90331412,   20.311967  , -154.60440499,   66.83738212,
         37.87795153, -334.88494121])
9, array([  29.79927756,   23.56658407, -153.83275665,   66.00910374,
         51.02868177, -331.9108811 ])
10, array([  27.58575829,   28.27593929, -152.71108932,   58.58902046,
         68.71865391, -329.02696348])
11, array([  22.42281604,   34.55037125, -152.05059897,   42.70500907,
         90.64183593, -326.2728714 ])
12, array([  15.07782011,   39.81691723, -153.18520427,   21.8303171 ,
        107.40606022, -325.35278708])
13, array([   6.97281628,   42.37241782, -156.02069272,   -0.85210456,
        114.73573684, -326.99497688])
14, array([  -1.64372949,   41.45160256, -160.10025292,  -24.86015896,
        110.39804368, -331.43676658])
15, array([  -9.34075409,   36.45554986, -164.33492595,  -47.04688286,
         93.03048345, -338.37313315])
16, array([ -15.59693822,   29.64376817, -167.46346676,  -65.73819788,
         69.71137876, -344.07280499])
17, array([ -20.47471675,   22.53717974, -169.22481436,  -80.72171856,
         45.05412754, -347.50154217])
18, array([ -23.4139932 ,   16.51885991, -169.82000955,  -89.95529872,
         23.56095425, -348.54922997])
19, array([ -23.41119863,   11.60772043, -170.45532027,  -91.13186272,
          6.0861407 , -348.84047576])
20, array([ -21.79019803,    6.21958997, -171.26350621,  -87.18710743,
        -12.1943428 , -348.87933432])
21, array([ -18.64912907,   -0.38450143, -171.77422075,  -78.461002  ,
        -34.1734309 , -347.68416497])
22, array([ -13.02128249,   -8.1765729 , -171.13458943,  -63.62451802,
        -59.10451698, -343.39136824])
23, array([  -6.21022175,  -15.0454786 , -169.11971269,  -44.1354234 ,
        -82.28930126, -335.4400162 ])
24, array([   1.1637893 ,  -19.44299193, -166.13711093,  -21.90427315,
        -98.60552668, -325.59292643])
25, array([   8.98389823,  -20.10929198, -162.68807973,    2.90295363,
       -103.54878524, -316.04343476])
26, array([  16.28795301,  -16.36056211, -160.11942928,   26.85307309,
        -93.03901923, -312.19159661])
27, array([  22.46553122,  -10.63798492, -158.8268905 ,   47.22003826,
        -74.22349237, -313.34448179])
28, array([  27.48152913,   -4.16638002, -158.69690764,   63.74650106,
        -51.71254648, -318.13045883])
29, array([  30.54905612,    1.52087795, -159.57909829,   73.45640739,
        -32.09523506, -324.7347037 ])
30, array([  31.34270687,    5.33162304, -160.51529174,   76.11495852,
        -19.32705609, -330.42132903])
31, array([  30.40785601,    8.28962183, -161.43273618,   73.66313968,
         -9.96955927, -335.99472491])
32, array([  27.61741823,   11.19939818, -162.53997702,   65.92298623,
         -1.27598823, -342.79369897])
33, array([  23.09973947,   13.72166086, -163.62070623,   52.87605281,
          6.11684092, -349.46667846])
34, array([  18.49681307,   15.76617107, -164.2248266 ,   38.6331125 ,
         12.64126154, -355.29464298])
35, array([  13.91398303,   17.07424018, -164.16091185,   23.77962558,
         17.24943206, -359.44749367])
36, array([   9.85446902,   17.53986582, -163.28823654,   10.74461202,
         18.77067999, -360.6294494 ])
37, array([   6.81048859,   17.53024343, -162.06535437,    0.48324488,
         18.34200793, -359.86636948])
38, array([   4.44485168,   17.29797915, -160.72735372,   -7.67886203,
         17.24324636, -358.16815795])
39, array([   2.77470511,   16.94904434, -159.41022162,  -13.50431812,
         16.04317187, -356.00534584])
