0, array([  14.75939504,    9.61653463, -165.60517434,   29.28899602,
          2.85781342, -356.72229308])
1, array([  20.47913814,   12.2119947 , -163.91719815,   45.78535539,
         11.18165238, -352.25236949])
2, array([  25.53862375,   14.81720351, -162.05747245,   60.27472422,
         19.6106179 , -346.83073564])
3, array([  29.98299354,   16.98827892, -160.33134246,   72.87067326,
         26.72923196, -341.12990845])
4, array([  31.34270687,   19.56837302, -158.48352279,   76.11495852,
         35.8132989 , -336.10174334])
5, array([  29.92815538,   23.60923511, -156.17667119,   71.27209526,
         50.14670541, -330.92119289])
6, array([  26.007464  ,   29.51449881, -153.11791749,   59.24554253,
         70.59850863, -324.1334475 ])
7, array([  17.50206785,   36.6111079 , -150.09579867,   35.01623948,
         94.41148211, -315.99355099])
8, array([   7.90719729,   41.05512062, -149.17551082,    8.68395922,
        109.62316914, -310.84502941])
9, array([  -2.50080813,   41.92756684, -150.53878904,  -19.046673  ,
        114.28873437, -309.69098699])
10, array([ -12.10942897,   37.87893643, -154.47185579,  -42.84105564,
        104.92144073, -314.82432348])
11, array([ -18.94400921,   31.7038335 , -158.72236515,  -58.89645832,
         89.70626924, -322.54419646])
12, array([ -23.4139932 ,   25.50067493, -162.18901691,  -68.36295956,
         73.76878146, -330.88255698])
13, array([ -22.98718492,   22.89625665, -164.94231004,  -64.54763711,
         61.87492883, -339.59918969])
14, array([ -18.62679314,   21.38177904, -168.0093974 ,  -50.17722476,
         49.87302555, -348.42168512])
15, array([ -11.88125188,   18.21482096, -171.08645089,  -29.72909073,
         34.16718402, -356.6524048 ])
16, array([  -2.28546421,   13.18776176, -172.72762914,   -2.60045805,
         14.88083937, -360.99662046])
17, array([   7.75666231,    7.50891349, -171.93324186,   24.09647819,
         -4.33956656, -359.27524926])
18, array([  17.08496893,    2.65484385, -169.66974019,   47.81499135,
        -19.48040443, -353.70182861])
19, array([  24.47430721,   -0.55066861, -166.69252294,   64.86496204,
        -29.24355186, -345.58837881])
20, array([  27.96732586,   -2.76310871, -164.25742902,   70.55902236,
        -37.62918935, -338.40643283])
21, array([  28.80796178,   -5.37918023, -162.47586531,   68.84699148,
        -49.33607262, -331.72550136])
22, array([  25.93459733,  -10.11382332, -161.24625863,   57.27573499,
        -67.66657906, -324.30241427])
23, array([  19.82024493,  -15.60886037, -160.84065448,   36.49203837,
        -87.327115  , -317.00105679])
24, array([  12.55635866,  -19.44165815, -161.20988351,   12.49473914,
       -100.65192462, -311.63117132])
25, array([   4.11427281,  -20.43376949, -162.64690498,  -14.90776339,
       -103.81867596, -310.24083136])
26, array([  -4.09500066,  -17.64595313, -165.01947461,  -41.21499662,
        -94.14604835, -314.22084583])
27, array([ -11.25320831,  -12.91562834, -167.13652546,  -64.18335122,
        -77.07590556, -320.43626689])
28, array([ -17.1025664 ,   -7.13561842, -168.6849339 ,  -83.08372583,
        -55.45087182, -327.58662107])
29, array([ -19.61874388,   -2.38562861, -169.83576183,  -90.35788913,
        -40.83073404, -333.16974054])
30, array([ -20.25880018,    1.28868121, -170.95725211,  -91.13186272,
        -32.42393018, -337.78449393])
31, array([ -18.82485931,    4.25207653, -172.38711995,  -84.77809173,
        -28.45912318, -342.934218  ])
32, array([ -14.7984901 ,    6.63953117, -173.64985486,  -69.62050117,
        -25.66636814, -348.83902913])
33, array([ -10.28848307,    9.091882  , -174.13270351,  -52.7806383 ,
        -20.08886139, -354.37194472])
34, array([  -5.25232008,   11.35864358, -173.70212949,  -34.06312319,
        -12.96715255, -358.92494745])
