0, array([ 4.26167928,  1.89869583,  2.12413207, 10.06660685,  5.98271742,
        2.35322409])
1, array([3.95436767, 2.01076554, 1.94234299, 9.66206643, 6.62944798,
       2.45884538])
2, array([3.50064166, 2.04887464, 1.72798517, 8.64485924, 6.96942859,
       2.62203765])
3, array([2.93836774, 2.11153994, 1.47961174, 7.26404461, 7.20315693,
       2.5593696 ])
4, array([2.33103028, 2.49075342, 1.39811852, 5.37555437, 8.55440443,
       2.36695069])
5, array([ 3.09972878,  3.61737569,  1.6816198 ,  7.81102246, 12.27658141,
        2.60225819])
6, array([ 4.72424453,  4.67911474,  2.00619197, 12.26157444, 15.7512094 ,
        3.44951503])
7, array([ 6.50843321,  4.69813412,  1.77640407, 16.92359131, 16.23573141,
        4.45499739])
8, array([ 8.14250797,  3.21694824,  1.24824064, 20.95309268, 12.07991476,
        5.20329809])
9, array([ 8.55197492,  1.40127873,  2.26250909, 21.78063848,  5.20049233,
        6.45018814])
10, array([ 8.06161061,  3.30666212,  3.3336109 , 20.2830083 ,  7.47806413,
        7.68365418])
11, array([ 6.40185453,  5.09316242,  3.50076534, 16.55258371, 13.17722187,
        8.63811347])
12, array([ 3.86642147,  4.86539703,  2.9554628 , 11.50539136, 14.53197171,
        8.58635136])
13, array([ 1.78907368,  3.27750664,  2.59007617,  9.98930347, 12.89181992,
        8.18959844])
14, array([ 3.59517666,  2.43050317,  2.69318426, 15.33091756, 12.20363527,
        7.9462383 ])
15, array([ 6.2442985 ,  3.01998828,  2.67211881, 21.37582013, 13.31650834,
        7.28836174])
16, array([ 8.37578147,  4.13751583,  2.3475154 , 26.33851883, 15.736083  ,
        5.36950056])
17, array([ 9.48433192,  4.54139875,  2.62365294, 28.44602359, 16.38156906,
        3.40418489])
18, array([ 9.57077377,  3.93209018,  3.49953579, 27.7676949 , 14.25672291,
        4.39529915])
19, array([ 8.6287303 ,  2.78163964,  3.85274673, 24.35106311, 10.42067724,
        5.94758194])
20, array([ 7.08470633,  2.20963712,  3.57465756, 19.21738154,  8.08981843,
        6.23196746])
21, array([ 5.46453347,  2.45756785,  3.21511731, 14.04643586,  8.4725722 ,
        5.90379547])
22, array([ 4.56388607,  2.9250174 ,  3.08033208, 10.66310218,  9.54109059,
        5.69039202])
23, array([ 4.77356342,  2.93141182,  3.04946246, 10.84557295,  9.37220211,
        5.18419603])
24, array([ 5.16763781,  2.11759453,  2.94617348, 12.15325899,  6.39889737,
        3.78527944])
25, array([ 5.55323838,  0.88021964,  2.79083621, 13.03176608,  2.07523111,
        2.07108803])
26, array([ 5.611017  ,  1.20773506,  2.85906348, 12.53400628,  4.9946559 ,
        2.34925278])
27, array([ 5.29662155,  2.34511021,  2.63353447, 10.64602786,  8.81028878,
        3.19964986])
28, array([4.96085108, 2.9969319 , 2.14583032, 7.57069718, 9.72238721,
       3.2100674 ])
29, array([4.46988818, 3.04482518, 1.63107482, 3.7273079 , 7.48052013,
       2.45096514])
30, array([4.43776304, 2.86573708, 1.38880422, 1.72052871, 4.72757962,
       1.99448959])
31, array([4.46835636, 2.60786558, 1.33341637, 4.17490544, 4.00899994,
       2.07841903])
32, array([4.39055241, 2.46140009, 1.07049019, 6.5701814 , 5.10166982,
       2.08048724])
33, array([4.36404094, 2.40386049, 0.83979343, 8.35464336, 5.86470314,
       1.77416249])
34, array([4.35285614, 2.27267933, 0.93477478, 9.71129024, 6.08018605,
       1.32157095])
