0, array([   3.48556025,   17.19659875, -166.83918636,   35.367639  ,
         11.29859026, -353.80632608])
1, array([  17.63943962,   15.23857272, -165.60031262,   47.57951819,
         14.15707604, -354.25527169])
2, array([  26.80870024,   15.99315397, -163.68626773,   57.34717642,
         20.85319257, -351.42074433])
3, array([  31.61722961,   18.80389188, -161.34324622,   64.20065741,
         30.4891965 , -346.20734973])
4, array([  32.6889152 ,   23.01433585, -158.81744264,   67.67000487,
         42.16734446, -339.51969362])
5, array([  30.6476445 ,   27.96803525, -156.35505154,   67.2852625 ,
         54.98989309, -332.26238171])
6, array([  26.11730499,   33.00853948, -154.20226746,   62.57647403,
         68.05909903, -325.34001972])
7, array([  20.29826498,   36.68748501, -152.52302738,   49.98073121,
         80.19588051, -321.85206649])
8, array([  13.24145251,   38.81574399, -152.23964334,   27.90780065,
         89.12838928, -320.92988077])
9, array([   4.40400556,   39.09259858, -153.44510379,    3.01764746,
         99.0470969 , -319.87567512])
10, array([  -5.66963588,   38.17362109, -155.44357448,  -19.31079769,
        101.57003931, -321.4871471 ])
11, array([ -13.17094192,   35.00156054, -158.26295132,  -35.713794  ,
        101.67065417, -325.0811256 ])
12, array([ -18.92157562,   32.20870227, -161.04964974,  -49.36051981,
         98.14994278, -332.01551   ])
13, array([ -21.95278549,   27.89452217, -164.25649458,  -63.15944982,
         87.08549364, -338.98370203])
14, array([ -19.40005737,   23.44618347, -167.45441526,  -64.54851412,
         66.48511532, -346.9395959 ])
15, array([ -16.49031803,   18.82573427, -170.29842518,  -52.56364527,
         52.3579145 , -352.60433602])
16, array([ -12.79071976,   14.44055045, -171.52232393,  -30.00784137,
         33.01928754, -355.8210376 ])
17, array([  -7.732517  ,   10.46583454, -172.04572732,   -3.56889412,
         15.38169456, -353.891984  ])
18, array([  -0.44687974,    6.93288262, -170.41777658,   20.97044547,
         -0.89929106, -352.84953643])
19, array([   6.90830069,    2.67869599, -168.70985293,   41.22535874,
        -17.79972043, -349.66157606])
20, array([  13.1934176 ,   -1.84196488, -166.33059521,   52.95773528,
        -36.07908154, -343.84946034])
21, array([  16.22137188,   -6.15717694, -164.31671304,   57.79553719,
        -50.01192874, -334.40020978])
22, array([  17.78124608,  -10.21943978, -161.73288861,   55.72199158,
        -67.03606961, -325.81199454])
23, array([  15.9425631 ,  -14.11633506, -159.70705848,   47.57841597,
        -82.16752289, -318.69794   ])
24, array([  11.68556255,  -16.93037043, -158.30139082,   25.88274911,
        -89.79319147, -315.08649429])
25, array([   6.38556157,  -18.27644774, -158.10984064,   -2.24189781,
        -93.88510823, -314.26171418])
26, array([   0.41607305,  -18.19150448, -159.69555085,  -23.65571962,
        -94.6332109 , -316.07274725])
27, array([  -7.07403848,  -16.56061039, -162.13844903,  -47.22444676,
        -86.32314555, -318.77100032])
28, array([ -12.88882206,  -13.06385442, -164.07790935,  -67.38273105,
        -76.69230456, -323.96238356])
29, array([ -16.74582991,   -8.10625774, -166.57231953,  -80.80213877,
        -59.96305287, -329.76599033])
30, array([ -18.64048028,   -2.98250678, -169.06124393,  -88.53513253,
        -43.20167938, -336.08014467])
31, array([ -18.10281092,    1.70842531, -171.34580899,  -89.4923994 ,
        -28.68618169, -342.52003036])
32, array([ -14.66285957,    5.36756534, -173.22714117,  -82.5846264 ,
        -18.69455736, -348.70083122])
33, array([  -7.85066398,    7.39594016, -174.50636694,  -66.72250059,
        -15.50480398, -354.23773105])
34, array([   2.8037381 ,    7.19457661, -174.98461274,  -40.816709  ,
        -21.39491912, -358.74591366])
