0, array([  -2.51136705,   13.29023737, -160.2528814 ,  -21.29883295,
          4.27076284, -349.52763045])
1, array([-6.03551062e-01,  1.12127705e+01, -1.65847931e+02, -1.84836789e+01,
       -2.88127634e-02, -3.55007535e+02])
2, array([ 4.02224609e+00,  1.09372345e+01, -1.69020343e+02, -7.96393472e+00,
        1.54481817e-01, -3.58713435e+02])
3, array([  10.83856595,   11.53376759, -170.77096489,    9.19404349,
          3.40890008, -360.04719815])
4, array([  18.37741988,   13.37377231, -168.99016862,   30.79275596,
         10.31341112, -356.67999032])
5, array([  24.46546658,   15.39876121, -165.47013617,   51.70850367,
         17.66723592, -349.66073864])
6, array([  28.19852709,   17.52941908, -162.13084438,   66.25783217,
         25.8067929 , -342.39509187])
7, array([  28.68133849,   20.63891245, -159.62008797,   70.38868362,
         36.48234351, -337.57002301])
8, array([  26.36428175,   24.74873488, -158.09201771,   64.96105517,
         51.6521032 , -334.90026161])
9, array([  21.62752136,   28.99481961, -158.74338162,   49.48701776,
         68.56951256, -335.81892712])
10, array([  15.64369075,   31.952791  , -160.99377511,   27.04780005,
         79.7632569 , -340.42030272])
11, array([   8.85958385,   33.86573261, -163.98993725,    2.44167602,
         84.31505214, -345.89202491])
12, array([   2.43466543,   36.05303561, -164.68126912,  -18.91880349,
         87.82617131, -346.11764033])
13, array([  -4.33087117,   38.57046003, -162.75428493,  -39.77489659,
         93.64469403, -339.96884137])
14, array([ -11.65775197,   39.02395005, -160.58375491,  -60.13984869,
         96.11199728, -330.5470123 ])
15, array([ -18.2572258 ,   34.72361661, -160.86882862,  -75.66694115,
         88.47191065, -323.70728208])
16, array([ -22.26656649,   28.62804032, -162.81513589,  -85.07845637,
         72.395744  , -324.08907985])
17, array([ -22.73876115,   23.98380563, -165.746295  ,  -83.99062606,
         59.0823733 , -329.38572397])
18, array([ -20.51760763,   19.73561483, -169.30290326,  -73.23951005,
         45.03885118, -339.64024949])
19, array([ -18.23903108,   14.4955238 , -172.06555434,  -64.65145173,
         23.63330873, -351.35174375])
20, array([-1.83575033e+01,  9.30314741e+00, -1.72598736e+02, -6.58848893e+01,
        1.63839328e-01, -3.56636017e+02])
21, array([ -20.8688009 ,    5.17047788, -171.22074491,  -76.31615341,
        -18.66939047, -352.08040809])
22, array([ -23.4139932 ,    2.14196814, -169.3333572 ,  -88.0052812 ,
        -31.31322064, -343.76660965])
23, array([ -22.69362213,   -1.56917464, -168.83280705,  -91.13186272,
        -41.94649116, -337.99816951])
24, array([ -18.08931923,   -6.8388594 , -169.59974958,  -81.08422875,
        -58.77415854, -336.02377299])
25, array([ -10.16984137,  -11.43005612, -170.21523707,  -62.53430577,
        -71.66261345, -338.65688123])
26, array([  -0.50993398,  -13.35987167, -169.12820863,  -40.34594168,
        -76.90690557, -343.32498761])
27, array([   8.4926219 ,  -13.92252588, -165.64793001,  -18.78340323,
        -80.54573782, -343.51828686])
28, array([  15.99993166,  -14.55626781, -160.6452874 ,    1.73607237,
        -86.60529211, -336.90720358])
29, array([  21.71278243,  -14.8743216 , -155.93014537,   22.84558115,
        -93.10596245, -325.30689566])
30, array([  26.18380294,  -12.91432378, -153.45182109,   43.67298663,
        -90.06604374, -316.40911469])
31, array([  29.61885801,   -8.14180202, -153.53982707,   62.11404425,
        -70.98891447, -316.07562506])
32, array([  31.34270687,   -2.76573285, -155.24823794,   73.94075358,
        -46.14886988, -322.22958437])
33, array([  30.71525666,    1.28057381, -157.11258735,   76.11495852,
        -29.06987752, -328.81734894])
34, array([  26.93057217,    4.61946949, -159.63289668,   67.09299215,
        -17.62114298, -336.50468209])
35, array([  20.47740056,    8.08293033, -162.79947878,   48.04025794,
         -5.4388351 , -346.22106762])
36, array([  12.86659436,   10.96489808, -165.83410303,   24.49798929,
          6.1396879 , -354.62164789])
37, array([   6.2643846 ,   12.31862114, -166.14699615,    3.4530894 ,
         11.12108491, -357.31221709])
38, array([   1.52310323,   12.46325662, -164.93013824,  -11.10270578,
         11.51249794, -356.04774572])
39, array([  -1.04538469,   12.35545037, -163.20574585,  -19.18216383,
          9.93045264, -353.43960357])
