0, array([  12.39999847,   15.97972391, -164.18625276,   19.84497736,
         18.98400099, -352.41458818])
1, array([  17.2442637 ,   18.69000402, -162.11106177,   36.37056972,
         27.14760471, -349.28171888])
2, array([  21.40548856,   21.50764511, -159.88423334,   50.71164258,
         35.70040041, -345.46590278])
3, array([  24.32723225,   24.23645207, -157.7511592 ,   60.90641006,
         43.87575778, -341.69039819])
4, array([  25.26761829,   27.44591253, -155.51341709,   64.35027656,
         54.17789789, -338.2473619 ])
5, array([  22.40568165,   32.08383098, -152.88649142,   54.7452589 ,
         71.50612086, -334.84009765])
6, array([  16.99915673,   37.21450513, -150.46145249,   36.81634378,
         91.83069322, -330.46616573])
7, array([   9.52813811,   41.28870727, -149.17951098,   12.3501309 ,
        108.82635353, -325.92975185])
8, array([ 1.60073224e-01,  4.22992045e+01, -1.50359654e+02, -1.76305421e+01,
        1.14443307e+02, -3.23713846e+02])
9, array([  -8.84211582,   39.24079855, -153.97825165,  -45.74760252,
        104.52128164, -325.64811404])
10, array([ -16.41487305,   33.60068783, -158.34569499,  -67.94389702,
         85.5908201 , -329.64219535])
11, array([ -21.98392622,   27.04133103, -162.2498347 ,  -82.24282322,
         65.00922454, -334.21817038])
12, array([ -23.4139932 ,   23.10979168, -165.00866411,  -82.58492186,
         53.62910567, -338.82367294])
13, array([ -21.07808134,   21.44754369, -168.01234065,  -72.45153853,
         46.81791629, -344.57595142])
14, array([ -16.18593808,   19.4863757 , -171.46742681,  -55.27914818,
         38.11677419, -351.3379671 ])
15, array([  -9.01746303,   16.30787488, -174.62439506,  -31.81434956,
         25.78088931, -358.0416409 ])
16, array([ 4.89833533e-02,  1.21926030e+01, -1.75519707e+02, -4.64568853e+00,
        1.19531483e+01, -3.61015359e+02])
17, array([   9.27895847,    7.90200409, -173.92306881,   21.80128764,
         -1.49857203, -359.42040851])
18, array([  17.83643332,    4.32325142, -170.61739509,   45.38590219,
        -12.28623703, -353.89398153])
19, array([  25.19082768,    1.9905879 , -166.61928423,   64.72692699,
        -19.26746847, -345.85411424])
20, array([  29.47962445,    0.50172492, -163.44008662,   74.36191054,
        -25.16150288, -338.91439605])
21, array([  31.34270687,   -0.91844783, -161.18773359,   76.11495852,
        -33.04213299, -333.57095611])
22, array([  30.87039045,   -3.71215789, -159.22321442,   70.36197287,
        -47.17695314, -327.8056693 ])
23, array([  27.75369632,   -8.56548158, -157.33290766,   56.64788081,
        -67.36379918, -320.93537465])
24, array([  22.33801549,  -14.00417879, -156.15876732,   34.53913179,
        -87.66171363, -314.30157606])
25, array([  15.86882372,  -18.1264494 , -156.21388175,    8.7876488 ,
       -100.72253385, -310.12576663])
26, array([   8.638777  ,  -20.15470056, -157.71115734,  -19.40417713,
       -103.38187648, -309.70091978])
27, array([   1.23244238,  -19.09972155, -160.76344827,  -47.25080375,
        -92.82558771, -314.3323115 ])
28, array([  -4.72761191,  -15.73359149, -164.22533427,  -68.85535935,
        -73.92439824, -321.53472333])
29, array([  -9.12694034,  -11.25638914, -167.47017723,  -83.91795103,
        -53.46157278, -328.62421021])
30, array([ -11.56768196,   -6.61162751, -170.28458332,  -91.13186272,
        -37.76489081, -334.31004052])
31, array([ -10.79657209,   -2.56171666, -172.67647701,  -87.14574215,
        -31.06031708, -339.44349629])
32, array([  -8.4441994 ,    1.14727506, -174.44898721,  -77.1040395 ,
        -25.3806991 , -345.30058054])
33, array([  -5.03195207,    4.63852653, -175.3749604 ,  -62.70526358,
        -17.68873843, -351.57920088])
34, array([  -0.95406538,    7.57776345, -175.08146629,  -45.29100118,
         -8.63315574, -356.91936596])
