0, array([  18.09141781,   15.13210114, -164.45590184,   35.6923751 ,
         12.72492187, -355.71138489])
1, array([  22.77221427,   17.45148434, -162.4168307 ,   50.53822474,
         21.37207938, -350.94605404])
2, array([  26.81566972,   19.33986057, -160.59012483,   63.2645739 ,
         28.66905938, -346.00731375])
3, array([  30.22897792,   20.71421314, -159.05382527,   73.871729  ,
         34.23023931, -341.16990293])
4, array([  31.23750667,   22.59602017, -157.58626909,   76.11495852,
         42.15625887, -337.41268727])
5, array([  30.37890472,   25.70772763, -155.71064063,   72.72923524,
         54.25887141, -333.76437011])
6, array([  26.59580973,   31.06160112, -152.91378766,   60.74463465,
         73.54012862, -329.09912474])
7, array([  19.74582529,   36.92105634, -150.51332496,   39.58870647,
         94.38734753, -323.67859259])
8, array([  11.62951011,   41.20914973, -149.42318496,   14.79567078,
        109.88639424, -318.70693559])
9, array([   2.2485474 ,   42.45467804, -150.63238728,  -13.34580542,
        114.78711311, -316.36852763])
10, array([  -6.59857057,   40.00564769, -153.76546489,  -39.82873417,
        106.88601177, -318.37497294])
11, array([ -14.85810562,   34.90299101, -157.60721611,  -64.51933799,
         89.84598402, -322.92276077])
12, array([ -20.49371334,   28.79502182, -161.13850606,  -81.30690544,
         69.29499484, -329.09322049])
13, array([ -23.10698212,   24.08969596, -163.71842689,  -89.08266964,
         53.82155144, -334.36160329])
14, array([ -23.4139932 ,   21.08329052, -165.96240232,  -90.00071979,
         44.21770808, -339.22923075])
15, array([ -19.05360612,   19.62190805, -168.49628304,  -77.17693106,
         40.45763453, -345.53877661])
16, array([ -12.31616841,   16.40276553, -170.71402356,  -57.10734903,
         31.58162177, -352.44687937])
17, array([  -3.62623572,   11.39231175, -171.8702692 ,  -31.09295118,
         16.83123203, -358.45316197])
18, array([   6.98949895,    5.84657791, -170.33146768,   -0.88833278,
         -1.42381571, -358.75108457])
19, array([  16.77194965,    1.0821513 , -167.52375336,   26.84423942,
        -18.77901829, -355.09065431])
20, array([  25.24427265,   -1.50948487, -164.23719516,   50.73170577,
        -31.12835998, -348.40095171])
21, array([  29.58101461,   -2.73070267, -161.75968632,   61.51792355,
        -40.5789199 , -340.35827511])
22, array([  31.34270687,   -3.94942973, -160.07969221,   64.46980678,
        -50.53507555, -333.18489652])
23, array([  29.47793525,   -7.85496647, -158.38710046,   56.51188046,
        -66.38811097, -325.19308164])
24, array([  23.74198014,  -13.74515329, -157.13778441,   36.4451904 ,
        -85.87576162, -317.30193343])
25, array([  16.67395097,  -18.19885498, -156.90933605,   12.20356318,
       -100.18448295, -311.02734033])
26, array([   7.94346084,  -19.82620928, -158.60751532,  -17.39870851,
       -103.6020651 , -309.64916112])
27, array([  -0.33044359,  -18.05567913, -161.84181194,  -45.0372949 ,
        -93.68197078, -313.9534558 ])
28, array([  -7.73058688,  -14.22056524, -165.28121955,  -69.58077858,
        -75.06395293, -320.87556213])
29, array([ -12.52478461,   -9.38220415, -168.28327677,  -85.34738519,
        -54.34949633, -328.66970406])
30, array([ -14.48325369,   -5.4425508 , -170.55492856,  -91.13186272,
        -41.05628934, -334.46868411])
31, array([ -14.50208485,   -2.28444494, -172.58750335,  -90.22038814,
        -34.1383475 , -339.72295914])
32, array([-1.10419370e+01, -4.98583908e-02, -1.74292258e+02, -7.82396946e+01,
       -3.29663015e+01, -3.46200925e+02])
33, array([  -6.86253827,    2.07897848, -175.15761042,  -63.69164114,
        -29.11782813, -352.86408045])
34, array([  -1.96761765,    4.17558816, -175.11002975,  -46.59968278,
        -22.98658179, -359.15688803])
