0, array([  12.8487245 ,   13.1769045 , -165.07200297,   16.35819185,
         11.68884822, -354.64036836])
1, array([  22.46491384,   13.64022035, -164.43113713,   44.89803212,
         14.37324144, -352.79354879])
2, array([  28.09196752,   15.72253494, -162.98783552,   63.2089767 ,
         20.70784255, -349.62025366])
3, array([  30.23818868,   18.97812369, -161.02684622,   72.35825645,
         29.81034483, -345.48955103])
4, array([  29.41188042,   22.96126204, -158.8329173 ,   73.41310224,
         40.79844159, -340.77050896])
5, array([  26.12134589,   27.22622541, -156.69079684,   67.44074494,
         52.7898261 , -335.83219549])
6, array([  20.87488818,   31.32728924, -154.88523291,   55.50841542,
         64.90219165, -331.04367869])
7, array([  14.26368143,   33.66434468, -154.62591375,   38.08588633,
         76.71275959, -327.61401348])
8, array([   6.12806505,   35.80040709, -154.57688963,   15.91559139,
         83.08440773, -323.97837632])
9, array([  -2.63406533,   36.60738946, -155.57601736,   -9.14441249,
         89.43502662, -321.79311268])
10, array([ -10.31680403,   35.69638196, -157.62706008,  -37.79867122,
         94.33407382, -320.72736963])
11, array([ -14.7187377 ,   33.69731029, -161.15769959,  -53.6012515 ,
         97.17959155, -321.93559097])
12, array([ -18.8942114 ,   31.36584413, -165.03784551,  -60.29420424,
         93.70895926, -326.27284056])
13, array([ -20.31066695,   27.87922224, -167.97970122,  -61.38547963,
         80.42192928, -332.45595493])
14, array([ -19.20481657,   24.65260839, -170.9623152 ,  -57.95682817,
         64.35133921, -338.80578547])
15, array([ -13.00951891,   20.77930546, -172.24230658,  -42.839498  ,
         48.46445655, -343.62588312])
16, array([  -7.30424224,   17.43427954, -173.05647623,  -22.37265795,
         32.11482258, -349.01476694])
17, array([  -0.82442778,   14.03113337, -172.51695489,   -6.84091479,
         17.52827647, -352.33165575])
18, array([   7.63478938,   10.23358696, -172.35761444,   11.39452404,
         -4.98616993, -353.70378823])
19, array([  14.99499495,    5.60253714, -170.10752757,   27.40406613,
        -22.5677355 , -351.41069854])
20, array([  19.60828361,    0.87718811, -167.04696293,   40.04605352,
        -43.30888158, -345.61508617])
21, array([  23.09329413,   -4.53275809, -163.48659782,   44.8197931 ,
        -60.70203193, -338.1539693 ])
22, array([  22.20477862,   -9.16675122, -160.80902675,   38.6832119 ,
        -75.78637373, -328.48736135])
23, array([  20.69425349,  -13.31981965, -158.95258823,   34.45540896,
        -82.92456086, -321.23313273])
24, array([  13.37883535,  -15.06967948, -158.06320717,   22.61168373,
        -90.28423549, -316.79378587])
25, array([   6.39139192,  -16.71283245, -157.00198385,    1.8686207 ,
        -91.9918453 , -314.64696583])
26, array([   0.3213229 ,  -16.99653187, -158.26945892,  -23.99395398,
        -87.3754674 , -314.59589645])
27, array([  -5.28522805,  -14.73669794, -159.79632064,  -45.91423801,
        -79.49549515, -316.68391831])
28, array([ -12.08467574,  -11.87576376, -163.15315146,  -63.68908283,
        -69.27056378, -322.66115082])
29, array([ -15.25612261,   -7.40179917, -166.61528841,  -79.12622917,
        -54.86640187, -330.14225783])
30, array([ -16.69604242,   -2.75649256, -169.91139798,  -89.32288113,
        -40.43217709, -337.90366302])
31, array([ -16.19258043,    1.54756613, -172.65503797,  -92.73653222,
        -27.48735183, -345.1190839 ])
32, array([ -13.53388189,    4.99778696, -174.4597662 ,  -87.82467597,
        -17.55138844, -350.96223796])
33, array([  -8.50809204,    7.08157997, -174.93914047,  -73.04480588,
        -12.14374932, -354.60684272])
34, array([  -0.90335613,    7.28635521, -173.70671858,  -46.85441548,
        -12.78389683, -355.22661568])
