0, array([  14.00183354,   18.77449092, -163.29393611,   17.77244902,
          9.99215717, -355.01831918])
1, array([  20.87405137,   15.16357588, -163.64878954,   48.65614534,
         11.55140815, -352.27799442])
2, array([  25.19873608,   14.5269963 , -162.60601542,   67.59014201,
         18.75949195, -348.83428182])
3, array([  27.21642972,   16.24451331, -160.58232256,   76.1994196 ,
         30.08550439, -344.92957577])
4, array([  27.16767439,   19.69588805, -157.99441975,   76.10895867,
         43.9985413 , -340.80627069])
5, array([  25.29301216,   24.26088162, -155.25901581,   68.94373977,
         58.96769853, -336.70676098])
6, array([  21.83298509,   29.31925517, -152.79281954,   56.32874347,
         73.4620719 , -332.87344103])
7, array([  16.8919811 ,   33.91274439, -151.96563437,   42.36399997,
         82.14083528, -329.27138203])
8, array([  10.80695045,   36.79451928, -152.56966138,   22.0893927 ,
         88.46293073, -327.38320655])
9, array([   2.8448924 ,   38.61268631, -153.59019795,    3.46659608,
         92.5241368 , -326.10453827])
10, array([  -4.65805233,   39.54893643, -155.34775797,  -13.61902927,
         93.86012962, -325.50533006])
11, array([ -11.50022408,   38.16950133, -158.51852456,  -38.81848476,
         88.07173949, -328.14570888])
12, array([ -17.27772934,   34.33515837, -162.28197499,  -49.95115139,
         77.04771019, -332.68844422])
13, array([ -18.27543378,   30.75090842, -165.81374747,  -54.71094937,
         71.0702357 , -338.19874903])
14, array([ -15.3729788 ,   25.33018952, -169.14198904,  -52.48049662,
         54.97445765, -343.47740892])
15, array([  -8.62626414,   19.72577671, -170.99651738,  -53.70881034,
         38.97054996, -349.37711109])
16, array([  -2.23944607,   13.76675487, -172.23897301,  -40.66500122,
         21.80980943, -352.51987745])
17, array([   4.50699928,    9.36725096, -170.89652215,  -25.25578341,
          9.44157651, -351.51942495])
18, array([  11.54227675,    7.3716368 , -169.95983805,   -5.4003135 ,
         -0.40331777, -350.82253938])
19, array([  18.32390691,    2.96292081, -168.74426892,   14.6200125 ,
        -18.72559947, -347.48382154])
20, array([  22.87831513,   -1.69983242, -166.33029693,   28.97938754,
        -34.47283046, -342.35386109])
21, array([  23.77215739,   -5.83904263, -163.88518452,   39.8952392 ,
        -49.60679715, -334.84335481])
22, array([  22.40721407,   -9.82347115, -161.10880957,   39.20689233,
        -67.75121183, -327.0675051 ])
23, array([  18.62859195,  -13.34056519, -159.22932014,   25.91913489,
        -81.76815621, -321.52857576])
24, array([  13.35836236,  -15.8898344 , -158.46017627,   17.11287399,
        -87.71309438, -317.93732287])
25, array([   6.51753078,  -16.76017116, -158.76264138,   -1.67292233,
        -88.59015463, -315.9817097 ])
26, array([   0.67631396,  -16.63541175, -160.03850779,  -25.13446268,
        -84.64730364, -316.1914852 ])
27, array([  -4.82085618,  -15.14753959, -161.92234146,  -48.8920194 ,
        -77.14461325, -318.92913125])
28, array([  -8.42569198,  -13.2963211 , -164.39287156,  -66.11099505,
        -67.97259519, -322.97181502])
29, array([ -11.66098476,   -9.66599627, -166.92447313,  -79.12994792,
        -50.85902661, -329.8226995 ])
30, array([ -13.61455323,   -5.7384162 , -169.45387101,  -87.11891667,
        -34.31806443, -337.18363817])
31, array([ -14.03132602,   -1.9119557 , -171.79773855,  -88.97615259,
        -20.72655559, -344.32215455])
32, array([ -12.65623176,    1.41501042, -173.77274907,  -83.59990695,
        -12.46134702, -350.50577215])
33, array([  -9.23419906,    3.84410736, -175.19557589,  -69.88843104,
        -11.89928566, -355.00201447])
34, array([  -3.51015655,    4.97696032, -175.88289236,  -46.73997612,
        -21.41721843, -357.07840502])
