0, array([ 244.22695312,  -19.42207031,  -51.34570312,  244.33857422,
        -10.82724609, -247.57558594])
1, array([ 243.66884766,  -18.30585938,  -51.56894531,  243.89208984,
         -9.26455078, -247.68720703])
2, array([ 243.89208984,  -19.75693359,  -50.56435547,  244.78505859,
        -10.26914062, -247.79882812])
3, array([ 244.6734375 ,  -19.53369141,  -50.89921875,  244.89667969,
        -10.60400391, -248.02207031])
4, array([ 246.12451172,  -21.87773437,  -52.12705078,  247.91044922,
        -14.51074219, -248.13369141])
5, array([ 247.79882812,  -24.22177734,  -51.90380859,  250.36611328,
        -20.87314453, -248.46855469])
6, array([ 249.24990234,  -25.89609375,  -51.7921875 ,  251.70556641,
        -25.003125  , -248.46855469])
7, array([ 264.98847656,  -26.7890625 ,  -50.67597656,  278.82949219,
        -36.94658203, -245.11992187])
8, array([ 283.18271484,  -18.08261719,  -47.21572266,  325.71035156,
        -34.49091797, -234.51591797])
9, array([ 297.47021484,    1.89755859,  -42.52763672,  371.14013672,
         -1.89755859, -219.6703125 ])
10, array([ 305.73017578,   13.61777344,  -37.28144531,  392.34814453,
         50.67597656, -206.94550781])
11, array([ 302.71640625,   31.25390625,  -34.26767578,  378.06064453,
        114.3       , -194.6671875 ])
12, array([ 277.60166016,   45.31816406,  -33.82119141,  309.74853516,
        155.3765625 , -195.33691406])
13, array([ 251.14746094,   33.9328125 ,  -41.63466797,  243.78046875,
        147.11660156, -202.70390625])
14, array([ 229.82783203,   11.94345703,  -45.65302734,  190.64882812,
        105.14707031, -214.20087891])
15, array([ 211.96845703,   -7.14375   ,  -45.54140625,  151.24658203,
         28.79824219, -231.50214844])
16, array([ 202.81552734,  -24.55664062,  -45.09492187,  125.57373047,
        -30.91904297, -236.41347656])
17, array([ 199.13203125,  -35.49550781,  -43.86708984,  109.38867188,
        -60.721875  , -225.47460938])
18, array([ 206.94550781,  -58.48945312,  -43.08574219,  130.70830078,
       -133.83369141, -201.36445312])
19, array([ 218.88896484,  -78.13476562,  -41.41142578,  171.67324219,
       -192.09990234, -182.94697266])
20, array([ 240.54345703,  -80.59042969,  -40.40683594,  235.96699219,
       -213.08466797, -172.23134766])
21, array([ 256.05878906,  -74.22802734,  -42.08115234,  287.5359375 ,
       -199.02041016, -175.35673828])
22, array([ 266.1046875 ,  -61.72646484,  -46.21113281,  318.56660156,
       -164.64111328, -189.19775391])
23, array([ 270.79277344,  -47.99707031,  -47.99707031,  334.41679687,
       -118.09511719, -208.06171875])
24, array([ 276.37382812,  -35.04902344,  -49.22490234,  337.43056641,
        -73.66992188, -223.46542969])
25, array([ 271.79736328,  -26.00771484,  -50.89921875,  307.40449219,
        -35.49550781, -240.32021484])
26, array([ 258.62607422,  -21.20800781,  -51.34570312,  267.77900391,
        -12.83642578, -248.13369141])
27, array([ 247.91044922,  -24.77988281,  -53.24326172,  239.09238281,
         -6.13916016, -249.47314453])
28, array([ 241.77128906,  -27.34716797,  -51.45732422,  224.47001953,
        -12.61318359, -249.24990234])
29, array([ 240.87832031,  -28.24013672,  -51.7921875 ,  221.67949219,
        -12.5015625 , -248.80341797])
30, array([ 240.98994141,  -27.12392578,  -52.68515625,  222.23759766,
         -8.9296875 , -248.69179687])
31, array([ 241.32480469,  -26.34257812,  -52.23867187,  222.01435547,
        -10.04589844, -249.13828125])
32, array([ 241.65966797,  -26.56582031,  -52.23867187,  222.23759766,
        -10.49238281, -249.02666016])
33, array([ 240.32021484,  -25.33798828,  -52.57353516,  220.56328125,
         -8.48320312, -248.58017578])
34, array([ 240.54345703,  -24.11015625,  -51.01083984,  220.22841797,
         -7.47861328, -248.2453125 ])
35, array([ 240.09697266,  -23.77529297,  -51.68056641,  219.44707031,
         -7.14375   , -248.13369141])
36, array([ 239.315625  ,  -23.99853516,  -52.23867187,  219.00058594,
         -7.03212891, -248.13369141])
37, array([ 239.87373047,  -23.55205078,  -52.01542969,  219.44707031,
         -7.47861328, -248.46855469])
38, array([ 239.65048828,  -21.87773437,  -52.01542969,  218.33085937,
         -4.35322266, -248.35693359])
39, array([ 239.315625  ,  -21.20800781,  -52.35029297,  217.99599609,
         -3.23701172, -248.2453125 ])
40, array([ 239.315625  ,  -20.98476562,  -51.7921875 ,  216.99140625,
         -3.571875  , -248.02207031])
41, array([ 238.75751953,  -21.20800781,  -52.01542969,  217.43789062,
         -4.24160156, -248.02207031])
42, array([ 238.75751953,  -20.53828125,  -51.68056641,  216.76816406,
         -4.35322266, -248.02207031])
43, array([ 238.19941406,  -20.87314453,  -51.56894531,  216.65654297,
         -4.35322266, -248.02207031])
44, array([ 237.64130859,  -19.75693359,  -51.7921875 ,  215.76357422,
         -4.01835938, -248.2453125 ])
45, array([ 238.19941406,  -20.20341797,  -52.35029297,  215.87519531,
         -4.12998047, -248.46855469])
46, array([ 237.64130859,  -20.98476562,  -53.02001953,  215.98681641,
         -5.46943359, -248.69179687])
47, array([ 237.75292969,  -19.98017578,  -52.79677734,  215.31708984,
         -5.02294922, -248.58017578])
48, array([ 237.97617187,  -19.6453125 ,  -52.35029297,  215.31708984,
         -4.79970703, -248.46855469])
49, array([ 238.08779297,  -20.31503906,  -52.35029297,  215.65195312,
         -4.91132812, -248.2453125 ])
