0, array([ 244.22695312,    0.44648437,  -49.33652344,  231.94863281,
         10.715625  , -246.57099609])
1, array([ 244.11533203,   -0.44648437,  -49.33652344,  231.83701172,
         10.49238281, -246.57099609])
2, array([ 2.44226953e+02, -2.23242187e-01, -4.92249023e+01,  2.31837012e+02,
        1.06040039e+01, -2.46459375e+02])
3, array([ 243.55722656,    0.66972656,  -49.55976562,  230.3859375 ,
         10.93886719, -246.459375  ])
4, array([ 2.42217773e+02,  1.11621094e-01, -4.88900391e+01,  2.10963867e+02,
       -8.25996094e+00, -2.42999121e+02])
5, array([ 242.44101562,  -12.05507812,  -50.11787109,  207.72685547,
        -45.20654297, -238.75751953])
6, array([ 261.63984375,  -26.45419922,  -50.56435547,  254.94257812,
        -75.23261719, -236.41347656])
7, array([ 278.94111328,  -19.6453125 ,  -45.65302734,  320.35253906,
        -72.66533203, -225.028125  ])
8, array([ 296.35400391,    0.        ,  -42.8625    ,  375.046875  ,
        -29.02148438, -210.85224609])
9, array([ 304.05585938,   18.52910156,  -35.16064453,  398.37568359,
         39.51386719, -201.02958984])
10, array([ 297.69345703,   29.57958984,  -35.49550781,  372.70283203,
        105.25869141, -198.57392578])
11, array([ 286.53134766,   36.83496094,  -36.72333984,  334.86328125,
        148.00957031, -190.87207031])
12, array([ 265.54658203,   40.96494141,  -38.28603516,  275.70410156,
        167.20839844, -188.75126953])
13, array([ 246.01289062,   27.90527344,  -42.8625    ,  215.76357422,
        154.70683594, -190.20234375])
14, array([ 221.34462891,    4.12998047,  -45.76464844,  168.77109375,
         99.23115234, -205.3828125 ])
15, array([ 206.16416016,  -18.08261719,  -45.54140625,  144.43769531,
         22.32421875, -229.26972656])
16, array([ 197.34609375,  -30.3609375 ,  -43.75546875,  118.42998047,
        -18.64072266, -242.32939453])
17, array([ 198.35068359,  -43.42060547,  -43.64384766,  106.70976562,
        -41.85791016, -235.29726562])
18, array([ 201.14121094,  -67.08427734,  -41.63466797,  116.75566406,
        -95.99414062, -222.34921875])
19, array([ 206.61064453,  -82.71123047,  -38.62089844,  142.09365234,
       -157.1625    , -206.61064453])
20, array([ 212.5265625 ,  -90.30146484,  -36.94658203,  171.45      ,
       -194.33232422, -192.99287109])
21, array([ 228.6       ,  -93.98496094,  -38.06279297,  228.48837891,
       -217.884375  , -178.14726562])
22, array([ 248.58017578,  -88.96201172,  -39.290625  ,  283.18271484,
       -216.21005859, -168.21298828])
23, array([ 268.44873047,  -79.36259766,  -42.41601562,  337.20732422,
       -186.85371094, -173.01269531])
24, array([ 282.51298828,  -62.39619141,  -43.53222656,  366.78691406,
       -141.42392578, -187.85830078])
25, array([ 287.08945312,  -52.79677734,  -45.42978516,  371.80986328,
       -105.14707031, -202.25742187])
26, array([ 292.55888672,  -37.61630859,  -45.09492187,  374.48876953,
        -60.27539062, -214.3125    ])
27, array([ 287.98242188,  -28.12851562,  -47.77382812,  353.16914062,
        -16.0734375 , -228.48837891])
28, array([ 270.34628906,  -19.31044922,  -52.12705078,  301.60019531,
          9.15292969, -242.10615234])
29, array([ 256.95175781,  -23.44042969,  -53.46650391,  267.44414062,
          9.59941406, -246.68261719])
30, array([ 243.55722656,  -27.01230469,  -53.02001953,  234.62753906,
          2.34404297, -247.68720703])
31, array([ 234.85078125,  -31.03066406,  -52.12705078,  220.45166016,
         -4.68808594, -247.46396484])
32, array([ 232.171875  ,  -35.16064453,  -52.35029297,  215.09384766,
        -18.75234375, -248.46855469])
33, array([ 230.3859375 ,  -37.83955078,  -52.23867187,  210.40576172,
        -25.22636719, -248.58017578])
34, array([ 230.05107422,  -37.16982422,  -52.23867187,  209.73603516,
        -23.99853516, -248.46855469])
35, array([ 230.05107422,  -35.94199219,  -52.23867187,  209.17792969,
        -21.98935547, -248.46855469])
36, array([ 230.60917969,  -35.71875   ,  -52.01542969,  210.29414062,
        -21.87773437, -248.58017578])
37, array([ 231.61376953,  -34.93740234,  -52.23867187,  210.85224609,
        -21.54287109, -248.58017578])
38, array([ 232.06025391,  -33.59794922,  -51.68056641,  211.18710937,
        -20.64990234, -248.35693359])
39, array([ 231.05566406,  -33.26308594,  -51.45732422,  209.62441406,
        -19.86855469, -248.2453125 ])
40, array([ 231.05566406,  -33.15146484,  -52.12705078,  209.40117187,
        -19.42207031, -248.13369141])
41, array([ 230.05107422,  -33.15146484,  -52.23867187,  208.39658203,
        -18.97558594, -248.13369141])
42, array([ 229.93945312,  -33.70957031,  -51.68056641,  208.50820312,
        -18.97558594, -248.02207031])
43, array([ 230.27431641,  -33.37470703,  -52.12705078,  208.50820312,
        -18.64072266, -248.02207031])
44, array([ 230.3859375 ,  -32.70498047,  -51.7921875 ,  208.50820312,
        -18.41748047, -248.02207031])
45, array([ 230.3859375 ,  -32.48173828,  -51.90380859,  208.39658203,
        -17.97099609, -248.02207031])
46, array([ 230.60917969,  -32.25849609,  -51.90380859,  208.73144531,
        -17.30126953, -247.91044922])
47, array([ 230.72080078,  -31.25390625,  -51.90380859,  208.9546875 ,
        -15.62695312, -248.02207031])
48, array([ 230.27431641,  -31.47714844,  -52.23867187,  208.17333984,
        -15.96181641, -248.2453125 ])
49, array([ 232.50673828,  -27.45878906,  -52.23867187,  210.96386719,
         -9.59941406, -247.91044922])
