0, array([ 227.81865234,  -13.50615234,  -51.01083984,  199.57851562,
         -2.23242188, -247.12910156])
1, array([ 229.71621094,  -14.73398437,  -51.23408203,  202.03417969,
         -4.91132812, -247.46396484])
2, array([ 230.27431641,  -14.62236328,  -51.68056641,  203.37363281,
         -6.69726562, -247.46396484])
3, array([ 230.05107422,  -15.85019531,  -51.45732422,  203.82011719,
         -9.93427734, -247.01748047])
4, array([ 236.30185547,  -21.31962891,  -51.90380859,  214.20087891,
        -23.32880859, -247.35234375])
5, array([ 248.13369141,  -33.15146484,  -51.7921875 ,  232.72998047,
        -49.55976562, -245.90126953])
6, array([ 268.22548828,  -42.08115234,  -51.01083984,  272.91357422,
        -68.53535156, -242.99912109])
7, array([ 292.44726562,  -37.39306641,  -45.76464844,  332.184375  ,
        -74.11640625, -231.61376953])
8, array([ 309.30205078,  -23.10556641,  -44.98330078,  384.75791016,
        -43.64384766, -218.33085937])
9, array([ 323.36630859,   -9.82265625,  -37.61630859,  424.49501953,
         17.97099609, -200.24824219])
10, array([ 330.95654297,   14.73398437,  -33.26308594,  426.28095703,
         88.06904297, -185.51425781])
11, array([ 322.69658203,   28.12851562,  -33.15146484,  387.32519531,
        143.09824219, -179.37509766])
12, array([ 300.14912109,   38.50927734,  -36.61171875,  326.49169922,
        173.2359375 , -178.25888672])
13, array([ 275.48085937,   38.73251953,  -41.63466797,  270.34628906,
        182.38886719, -176.8078125 ])
14, array([ 246.34775391,   25.22636719,  -46.65761719,  201.14121094,
        156.38115234, -186.74208984])
15, array([ 229.71621094,    3.571875  ,  -48.44355469,  165.86894531,
         87.39931641, -210.51738281])
16, array([ 220.78652344,  -12.83642578,  -48.44355469,  149.90712891,
          8.48320312, -233.39970703])
17, array([ 215.09384766,  -28.79824219,  -47.43896484,  126.13183594,
        -37.5046875 , -232.95322266])
18, array([ 212.30332031,  -43.97871094,  -47.21572266,  121.10888672,
        -72.55371094, -223.57705078])
19, array([ 221.45625   ,  -67.19589844,  -44.53681641,  144.10283203,
       -139.86123047, -206.16416016])
20, array([ 234.06943359,  -80.3671875 ,  -43.30898437,  186.74208984,
       -186.96533203, -193.55097656])
21, array([ 252.37529297,  -81.70664062,  -41.96953125,  243.66884766,
       -205.49443359, -185.29101562])
22, array([ 267.66738281,  -79.58583984,  -40.74169922,  291.77753906,
       -205.49443359, -177.47753906])
23, array([ 286.41972656,  -70.76777344,  -41.29980469,  338.88164062,
       -185.51425781, -176.58457031])
24, array([ 299.03291016,  -55.47568359,  -38.73251953,  378.84199219,
       -137.74042969, -186.40722656])
25, array([ 311.86933594,  -36.05361328,  -42.41601562,  399.71513672,
        -83.04609375, -198.01582031])
26, array([ 316.89228516,  -14.73398437,  -39.51386719,  393.01787109,
        -30.58417969, -213.19628906])
27, array([ 308.85556641,   -3.34863281,  -41.41142578,  362.76855469,
         -0.55810547, -225.80947266])
28, array([ 291.55429687,    1.56269531,  -45.09492187,  323.58955078,
          4.35322266, -236.07861328])
29, array([ 2.79275977e+02,  1.11621094e-01, -4.68808594e+01,  2.97805078e+02,
        7.81347656e-01, -2.41101562e+02])
30, array([ 273.91816406,   -3.46025391,  -48.10869141,  285.08027344,
         -7.36699219, -242.8875    ])
31, array([ 266.77441406,   -3.23701172,  -48.89003906,  274.58789062,
         -8.70644531, -243.55722656])
32, array([ 266.21630859,   -2.67890625,  -49.11328125,  272.24384766,
         -6.02753906, -243.66884766])
33, array([ 2.65434961e+02, -1.11621094e-01, -4.90016602e+01,  2.69788184e+02,
       -1.89755859e+00, -2.43333984e+02])
34, array([ 2.64318750e+02,  1.11621094e+00, -4.91132812e+01,  2.68337109e+02,
       -2.23242187e-01, -2.43445605e+02])
35, array([ 263.31416016,    2.12080078,  -49.00166016,  266.66279297,
          1.33945312, -243.11074219])
36, array([ 263.09091797,    3.46025391,  -48.10869141,  265.54658203,
          2.34404297, -242.8875    ])
37, array([ 262.30957031,    3.79511719,  -47.77382812,  263.98388672,
          2.90214844, -242.66425781])
38, array([ 261.86308594,    4.46484375,  -46.99248047,  262.86767578,
          3.79511719, -242.66425781])
39, array([ 262.08632812,    5.24619141,  -48.10869141,  262.19794922,
          4.91132812, -242.77587891])
40, array([ 261.52822266,    6.58564453,  -47.43896484,  261.41660156,
          5.80429687, -242.8875    ])
41, array([ 260.30039062,    7.59023437,  -47.66220703,  259.18417969,
          8.25996094, -242.8875    ])
42, array([ 260.18876953,    7.81347656,  -46.54599609,  259.40742188,
          7.36699219, -242.77587891])
43, array([ 259.74228516,    6.92050781,  -47.99707031,  258.62607422,
          6.92050781, -242.8875    ])
44, array([ 258.73769531,    6.80888672,  -48.66679687,  257.95634766,
          6.69726562, -242.8875    ])
45, array([ 259.51904297,    6.58564453,  -47.55058594,  258.29121094,
          6.69726562, -242.99912109])
46, array([ 259.85390625,    7.14375   ,  -47.55058594,  258.40283203,
          7.14375   , -242.99912109])
47, array([ 258.73769531,    9.04130859,  -47.55058594,  257.50986328,
          8.70644531, -242.77587891])
48, array([ 258.29121094,   10.26914062,  -46.54599609,  255.05419922,
         13.72939453, -241.88291016])
49, array([ 256.84013672,   11.94345703,  -46.434375  ,  252.48691406,
         13.61777344, -241.88291016])
