0, array([ 250.36611328,    5.24619141,  -57.03837891,  243.22236328,
          5.46943359, -255.83554687])
1, array([ 250.14287109,    4.46484375,  -57.26162109,  243.33398438,
          4.68808594, -255.94716797])
2, array([ 250.92421875,    4.57646484,  -58.04296875,  243.55722656,
          4.46484375, -255.94716797])
3, array([ 251.25908203,    4.12998047,  -57.93134766,  244.22695312,
          3.90673828, -256.05878906])
4, array([ 251.03583984,    3.34863281,  -58.26621094,  244.56181641,
          3.46025391, -256.17041016])
5, array([ 251.37070312,    3.68349609,  -58.26621094,  244.45019531,
          3.68349609, -256.17041016])
6, array([ 249.02666016,    5.13457031,  -58.71269531,  242.21777344,
          5.69267578, -256.05878906])
7, array([ 252.04042969,    4.24160156,  -57.70810547,  246.79423828,
          2.34404297, -256.05878906])
8, array([ 267.10927734,    9.59941406,  -58.04296875,  265.43496094,
          0.66972656, -255.50068359])
9, array([ 286.19648438,   21.87773437,  -54.80595703,  297.47021484,
         22.77070312, -253.603125  ])
10, array([ 300.70722656,   36.38847656,  -48.44355469,  332.29599609,
         49.89462891, -246.79423828])
11, array([ 311.64609375,   46.434375  ,  -43.97871094,  360.31289062,
         78.69287109, -236.63671875])
12, array([ 318.45498047,   58.04296875,  -42.8625    ,  378.73037109,
        112.17919922, -223.91191406])
13, array([ 318.12011719,   62.5078125 ,  -40.85332031,  374.15390625,
        143.65634766, -215.65195312])
14, array([ 311.19960937,   64.74023438,  -39.290625  ,  354.39697266,
        166.31542969, -211.29873047])
15, array([ 295.46103516,   59.49404297,  -43.75546875,  321.35712891,
        170.33378906, -216.87978516])
16, array([ 277.04355469,   39.17900391,  -52.01542969,  290.32646484,
        132.27099609, -238.53427734])
17, array([ 262.86767578,   28.575     ,  -55.25244141,  267.22089844,
         89.296875  , -253.93798828])
18, array([ 258.84931641,   32.92822266,  -52.90839844,  259.18417969,
         65.74482422, -255.61230469])
19, array([ 246.459375  ,   38.06279297,  -53.46650391,  232.61835937,
         60.94511719, -253.37988281])
20, array([ 236.30185547,   34.93740234,  -53.02001953,  211.41035156,
         76.7953125 , -251.14746094])
21, array([ 226.25595703,   35.16064453,  -51.68056641,  180.49130859,
        107.71435547, -240.98994141])
22, array([ 221.79111328,   33.15146484,  -51.68056641,  150.68847656,
        123.56455078, -226.25595703])
23, array([ 218.10761719,   25.78447266,  -52.57353516,  114.52324219,
        114.07675781, -215.98681641])
24, array([ 216.21005859,   20.20341797,  -53.24326172,   69.20507812,
         75.34423828, -226.8140625 ])
25, array([ 217.66113281,    5.13457031,  -53.80136719,  109.16542969,
         46.434375  , -224.91650391])
26, array([ 220.45166016,  -10.60400391,  -55.58730469,  143.09824219,
         24.55664062, -243.11074219])
27, array([ 226.14433594,  -27.45878906,  -56.48027344,  173.2359375 ,
          3.90673828, -253.82636719])
28, array([ 229.60458984,  -35.27226562,  -55.81054688,  208.9546875 ,
         -7.14375   , -257.50986328])
29, array([ 231.16728516,  -39.73710937,  -55.81054688,  224.80488281,
        -18.75234375, -257.95634766])
30, array([ 226.36757812,  -47.55058594,  -53.68974609,  228.71162109,
        -35.04902344, -256.17041016])
31, array([ 213.19628906,  -55.3640625 ,  -50.00625   ,  202.48066406,
        -56.36865234, -252.15205078])
32, array([ 204.93632812,  -61.16835937,  -45.98789062,  171.33837891,
        -79.02773437, -245.78964844])
33, array([ 200.47148437,  -65.18671875,  -43.64384766,  144.10283203,
       -104.25410156, -234.40429688])
34, array([ 198.68554688,  -68.31210937,  -41.52304687,  135.73125   ,
       -138.52177734, -216.99140625])
35, array([ 201.92255859,  -75.45585938,  -40.40683594,  142.875     ,
       -172.90107422, -200.24824219])
36, array([ 212.19169922,  -84.49716797,  -39.290625  ,  166.0921875 ,
       -199.13203125, -189.86748047])
37, array([ 222.68408203,  -75.34423828,  -44.76005859,  181.38427734,
       -174.57539062, -207.72685547])
38, array([ 233.62294922,  -58.48945312,  -50.67597656,  194.89042969,
       -130.15019531, -230.49755859])
39, array([ 244.6734375 ,  -56.92675781,  -53.80136719,  215.54033203,
       -101.91005859, -244.56181641])
40, array([ 256.17041016,  -68.20048828,  -52.23867187,  243.33398438,
        -91.19443359, -249.80800781])
41, array([ 261.97470703,  -76.90693359,  -47.43896484,  268.00224609,
       -111.28623047, -244.22695312])
42, array([ 265.88144531,  -83.82744141,  -45.54140625,  289.76835937,
       -141.75878906, -231.72539062])
43, array([ 271.90898437,  -79.69746094,  -45.31816406,  312.31582031,
       -163.74814453, -215.54033203])
44, array([ 279.05273438,  -82.37636719,  -44.42519531,  334.19355469,
       -183.83994141, -196.00664062])
45, array([ 288.20566406,  -78.80449219,  -42.08115234,  365.78232422,
       -186.29560547, -178.25888672])
46, array([ 292.00078125,  -70.32128906,  -46.32275391,  385.87412109,
       -147.56308594, -192.32314453])
47, array([ 293.78671875,  -56.92675781,  -51.68056641,  374.48876953,
       -102.91464844, -220.22841797])
48, array([ 287.98242188,  -44.87167969,  -55.47568359,  357.85722656,
        -74.67451172, -233.9578125 ])
49, array([ 278.15976562,  -36.50009766,  -57.59648437,  334.52841797,
        -55.02919922, -243.55722656])
50, array([ 261.41660156,  -23.66367187,  -59.38242187,  297.58183594,
        -32.37011719, -252.59853516])
51, array([ 245.56640625,  -21.43125   ,  -59.94052734,  270.56953125,
        -27.79365234, -254.49609375])
52, array([ 235.74375   ,  -21.20800781,  -58.60107422,  248.58017578,
        -25.11474609, -255.72392578])
53, array([ 236.97158203,  -23.32880859,  -58.15458984,  251.59394531,
        -28.46337891, -255.27744141])
54, array([ 238.31103516,  -21.09638672,  -58.26621094,  252.37529297,
        -27.01230469, -255.72392578])
55, array([ 241.54804687,  -22.54746094,  -57.93134766,  257.28662109,
        -26.90068359, -255.61230469])
56, array([ 241.54804687,  -21.76611328,  -58.60107422,  257.50986328,
        -27.34716797, -255.61230469])
57, array([ 240.76669922,  -21.31962891,  -57.81972656,  255.94716797,
        -27.01230469, -255.72392578])
58, array([ 241.1015625 ,  -22.21259766,  -58.26621094,  255.83554687,
        -27.12392578, -255.72392578])
59, array([ 241.1015625 ,  -21.31962891,  -58.48945312,  256.05878906,
        -26.67744141, -255.83554687])
60, array([ 241.1015625 ,  -21.87773437,  -58.9359375 ,  256.05878906,
        -27.57041016, -255.83554687])
61, array([ 241.1015625 ,  -21.20800781,  -58.9359375 ,  254.94257812,
        -27.34716797, -256.05878906])
62, array([ 240.98994141,  -20.98476562,  -58.71269531,  255.16582031,
        -27.12392578, -256.17041016])
63, array([ 240.98994141,  -20.31503906,  -58.37783203,  254.38447266,
        -26.23095703, -256.28203125])
64, array([ 240.09697266,  -19.31044922,  -58.37783203,  252.48691406,
        -24.77988281, -256.39365234])
65, array([ 239.65048828,  -19.19882812,  -58.9359375 ,  252.15205078,
        -24.66826172, -256.39365234])
66, array([ 239.87373047,  -18.75234375,  -58.37783203,  251.92880859,
        -24.55664062, -256.39365234])
67, array([ 238.64589844,  -18.30585938,  -58.71269531,  249.91962891,
        -23.32880859, -256.61689453])
68, array([ 239.53886719,  -20.09179688,  -59.38242187,  251.8171875 ,
        -27.01230469, -256.39365234])
69, array([ 239.98535156,  -19.86855469,  -58.82431641,  251.70556641,
        -26.56582031, -256.50527344])
70, array([ 240.98994141,  -19.08720703,  -58.71269531,  253.15664062,
        -25.78447266, -256.61689453])
71, array([ 240.65507812,  -19.6453125 ,  -59.49404297,  253.04501953,
        -25.78447266, -256.72851562])
72, array([ 241.43642578,  -20.31503906,  -58.82431641,  254.04960937,
        -26.23095703, -256.61689453])
73, array([ 240.87832031,  -19.75693359,  -59.04755859,  254.04960937,
        -26.23095703, -256.50527344])
74, array([ 240.76669922,  -19.19882812,  -58.82431641,  253.04501953,
        -25.56123047, -256.50527344])
