0, array([ 2.41436426e+02,  1.11621094e-01, -5.87126953e+01,  2.35966992e+02,
       -1.32829102e+01, -2.56616895e+02])
1, array([ 242.10615234,    0.44648437,  -59.04755859,  237.08320312,
        -13.39453125, -256.72851562])
2, array([ 2.42329395e+02, -2.23242187e-01, -5.90475586e+01,  2.37194824e+02,
       -1.38410156e+01, -2.56840137e+02])
3, array([ 241.32480469,    0.55810547,  -58.37783203,  236.41347656,
        -12.5015625 , -256.72851562])
4, array([ 241.54804687,    2.00917969,  -58.71269531,  236.19023437,
        -10.04589844, -256.72851562])
5, array([ 244.22695312,    0.66972656,  -58.26621094,  239.09238281,
        -12.38994141, -256.84013672])
6, array([ 247.68720703,   -2.23242188,  -59.49404297,  244.22695312,
        -17.74775391, -256.50527344])
7, array([ 262.42119141,    0.78134766,  -58.71269531,  261.75146484,
        -17.18964844, -256.28203125])
8, array([ 296.465625  ,   20.31503906,  -53.13164062,  323.2546875 ,
         16.96640625, -251.25908203])
9, array([ 309.30205078,   35.60712891,  -50.00625   ,  359.86640625,
         56.03378906, -241.32480469])
10, array([ 310.52988281,   45.65302734,  -46.88085938,  373.70742187,
         90.63632812, -231.27890625])
11, array([ 312.76230469,   53.35488281,  -42.97412109,  378.28388672,
        122.33671875, -221.12138672])
12, array([ 306.73476562,   58.82431641,  -43.97871094,  366.00556641,
        155.71142578, -211.41035156])
13, array([ 301.37695312,   59.94052734,  -44.53681641,  350.04375   ,
        176.02646484, -203.93173828])
14, array([ 287.75917969,   54.91757812,  -47.77382812,  322.02685547,
        180.60292969, -205.3828125 ])
15, array([ 269.34169922,   44.42519531,  -53.68974609,  291.21943359,
        155.04169922, -221.79111328])
16, array([ 259.63066406,   32.92822266,  -54.58271484,  272.13222656,
        103.13789062, -246.01289062])
17, array([ 246.34775391,   28.575     ,  -54.35947266,  243.89208984,
         70.76777344, -254.27285156])
18, array([ 233.06484375,   31.25390625,  -53.24326172,  212.5265625 ,
         57.15      , -253.82636719])
19, array([ 228.82324219,   35.71875   ,  -51.34570312,  198.12744141,
         87.73417969, -249.13828125])
20, array([ 225.028125  ,   35.83037109,  -51.7921875 ,  179.93320312,
        119.88105469, -235.85537109])
21, array([ 219.00058594,   33.26308594,  -50.89921875,  151.58144531,
        129.48046875, -222.23759766])
22, array([ 216.0984375 ,   29.35634766,  -51.23408203,  128.36425781,
        125.015625  , -213.75439453])
23, array([ 215.09384766,   22.43583984,  -52.68515625,  107.04462891,
         98.89628906, -220.34003906])
24, array([ 218.66572266,    8.59482422,  -55.02919922,  121.89023437,
         66.30292969, -232.28349609])
25, array([ 228.26513672,   -2.79052734,  -57.15      ,  158.27871094,
         51.56894531, -243.66884766])
26, array([ 236.74833984,  -14.95722656,  -58.37783203,  191.31855469,
         33.82119141, -253.26826172])
27, array([ 241.1015625 ,  -23.66367187,  -58.71269531,  228.04189453,
         17.52451172, -257.73310547])
28, array([ 236.63671875,  -31.03066406,  -58.04296875,  248.80341797,
          1.00458984, -256.28203125])
29, array([ 215.98681641,  -39.06738281,  -54.13623047,  231.27890625,
        -20.98476562, -251.8171875 ])
30, array([ 200.35986328,  -46.32275391,  -49.00166016,  182.165625  ,
        -42.08115234, -249.91962891])
31, array([ 194.44394531,  -51.7921875 ,  -45.76464844,  144.6609375 ,
        -57.93134766, -244.6734375 ])
32, array([ 192.65800781,  -54.58271484,  -44.20195312,  123.45292969,
        -72.10722656, -237.97617187])
33, array([ 195.00205078,  -59.49404297,  -43.42060547,  127.02480469,
       -108.16083984, -225.36298828])
34, array([ 202.03417969,  -64.85185547,  -43.53222656,  144.21445313,
       -136.06611328, -217.66113281])
35, array([ 214.42412109,  -62.17294922,  -46.76923828,  168.43623047,
       -135.17314453, -222.68408203])
36, array([ 228.48837891,  -49.44814453,  -51.90380859,  194.10908203,
       -109.50029297, -235.74375   ])
37, array([ 238.98076172,  -49.33652344,  -52.79677734,  215.09384766,
        -87.95742187, -246.34775391])
38, array([ 246.459375  ,  -64.40537109,  -51.01083984,  239.53886719,
        -78.46962891, -250.36611328])
39, array([ 252.37529297,  -77.35341797,  -46.09951172,  264.65361328,
        -85.27851562, -246.90585937])
40, array([ 258.84931641,  -93.98496094,  -40.51845703,  279.72246094,
       -127.91777344, -235.07402344])
41, array([ 264.65361328,  -94.76630859,  -38.95576172,  294.90292969,
       -164.64111328, -219.55869141])
42, array([ 275.81572266,  -95.32441406,  -36.16523437,  320.68740234,
       -190.87207031, -199.35527344])
43, array([ 282.51298828,  -92.19902344,  -37.5046875 ,  348.36943359,
       -194.77880859, -184.95615234])
44, array([ 290.66132813,  -79.25097656,  -40.40683594,  372.47958984,
       -159.28330078, -194.33232422])
45, array([ 293.56347656,  -67.53076172,  -45.42978516,  376.49794922,
       -120.88564453, -210.29414062])
46, array([ 290.21484375,  -61.61484375,  -48.66679687,  363.32666016,
        -96.77548828, -224.58164062])
47, array([ 283.40595703,  -51.56894531,  -53.91298828,  345.57890625,
        -73.89316406, -236.07861328])
48, array([ 276.03896484,  -41.18818359,  -54.02460937,  329.72871094,
        -52.90839844, -243.44560547])
49, array([ 267.10927734,  -32.37011719,  -56.36865234,  308.85556641,
        -35.16064453, -250.14287109])
50, array([ 259.85390625,  -27.57041016,  -60.94511719,  286.75458984,
        -22.43583984, -255.27744141])
51, array([ 254.27285156,  -24.44501953,  -59.82890625,  269.56494141,
        -13.39453125, -258.06796875])
52, array([ 250.03125   ,  -23.77529297,  -59.49404297,  256.28203125,
         -9.04130859, -259.63066406])
53, array([ 250.25449219,  -22.21259766,  -59.94052734,  255.3890625 ,
        -11.38535156, -259.51904297])
54, array([ 248.80341797,  -21.31962891,  -59.38242187,  253.603125  ,
         -8.59482422, -259.74228516])
55, array([ 248.69179687,  -21.76611328,  -59.49404297,  253.26826172,
        -10.38076172, -259.63066406])
56, array([ 249.58476562,  -20.87314453,  -58.37783203,  253.603125  ,
         -8.59482422, -259.51904297])
57, array([ 249.47314453,  -20.98476562,  -59.15917969,  253.71474609,
         -8.81806641, -259.40742188])
58, array([ 248.91503906,  -20.76152344,  -59.94052734,  253.26826172,
         -8.70644531, -259.29580078])
59, array([ 247.91044922,  -21.54287109,  -58.9359375 ,  251.59394531,
         -7.81347656, -259.40742188])
60, array([ 247.35234375,  -20.76152344,  -59.71728516,  251.14746094,
         -7.70185547, -259.40742188])
61, array([ 247.91044922,  -20.64990234,  -60.27539062,  251.8171875 ,
         -7.59023437, -259.51904297])
62, array([ 248.02207031,  -19.31044922,  -59.60566406,  251.59394531,
         -7.14375   , -259.63066406])
63, array([ 246.90585937,  -18.97558594,  -59.04755859,  249.91962891,
         -6.47402344, -259.85390625])
64, array([ 246.34775391,  -19.6453125 ,  -59.27080078,  249.36152344,
         -6.47402344, -259.85390625])
65, array([ 246.12451172,  -18.41748047,  -59.82890625,  247.46396484,
         -4.79970703, -260.07714844])
66, array([ 245.56640625,  -19.08720703,  -59.71728516,  246.34775391,
         -4.68808594, -260.18876953])
67, array([ 245.34316406,  -18.41748047,  -60.05214844,  246.12451172,
         -4.57646484, -260.18876953])
68, array([ 245.34316406,  -18.64072266,  -60.05214844,  246.57099609,
         -4.68808594, -260.18876953])
69, array([ 245.78964844,  -18.64072266,  -60.27539062,  247.24072266,
         -5.24619141, -260.18876953])
70, array([ 245.56640625,  -18.86396484,  -59.94052734,  247.12910156,
         -6.02753906, -260.18876953])
71, array([ 245.90126953,  -18.08261719,  -59.27080078,  246.68261719,
         -5.3578125 , -260.30039062])
72, array([ 246.23613281,  -18.97558594,  -60.83349609,  247.79882812,
         -5.91591797, -260.18876953])
73, array([ 245.67802734,  -18.08261719,  -60.16376953,  247.35234375,
         -5.13457031, -260.18876953])
74, array([ 245.56640625,  -17.07802734,  -59.82890625,  246.34775391,
         -4.12998047, -260.18876953])
