0, array([  -9.3314818 ,   18.51212314, -171.9738204 ,  -35.19470421,
         35.83232739, -357.79259895]), array([ -10.51470661,   15.21618748, -173.53060913,  -39.98267746,
         45.57712555, -343.30630493])
1, array([  -9.48375793,   18.48822294, -172.0365149 ,  -35.79367026,
         35.44243951, -357.90049466]), array([ -10.95968392,   15.6556391 , -173.30787545,  -40.7559841 ,
         46.33887652, -342.86834337])
2, array([  -8.7244947 ,   16.7725973 , -172.57392851,  -35.06216278,
         30.4047948 , -358.53357199]), array([ -10.62657968,   14.10114886, -173.41890735,  -38.97942435,
         42.00851476, -344.75593122])
3, array([  -6.80632706,   13.98980606, -173.22056283,  -31.6621502 ,
         22.42874136, -359.20957033]), array([  -9.9436229 ,   13.08408204, -174.08872986,  -39.27903675,
         36.70672443, -346.33723433])
4, array([  -1.83771958,    9.31581284, -173.56647585,  -20.35825871,
          8.39800578, -359.20614233]), array([  -6.50153911,   10.08613914, -174.08872986,  -30.28520613,
         22.82735738, -350.88964851])
5, array([   3.43757243,    6.66230469, -172.93214821,   -6.20748933,
         -0.91095284, -357.52059314]), array([  -1.00849203,    8.28663647, -172.85621161,  -14.48014512,
         12.51483959, -353.68740765])
6, array([   9.36766344,    5.82854975, -170.75806001,   10.62061613,
         -6.09417414, -354.26777067]), array([   5.09842947,    5.28869262, -171.30171947,    3.06337498,
          5.07549875, -353.79842437])
7, array([  16.034816  ,    6.86161759, -167.04855148,   29.90914252,
         -6.55202677, -349.64348319]), array([  11.26723196,    6.62915116, -169.61507849,   22.34359604,
          2.83101902, -350.99659256])
8, array([  22.59543741,    9.88149334, -162.73309107,   49.12612195,
         -0.58455156, -344.60508723]), array([  18.26243334,   10.071234  , -165.72885571,   40.77539246,
          4.94068324, -345.8890037 ])
9, array([  27.66633792,   14.50261931, -158.89086463,   64.71420859,
         11.34650197, -340.08571601]), array([  23.76234635,   10.41999701, -163.8115566 ,   59.38756545,
         11.98905651, -339.05280663])
10, array([  30.68625354,   18.69992799, -156.63863965,   74.06883613,
         23.67064137, -336.8486409 ]), array([  29.98030165,   12.75173143, -158.48187358,   77.59729807,
         18.5401189 , -331.169314  ])
11, array([  31.34270687,   23.11285592, -155.06308819,   76.11495852,
         37.77415415, -334.66133304]), array([  32.68215291,   14.44086925, -155.44498353,   86.1453104 ,
         29.18590745, -325.44441783])
12, array([  29.29548543,   29.22054905, -153.39820696,   69.80390021,
         58.58992238, -332.95660426]), array([  32.01594254,   22.43538335, -151.44772885,   81.03769877,
         51.83703563, -322.11336973])
13, array([  23.70487288,   36.02211266, -152.79982815,   52.10586536,
         85.28598695, -332.51413596]), array([  29.66888618,   25.93181229, -153.32719421,   71.6384201 ,
         66.22702789, -322.09829712])
14, array([  16.53595511,   40.29389773, -154.08911447,   29.85948129,
        105.91482719, -333.8438089 ]), array([  21.59197417,   28.30298482, -157.79404766,   45.49152869,
         82.5155851 , -325.20359703])
15, array([   8.60334005,   40.57114503, -157.30660701,    5.54425462,
        114.10076475, -336.84351585]), array([  12.70917926,   34.29887253, -158.23819044,   14.73485546,
        105.38877898, -320.76219957])
16, array([ 3.05425914e-01,  3.67834154e+01, -1.61847839e+02, -1.95977240e+01,
        1.07955338e+02, -3.40849987e+02]), array([   1.15652187,   35.88367359, -161.37311799,  -16.00817304,
        114.46785741, -317.59870259])
17, array([  -7.46770657,   30.16343362, -165.77213524,  -42.46234126,
         89.84616027, -344.52230613]), array([ -11.83456591,   40.54714244, -163.81591088,  -51.98349264,
        119.90856474, -308.38279679])
18, array([ -13.88871701,   22.83775881, -167.45823761,  -61.98194175,
         65.64729553, -346.51756133]), array([ -18.43477987,   38.1943901 , -164.82551273,  -68.1953508 ,
        119.39927474, -301.71517397])
19, array([ -18.73765231,   16.30761245, -167.53649723,  -77.15271202,
         41.41625873, -346.78060454]), array([ -16.76925582,   32.97575036, -165.26964033,  -59.09048069,
         95.85986669, -316.14971571])
20, array([ -22.02699882,   11.06960198, -166.59236685,  -87.5582886 ,
         20.24922258, -345.64227962]), array([ -22.6929636 ,   23.67753512, -166.27826781,  -75.41102611,
         64.3594501 , -320.09313065])
21, array([ -23.4139932 ,    7.14805923, -165.01766722,  -91.13186272,
          3.40869556, -343.62447906]), array([ -27.80056954,   14.01749508, -167.61068097,  -95.06421138,
         28.27309195, -321.86967142])
22, array([ -22.73393321,    3.1148151 , -163.32916523,  -87.93032621,
        -13.47361719, -340.41613612]), array([ -25.24132273,    7.73087564, -166.50048384,  -91.42107032,
          1.68374186, -330.81379209])
23, array([ -20.6083827 ,   -2.07096012, -161.31356884,  -79.846015  ,
        -34.34049905, -335.4032827 ]), array([ -20.35578628,    3.28947747, -167.83292736,  -78.87413161,
        -15.74874361, -336.80966651])
24, array([ -17.10695032,   -8.43666189, -158.87286511,  -66.4917498 ,
        -59.84439777, -328.08602758]), array([ -14.86190137,   -3.20757301, -166.83208747,  -65.19447521,
        -32.12982976, -340.06905421])
25, array([ -12.44371158,  -14.86667076, -156.43826356,  -47.90367345,
        -85.92124332, -319.57124002]), array([  -6.86738537,  -11.53519253, -165.1665786 ,  -45.87439323,
        -56.89061907, -339.73594332])
26, array([  -6.57486224,  -18.92011866, -154.85255998,  -22.59974229,
       -102.25557983, -312.59416989]), array([   1.98685551,  -18.71662521, -164.04281616,  -17.6584568 ,
        -78.0990448 , -335.93930054])
27, array([  -0.59888311,  -20.1319227 , -154.33207899,    3.26353153,
       -103.51030422, -309.6707309 ]), array([   5.11676782,  -18.94238103, -161.80838459,    0.82383579,
        -80.81061147, -334.35903271])
28, array([   4.81972057,  -18.50577937, -155.26859598,   26.36302871,
        -90.36777601, -311.54887788]), array([   6.11608244,  -19.49755571, -161.36424181,   15.14734196,
        -88.02788993, -330.47280994])
29, array([   9.2906396 ,  -14.59057155, -157.74611291,   44.71333218,
        -67.76053625, -317.25458906]), array([   6.68917679,  -17.8027238 , -161.47220587,   33.98626988,
        -85.02315937, -327.24792178])
30, array([  11.48277091,   -9.30357619, -161.57269733,   52.86704457,
        -44.6384951 , -324.58216876]), array([  10.46436434,  -12.25097698, -160.58390513,   54.08359035,
        -56.37613969, -331.24519164])
31, array([  11.63534678,   -4.40207268, -165.55154365,   52.56960975,
        -25.84540947, -332.15819961]), array([  11.354318  ,   -6.64546925, -164.49700739,   53.96175641,
        -27.68290644, -338.08323094])
32, array([ 1.02187790e+01, -2.00096456e-01, -1.69236747e+02,  4.62312564e+01,
       -9.88879982e+00, -3.39785213e+02]), array([   8.46740984,   -1.31579192, -167.050817  ,   40.52652834,
         -2.81107977, -345.74462941])
33, array([   7.51194875,    3.31746575, -172.45764789,   34.94568752,
          4.45221337, -347.5628145 ]), array([  15.38842064,    4.40426559, -169.84661975,   58.35827021,
         24.18732562, -343.30530005])
34, array([   4.02154339,    5.73509131, -174.65427069,   20.23127102,
         15.08826719, -354.13376816]), array([  18.49739829,   11.17739653, -169.62454077,   59.57965527,
         42.50808824, -342.86114209])
35, array([   0.62960823,    6.77080484, -175.51978287,    5.45349828,
         19.84778087, -358.07964579]), array([   6.32919258,   13.09253946, -173.64659674,   21.93001793,
         43.89276073, -351.46084739])
36, array([  -2.33075123,    7.49945468, -175.61800414,   -6.7245537 ,
         21.83886297, -360.25024009]), array([  -0.88807847,   11.20494592, -176.53350205,   -2.60870118,
         37.23066454, -355.56913397])
37, array([  -4.77363817,    8.08111555, -175.20619666,  -15.8365183 ,
         22.08981511, -360.94317346]), array([  -6.38707115,   11.53210484, -177.21344143,  -18.33479933,
         39.09715451, -354.46858178])
38, array([  -6.49431954,    8.5194316 , -174.546673  ,  -21.17644812,
         21.44986195, -360.38259593]), array([  -9.49604975,   10.75486067, -176.32515587,  -27.10656045,
         31.21367516, -354.69064558])
39, array([  -6.49431954,    8.5194316 , -174.546673  ,  -21.17644812,
         21.44986195, -360.38259593]), array([  -8.6171484 ,    9.8583746 , -175.65142822,  -25.80679703,
         26.71315956, -355.13812256])
