0, array([   4.61220062,   11.43846588, -173.55618535,    4.86444433,
         -6.77450422, -356.75397031]), array([   5.00062513,    8.29568005, -175.98628235,    4.55414104,
          4.38894129, -355.36138916])
1, array([   4.71437757,   10.87885206, -173.417686  ,    4.53796426,
         -8.83771147, -356.55354655]), array([   5.33800042,    8.73764283, -175.65092575,    4.11670005,
          3.92738434, -355.36138916])
2, array([   6.75704145,   10.11598727, -173.77447477,    8.31263349,
        -13.84642529, -356.52913112]), array([   5.8931751 ,    7.73832821, -175.53987867,    6.11532881,
          0.59633607, -355.36138916])
3, array([  11.98708817,   12.74944213, -172.48216573,   22.7971839 ,
         -8.85749781, -355.18824974]), array([   8.69919375,   10.42359769, -174.64305196,   17.21379796,
          8.9813164 , -354.12726467])
4, array([  17.16520609,   16.10610948, -170.48366121,   37.37609546,
          0.50302159, -352.89207735]), array([  12.69645127,   12.31119123, -173.64374967,   29.53867477,
         13.20064342, -352.46174062])
5, array([  22.20992658,   19.49306993, -168.16220402,   51.59455693,
         11.79081765, -349.97939054]), array([  16.40272414,   14.10734538, -172.18144868,   43.21221651,
         19.59888566, -349.65697803])
6, array([  26.82351756,   22.38982476, -165.89312718,   64.24556326,
         23.52001159, -346.84700222]), array([  21.95447097,   16.55011455, -168.96144767,   55.53709521,
         29.36996045, -345.77075525])
7, array([  29.86020513,   24.47375317, -164.65854177,   72.34433443,
         34.44115713, -344.06148869]), array([  22.64203231,   18.11733088, -168.73015761,   60.59973566,
         29.39683995, -343.9715219 ])
8, array([  31.34270687,   26.34579034, -164.07330445,   76.11495852,
         44.9079576 , -342.0429511 ]), array([  24.97376674,   17.6731919 , -168.39704673,   65.81837919,
         31.50650298, -341.97288697])
9, array([  30.68033746,   29.67993208, -164.10936054,   74.00522256,
         59.63216584, -340.95615568]), array([  24.52577587,   20.13153516, -167.95240151,   63.0300252 ,
         39.66857412, -341.30180841])
10, array([  26.7066892 ,   34.53995144, -165.07414083,   63.37800208,
         79.24677599, -341.13488356]), array([  18.86299335,   22.79637287, -169.84000453,   54.03619838,
         44.55411057, -344.4107927 ])
11, array([  20.95490499,   38.0855997 , -166.45969504,   47.13146583,
         97.81340107, -341.78935125]), array([  15.71281721,   23.59002945, -170.40514393,   35.34624081,
         56.63657672, -349.22331759])
12, array([  13.52879267,   38.70130273, -168.1058172 ,   25.25466759,
        109.43899304, -343.00658898]), array([  11.16038406,   26.58797425, -170.29411203,   15.02684611,
         68.51731644, -350.66677783])
13, array([   5.22010835,   35.23199333, -169.77927815,   -0.427514  ,
        105.10118732, -345.28227904]), array([   7.45628834,   24.81560135, -171.85629272,    2.09847665,
         72.81267548, -350.78491211])
14, array([  -2.77492728,   29.80664929, -170.85629126,  -25.11452635,
         90.74926604, -347.2899591 ]), array([   0.49809966,   23.35045897, -173.8644737 ,  -21.66467625,
         82.04205529, -345.63776908])
15, array([ -10.20212158,   23.5231489 , -170.98366089,  -48.01452233,
         69.90801724, -348.45802601]), array([  -7.82952087,   20.24148037, -173.6424099 ,  -43.64959215,
         74.26960974, -342.86189566])
16, array([ -15.94148202,   17.23344483, -168.93357553,  -65.5936403 ,
         45.56591316, -347.36443881]), array([ -12.99507359,   15.7625698 , -172.40686192,  -56.00143714,
         58.56687485, -342.7381511 ])
17, array([ -19.90649888,   12.20943811, -166.51709017,  -78.31250696,
         24.0082824 , -345.01028129]), array([ -19.54613408,   12.65359215, -170.40824217,  -71.10218546,
         40.02403894, -340.07332477])
18, array([ -22.49706552,    8.34593   , -164.19636337,  -87.1770261 ,
          6.41018507, -342.15462396]), array([ -22.56509491,    9.62073007, -167.05860452,  -80.04728049,
         18.62117684, -340.18760714])
19, array([ -23.4139932 ,    5.09936553, -162.00859327,  -91.13186272,
         -7.79273035, -339.05001418]), array([-2.10106085e+01,  4.84622789e+00, -1.67724811e+02, -7.76045028e+01,
        3.00410392e-01, -3.42408306e+02])
20, array([ -22.34465542,    1.18629801, -159.7674194 ,  -88.49136412,
        -22.5461974 , -335.16572142]), array([ -17.53352081,    1.81286399, -166.94219824,  -71.43294412,
        -12.38914053, -343.19215953])
21, array([ -19.85382153,   -3.67028175, -157.0873587 ,  -80.90817815,
        -40.55229077, -329.99357104]), array([ -11.64867069,   -2.07335843, -165.72081698,  -59.55220819,
        -27.82299879, -342.08181016])
22, array([ -15.69316689,   -9.29494755, -153.92145246,  -67.34262125,
        -61.93713227, -322.96735454]), array([  -3.02169123,   -9.90676387, -162.47644865,  -44.07514157,
        -53.45925663, -338.61300293])
23, array([ -10.76101888,  -14.30882441, -151.45052551,  -48.19970914,
        -82.31327593, -316.41866586]), array([   6.52731336,  -15.34747689, -160.03368612,  -19.20331656,
        -72.33519583, -335.17093811])
24, array([  -5.23766903,  -18.19242855, -149.72293927,  -26.91736036,
        -97.33229848, -311.55588006]), array([   9.35267519,  -17.59966064, -161.13916352,   -9.96430492,
        -74.52917796, -334.04099443])
25, array([   0.82054477,  -20.31658127, -149.05769097,   -4.15495662,
       -104.03704714, -309.54691202]), array([   7.79818541,  -16.60034508, -159.14054377,  -20.17951965,
        -77.19401947, -333.04169214])
26, array([   7.03260678,  -18.2291494 , -150.55128215,   17.28243922,
        -95.36852232, -312.9854068 ]), array([   6.78656244,  -16.37258148, -159.68960571,   -9.51011658,
        -82.11740875, -333.14877319])
27, array([  12.56983892,  -14.04336697, -153.08012042,   35.59485131,
        -79.46642277, -318.68827451]), array([   8.81131707,  -15.7908632 , -159.68960571,   13.78544795,
        -79.57984861, -332.71285177])
28, array([  17.27259836,   -8.63334891, -156.19566615,   50.41380207,
        -60.1588411 , -325.36206323]), array([  12.25339991,  -10.57222157, -159.68960571,   31.10689785,
        -61.48115169, -335.04456723])
29, array([  20.07210735,   -3.13696671, -159.54148107,   58.57467184,
        -42.67620969, -331.80385026]), array([  17.85296137,   -6.31663559, -160.25231675,   55.16203525,
        -43.45589722, -334.37996692])
30, array([  21.39381226,    1.84625581, -162.91418551,   61.30881508,
        -28.53327272, -337.62771385]), array([  22.07228744,   -3.65179692, -161.47371319,   66.70967168,
        -32.68550687, -335.26825249])
31, array([  21.37111372,    6.25179505, -166.25879333,   59.26410056,
        -16.68518517, -343.34370498]), array([  21.18467936,    4.18680067, -165.05914746,   59.01753043,
         -9.15413906, -342.98114907])
32, array([  19.31374456,    9.64360189, -169.45637353,   50.30601373,
         -7.08059704, -349.12878627]), array([  20.85157417,   11.18200205, -168.94537024,   56.46372462,
         15.60665215, -346.20118044])
33, array([  16.48965172,   11.94116929, -171.82745091,   38.9257774 ,
          0.70505412, -353.93879698]), array([  19.49152218,   14.43609625, -169.6341705 ,   51.03532356,
         23.36050929, -348.45696488])
34, array([  13.29994372,   13.52469285, -173.61656106,   26.68094645,
          7.02716498, -357.70610082]), array([  10.71976107,   14.99126999, -174.18661504,   22.38831147,
         21.58394955, -355.56318867])
35, array([   9.81193461,   14.25094827, -174.70887089,   14.0542674 ,
         10.85923279, -359.96447839]), array([   3.43458016,   16.33239937, -176.87657761,   -1.26187943,
         25.60096989, -358.03994827])
36, array([   6.46353668,   14.17643316, -175.41762712,    3.87815817,
         12.3495263 , -360.78043819]), array([   1.21388155,   16.33239937, -175.10000648,   -9.03432415,
         28.26580761, -357.81788446])
37, array([   3.63495006,   13.77030774, -175.78081515,   -4.43115211,
         13.11851013, -361.01385656]), array([   0.75810232,   15.43750429, -176.76763916,   -8.73161635,
         24.14369877, -358.26351929])
38, array([   1.51425227,   13.09244109, -175.81260173,  -10.53593608,
         13.33015207, -360.83700169]), array([  -0.463282  ,   12.88369942, -176.76763916,  -12.50680438,
         21.25678967, -358.26351929])
39, array([   1.51425227,   13.09244109, -175.81260173,  -10.53593608,
         13.33015207, -360.83700169]), array([  -0.91529292,   13.65349197, -176.09790039,  -14.97955132,
         21.91345406, -357.81704712])
