0, array([ 9.25759359e+00,  1.72374274e+01, -1.73317703e+02,  1.06343536e-01,
        4.77096132e+00, -3.58935452e+02]), array([   5.89359379,   17.11374664, -174.64682007,   -6.49634743,
         22.58317947, -355.13812256])
1, array([  10.425188  ,   15.85091658, -173.12021082,    2.9514906 ,
          0.37914829, -358.16035245]), array([   7.5870017 ,   14.98591083, -175.64338944,   -0.86957271,
         15.64810185, -355.47098232])
2, array([  12.4830369 ,   15.13179246, -172.37673695,    9.59140332,
         -3.22652695, -356.44339211]), array([  11.80632919,   13.43142153, -173.86681831,    9.23460656,
         12.4280885 , -355.02685471])
3, array([  15.67460111,   15.32765683, -169.61611149,   21.1184899 ,
         -5.02979067, -353.07160662]), array([  12.83084857,   15.10038068, -172.06991432,   15.10137067,
         12.75801169, -353.56413501])
4, array([  19.47177835,   16.33824624, -166.05758011,   34.92790848,
         -2.80330747, -348.82643294]), array([  17.27224508,   13.99002942, -169.51610471,   29.64694716,
         12.09180131, -350.5661978 ])
5, array([  23.55037046,   17.80559677, -162.35329723,   49.60432069,
          2.53383609, -344.26651   ]), array([  21.52523712,   15.33953153, -167.15314027,   46.10867161,
         15.34355089, -345.63626183])
6, array([  27.50042179,   19.67083279, -159.12267017,   63.15544775,
         11.12840992, -340.07322512]), array([  23.07972547,   19.2257543 , -162.15656813,   56.54595868,
         20.56219443, -340.97280057])
7, array([  30.13386705,   21.67723497, -156.92515219,   72.05172894,
         21.29600966, -336.86089718]), array([  28.22283769,   20.01915967, -159.23507954,   68.75636393,
         25.27389375, -335.37014184])
8, array([  31.34270687,   23.87216469, -155.42235051,   76.11495852,
         31.93785749, -334.49015866]), array([  30.44353452,   21.46261422, -155.68195246,   77.63916643,
         30.49253538, -330.48461678])
9, array([  30.5076027 ,   27.60799088, -153.95099419,   73.35567324,
         47.70759935, -332.38381824]), array([  34.46892854,   22.91770819, -152.43523946,   85.13603588,
         36.2277502 , -326.22961128])
10, array([  26.85694308,   33.09745744, -152.75513282,   60.25231622,
         71.27963887, -330.68559968]), array([  34.69099614,   22.6956387 , -153.10144604,   79.47325716,
         53.99334383, -327.11789684])
11, array([  21.6773837 ,   37.95084805, -152.722028  ,   42.34766926,
         94.37845662, -329.94585998]), array([  27.4295979 ,   29.28329215, -152.88464242,   48.1774711 ,
         75.94853167, -330.69353392])
12, array([  15.05801682,   40.6320029 , -154.46138644,   20.18609236,
        111.04395405, -330.91070202]), array([  18.32473349,   33.05847923, -158.10329354,   20.97391166,
         89.82789873, -331.2487086 ])
13, array([   6.82200875,   38.51733839, -158.22098841,   -6.20235139,
        111.86945577, -334.73664927]), array([   8.23763657,   35.41960526, -161.14067078,   -1.47339845,
         92.23474121, -332.70230103])
14, array([  -1.23450738,   33.33256501, -162.72109511,  -31.26071881,
        100.5279636 , -339.16789526]), array([  -0.7407856 ,   34.52060898, -162.38258275,  -29.96884944,
         87.64873342, -332.22417634])
15, array([  -8.8686235 ,   26.26277092, -166.85135536,  -54.28128405,
         80.17550592, -343.16706665]), array([ -11.51117418,   33.18818822, -165.49155186,  -61.72484203,
         85.53906659, -325.22896927])
16, array([ -15.17325263,   18.33010123, -168.56741282,  -72.0971316 ,
         53.50169848, -345.60169618]), array([ -16.43062592,   25.23110426, -169.18617583,  -79.27958043,
         67.24987234, -324.37175003])
17, array([ -19.7530366 ,   11.52719717, -168.74003861,  -84.14938217,
         29.14322334, -345.82422643]), array([ -16.43062592,   17.01451783, -171.51792164,  -80.94510447,
         42.48907923, -335.25317987])
18, array([ -22.7742733 ,    6.32536775, -168.13679595,  -91.13186272,
          9.24415378, -344.90354052]), array([ -17.78113191,   11.18978957, -170.62879868,  -82.7369005 ,
         27.12648532, -340.29920993])
19, array([ -23.4139932 ,    1.90932558, -167.50805317,  -90.66396908,
         -8.4328917 , -343.52535307]), array([ -21.44528519,    8.52495185, -170.73983058,  -83.84724986,
         16.13402547, -342.51990866])
20, array([ -22.02115752,   -3.11889354, -167.23192395,  -83.16685908,
        -28.77442187, -340.91099681]), array([ -21.00231852,    3.25740629, -169.73173596,  -76.90965824,
         -5.6058784 , -346.9900583 ])
21, array([ -19.32041962,   -8.80174361, -166.99584088,  -71.1836497 ,
        -52.46906309, -336.02170144]), array([ -18.89265169,   -3.51572394, -168.06619674,  -68.24894231,
        -32.3652998 , -347.10107502])
22, array([ -15.20192188,  -14.36537706, -166.72436084,  -54.3493037 ,
        -76.5220815 , -328.04132272]), array([ -15.3035292 ,   -9.90391682, -168.50732497,  -53.34605864,
        -59.05102963, -344.63721079])
23, array([  -9.9261652 ,  -17.74070207, -166.39212654,  -34.08225987,
        -93.51385019, -319.85322604]), array([  -8.08625738,  -13.45703725, -168.28526117,  -32.69355969,
        -85.0332078 , -338.97441688])
24, array([  -4.49867384,  -18.94162661, -166.05264995,  -12.58693281,
       -102.77645598, -313.31459737]), array([  -4.37236494,  -18.9416274 , -167.72564846,  -15.5182289 ,
       -114.0496634 , -327.00283035])
25, array([   0.83755043,  -17.89132093, -165.86505135,    9.53598962,
       -102.62756807, -309.87823138]), array([-1.53037282e-01, -2.12733599e+01, -1.66837363e+02,  1.02418769e+01,
       -1.25486268e+02, -3.18008988e+02])
26, array([   5.48135165,  -14.84589204, -166.23060467,   27.22170044,
        -89.46388405, -312.31187665]), array([   7.23304653,  -18.49338341, -166.94496155,   38.93343735,
       -108.23674011, -321.09368896])
27, array([   9.43262925,  -10.63074151, -166.96185151,   40.99982709,
        -71.34490454, -317.37496428]), array([  11.48419447,  -12.2084387 , -165.27767904,   57.16133627,
        -82.54137553, -327.04026061])
28, array([  12.56772924,   -5.72668113, -167.96251457,   50.48071398,
        -51.73130397, -323.85935061]), array([  13.59385845,   -4.65806217, -166.83217119,   64.60067473,
        -52.89503838, -333.81337352])
29, array([ 1.38609928e+01, -2.98310175e-01, -1.69118471e+02,  5.10431366e+01,
       -3.40411238e+01, -3.31316034e+02]), array([  11.93034409,    2.38269248, -168.2848425 ,   55.11807345,
        -24.47905523, -343.09311721])
30, array([  13.66063036,    4.28117071, -170.11756412,   45.8518406 ,
        -19.63799485, -338.58727845]), array([  14.37311326,    3.15993713, -168.3958744 ,   55.00704155,
        -13.37555969, -345.75794354])
31, array([  12.33994093,    8.02464799, -171.03752213,   36.60011122,
         -6.89928415, -346.00984093]), array([  16.04709377,    6.18693764, -168.17079611,   51.26342019,
         -6.74436312, -348.67849576])
32, array([   9.78227843,   10.08578542, -171.86087402,   23.49908957,
          1.75572475, -352.54215658]), array([  14.71467491,   10.18419469, -167.50458953,   31.38816922,
          2.80464194, -353.4530041 ])
33, array([   6.73874953,   11.041516  , -172.9433576 ,    9.52393544,
          6.83992471, -357.22383628]), array([  10.45950761,   10.53187008, -169.73701141,   15.90231311,
          6.97104823, -355.81137824])
34, array([   3.64781912,   11.39658567, -173.92434794,   -3.91783612,
          9.15697863, -360.14768613]), array([   5.79604066,   12.19739412, -170.40321799,   -0.53085751,
         13.5221092 , -357.36585521])
35, array([   0.72606538,   11.22677205, -174.59290868,  -15.88816068,
          8.20461202, -360.94215366]), array([  -0.69841481,   12.20174843, -173.08646634,  -17.56492209,
         15.21267053, -358.04078559])
36, array([  -1.53669562,   10.61083849, -175.03677743,  -24.38415632,
          5.04163351, -360.57416606]), array([  -4.91774194,   11.7576085 , -174.64095848,  -29.5566975 ,
         12.88093706, -358.37386611])
37, array([  -3.42633695,    9.87577742, -175.30003514,  -30.65548846,
          1.44729507, -359.8722353 ]), array([  -7.61297705,   12.98301197, -175.65134448,  -37.19265254,
         10.5260085 , -358.37528956])
38, array([  -4.8968411 ,    9.07002491, -175.38928252,  -34.45812244,
         -2.31956485, -359.02935669]), array([  -8.16815268,   11.98369735, -175.5402974 ,  -37.85886291,
          7.75013509, -358.59738372])
39, array([  -4.8968411 ,    9.07002491, -175.38928252,  -34.45812244,
         -2.31956485, -359.02935669]), array([  -6.94283199,    9.8583746 , -175.76303101,  -36.41080093,
          5.50515223, -358.93325806])
