0, array([ -17.12602188,   16.14070877, -171.96387092,  -48.94738179,
         16.11679817, -358.26754387]), array([ -18.43980408,   10.63972282, -172.97251892,  -52.37261963,
         10.75134373, -345.98519897])
1, array([ -16.44409705,   14.97964382, -172.70151361,  -48.23367788,
         12.64955507, -358.65254175]), array([ -18.76713143,   10.63218652, -172.97503095,  -55.14254773,
          9.95140689, -345.88314213])
2, array([ -13.84973561,   12.53224483, -173.88517087,  -43.39656979,
          4.25349696, -359.46005279]), array([ -17.10160738,    8.96666247, -173.53019046,  -50.59011457,
          5.84311367, -347.99279378])
3, array([  -9.74045211,    9.63327757, -174.67253559,  -34.27378012,
         -5.50951981, -359.83203503]), array([ -15.62750613,    6.9516213 , -173.97542181,  -46.61630315,
         -0.88781413, -349.78996422])
4, array([  -1.6106615 ,    6.03168361, -173.97578318,  -12.81914917,
        -17.11662161, -357.8670361 ]), array([  -9.85368982,    5.73023624, -173.53127903,  -29.73899319,
         -8.99336487, -352.34377383])
5, array([   6.02997844,    5.32993736, -171.07531616,    8.81430034,
        -19.34105531, -353.32692891]), array([  -1.79151452,    3.05819622, -172.85520675,   -4.44194999,
        -16.57472353, -352.34193156])
6, array([  13.65481078,    6.87273565, -166.82799927,   30.4830974 ,
        -14.03709168, -347.07178271]), array([   3.76023254,    5.94510532, -170.96760372,   10.54776691,
         -9.57952216, -350.45431335])
7, array([  21.25518664,   10.09679736, -162.10331806,   51.58727338,
         -3.09938051, -340.10741042]), array([  11.49147956,    9.63814731, -166.0479826 ,   30.60707316,
          2.95369341, -345.41227213])
8, array([  27.3915467 ,   14.19815717, -158.30608014,   67.86930352,
         10.44830403, -334.22514516]), array([  18.93081898,   10.97056617, -164.27142665,   50.59336173,
          9.94889479, -338.86122302])
9, array([  30.86871164,   18.27284064, -156.23468629,   76.11495852,
         24.24312217, -329.76737493]), array([  24.31609751,   10.86715147, -157.78651133,   64.16499697,
         15.79422229, -332.36056525])
10, array([  31.34270687,   22.49944867, -154.81698275,   75.16028764,
         40.29656078, -325.31050946]), array([  27.6471475 ,   13.64302488, -154.12235235,   67.60707697,
         29.00737992, -327.80815107])
11, array([  28.83191391,   28.68675669, -153.20202098,   64.98881862,
         64.42698807, -319.30821895]), array([  26.99048312,   18.90110652, -153.21666475,   62.48523387,
         45.69602869, -325.44651125])
12, array([  23.59766643,   35.84077631, -152.54275028,   46.47852747,
         93.22371626, -313.23328876]), array([  27.6566935 ,   20.78870006, -154.660125  ,   62.15213058,
         55.35607348, -324.89133657])
13, array([  15.93280907,   40.50693565, -153.97582168,   21.8094404 ,
        110.56179711, -312.01743025]), array([  22.97162056,   25.59694862, -154.10853577,   46.74691391,
         74.93347168, -324.55395508])
14, array([   7.34598715,   41.19403642, -157.69602067,   -4.6712665 ,
        111.95685176, -315.55432254]), array([  17.14471514,   30.27800219, -157.57332368,   29.67650509,
         86.6381115 , -324.57505671])
15, array([  -1.41593938,   37.70671684, -162.24834354,  -30.45623953,
         98.66845631, -322.35329112]), array([  12.148143  ,   28.72351195, -158.57264114,    6.69227505,
         83.19603151, -329.23851797])
16, array([  -9.96260937,   30.84347192, -166.10855893,  -54.39501126,
         75.0812584 , -330.24655382]), array([  -1.29537401,   32.97859741, -161.82002404,  -35.30145564,
         88.03458328, -324.72401835])
17, array([ -16.52509432,   22.74305079, -167.64156437,  -72.59016217,
         47.55950232, -336.01838489]), array([ -13.28714777,   36.86482019, -164.37383365,  -66.72434114,
         99.02705261, -310.62258749])
18, array([ -20.91493429,   15.27227447, -167.48600881,  -84.91010333,
         22.67720712, -338.97150098]), array([ -19.33846731,   33.94341153, -163.38146633,  -79.61285117,
         91.14440951, -306.72706992])
19, array([ -23.18180548,    9.58116075, -166.69120767,  -91.13186272,
          3.38344018, -339.96212265]), array([ -21.22606085,   25.6157894 , -166.15733974,  -81.16733573,
         62.71946501, -317.49745269])
20, array([ -23.4139932 ,    4.62788284, -165.79634941,  -91.12221282,
        -13.99978096, -339.81624877]), array([ -24.69133972,   17.5416407 , -165.83102673,  -90.1088301 ,
         31.22657139, -324.00640043])
21, array([ -21.53591718,   -0.85369212, -164.71112722,  -83.9527725 ,
        -34.08326748, -337.85261395]), array([ -25.02444491,    9.32505616, -166.83032902,  -93.77298148,
          3.35680205, -328.66986169])
22, array([ -17.8681156 ,   -7.08157638, -163.66100773,  -71.09640589,
        -56.66864294, -332.61074794]), array([ -18.20517407,    0.35919426, -167.28066832,  -77.11833175,
        -27.5641681 , -337.50770824])
23, array([ -13.15991515,  -13.07772433, -162.05531647,  -54.1239242 ,
        -78.31633557, -325.56715167]), array([ -10.65479896,   -7.19118168, -167.83585818,  -54.46720926,
        -47.10631578, -341.28288394])
24, array([  -7.41470265,  -17.8557474 , -160.2101637 ,  -32.97711534,
        -95.55380711, -318.20547771]), array([  -6.60219097,  -12.80506308, -166.94203077,  -39.07120441,
        -68.40249458, -339.28424894])
25, array([  -0.87431906,  -20.13350043, -158.94029166,   -8.6577177 ,
       -104.08680607, -313.00012086]), array([   1.05921972,  -18.5788775 , -163.05582318,  -14.53247985,
        -87.61154466, -334.39872388])
26, array([   6.26145345,  -17.74783173, -157.72267833,   15.51541097,
        -96.48107515, -312.38064832]), array([   6.45169926,  -18.82824516, -161.14067078,    9.46546936,
        -91.82844543, -331.1395874 ])
27, array([  12.93835163,  -12.06996451, -157.00903414,   36.47016142,
        -77.67577773, -315.16646873]), array([   7.58197749,  -14.55499263, -160.47044486,   18.90494546,
        -83.44941537, -331.60266999])
28, array([  18.50275198,   -4.91565712, -156.89758389,   52.26394654,
        -55.08942265, -319.88295677]), array([  10.69095562,   -7.55979078, -160.35941296,   32.89534822,
        -57.13412632, -335.26682897])
29, array([  22.63519817,    2.29081566, -157.30336456,   62.12020994,
        -34.08229897, -325.16490692]), array([ 1.66238725e+01,  5.28840908e-02, -1.59460912e+02,  4.92377489e+01,
       -3.78735865e+01, -3.34821834e+02])
30, array([  24.20978489,    8.26989654, -158.14513221,   63.54609033,
        -18.45618529, -330.2395829 ]), array([  20.51009531,    4.60531716, -158.01746645,   58.56468284,
        -26.77009284, -334.48872264])
31, array([  23.99916562,   13.25610525, -159.25472957,   59.35256309,
         -6.0386861 , -335.55996316]), array([  25.98471982,    9.2020461 , -157.79237295,   68.60287749,
        -11.87223335, -334.27740767])
32, array([  22.21771565,   17.50240571, -160.59347438,   51.10063544,
          4.36757765, -341.17773812]), array([ 2.57626503e+01,  1.36434436e+01, -1.57903420e+02,  6.13856066e+01,
       -1.02530860e-01, -3.38385694e+02])
33, array([  19.07336306,   21.09328664, -162.35694799,   39.62093881,
         12.67010964, -346.95015724]), array([  20.94987998,   18.34886263, -161.59268482,   38.56892897,
         12.33087032, -344.6515298 ])
34, array([  15.16977881,   23.34549236, -164.67533608,   26.76056957,
         16.91875302, -351.78003565]), array([  15.3981341 ,   21.56887693, -164.03544735,   25.46680798,
         19.77021258, -347.20533941])
35, array([  11.00753673,   24.16358139, -166.55612504,   15.07569666,
         17.52108853, -355.16296535]), array([   9.34195688,   19.90712104, -168.17699262,    9.20789453,
         17.55855743, -350.78876401])
36, array([   7.41662146,   24.10885214, -168.56801722,    5.92077071,
         16.35499425, -357.20786668]), array([   1.45847659,   21.79471458, -170.95286604,  -13.55426744,
         16.44820806, -353.34257362])
37, array([   4.58525105,   23.62761419, -170.35959981,   -0.66072649,
         14.47550484, -358.20647734]), array([  -4.15213718,   22.91712203, -172.5269526 ,  -25.91682789,
         18.5644863 , -353.57636054])
38, array([   2.79099844,   23.22579834, -171.29037036,   -4.45209599,
         13.02971185, -358.47834487]), array([  -3.93006697,   21.69573697, -173.74833386,  -23.80716295,
         18.12034731, -354.79772663])
39, array([   2.79099844,   23.22579834, -171.29037036,   -4.45209599,
         13.02971185, -358.47834487]), array([-2.23242138e-02,  2.06856213e+01, -1.74870071e+02, -1.15192966e+01,
        1.96810322e+01, -3.55584625e+02])
