0, array([   1.49610287,   12.8303889 , -174.80739419,  -10.84330108,
          0.47219365, -359.84601594]), array([  -2.81285143,   11.86755466, -177.10247803,  -22.90464973,
         11.08620739, -353.35220337])
1, array([   4.30828479,   13.85543455, -175.84636789,   -3.93601496,
          1.82259299, -360.73065537]), array([-1.03297648e-01,  1.36735888e+01, -1.76086345e+02, -1.32147983e+01,
        1.55037391e+01, -3.53343662e+02])
2, array([  10.55954737,   18.64450379, -174.03716615,   14.48658829,
         15.46847122, -357.762205  ]), array([   6.6698336 ,   18.11498625, -173.53253508,    6.7714903 ,
         29.71621231, -351.4560744 ])
3, array([  18.3810018 ,   24.38967186, -170.35523894,   38.33141438,
         33.35582822, -351.23486788]), array([  13.26770341,   22.7086179 , -172.29608128,   23.7822757 ,
         43.26825127, -347.98098691])
4, array([  26.3296438 ,   28.3025196 , -165.61217711,   61.75347925,
         49.60528171, -342.066419  ]), array([  15.15529695,   26.37277118, -170.51954051,   31.55472125,
         52.59518897, -344.42787501])
5, array([  31.34270687,   28.6114098 , -162.57176738,   73.47747744,
         61.51407117, -334.87153716]), array([  18.6371557 ,   29.17150472, -167.48767472,   40.66235011,
         60.22996977, -339.15087456])
6, array([  31.08275954,   30.22007684, -162.02635438,   68.84171295,
         79.41456393, -331.2639279 ]), array([  24.8551129 ,   30.05978269, -162.38007068,   58.76104324,
         70.33414975, -330.71220724])
7, array([  26.08734348,   33.34458883, -163.80999256,   51.73380213,
         95.66922103, -332.27549518]), array([  25.8529174 ,   32.29170405, -160.81661867,   55.16932491,
         84.32873858, -326.79341085])
8, array([  18.40285541,   34.42452676, -167.48346327,   28.94860928,
         97.36347928, -339.27109985]), array([  16.6370192 ,   31.18135469, -165.59111183,   28.29886877,
         92.76739072, -329.90239515])
9, array([  10.19765521,   33.97438823, -170.24680302,    4.77157062,
         89.7586056 , -348.21371777]), array([   7.10635349,   31.96337186, -166.05719363,    2.38627978,
         93.91408182, -332.02837542])
10, array([   2.89884586,   33.24994779, -171.14545478,  -17.98186156,
         82.03422987, -352.83161894]), array([  -2.88679127,   34.62821147, -169.49927362,  -28.81453789,
         97.24512992, -329.25250201])
11, array([  -2.73261113,   33.50633307, -170.03007   ,  -39.56125626,
         80.08450962, -349.66491894]), array([  -9.28821456,   34.63892978, -169.06561316,  -57.29022344,
         94.57083376, -322.6566538 ])
12, array([  -6.84908175,   33.76668398, -167.64520488,  -63.61450003,
         78.19517287, -341.58851673]), array([ -11.0647743 ,   35.52720775, -168.84353418,  -65.61785126,
         84.02250721, -322.98976468])
13, array([  -9.39711743,   31.48990335, -167.30069305,  -82.93288526,
         67.46770103, -336.66049656]), array([ -12.97037125,   32.07097244, -169.95874023,  -81.17085266,
         73.7056427 , -317.0753479 ])
14, array([  -9.86555193,   26.63296703, -168.48386564,  -91.13186272,
         53.6187435 , -336.99175805]), array([ -16.87258775,   27.36329058, -169.18642702,  -95.33065563,
         61.27399963, -310.19303007])
15, array([  -8.33430767,   21.21962136, -170.33605734,  -82.60507368,
         49.00798931, -341.18936767]), array([ -15.87327408,   23.03292882, -171.18506195,  -91.77753614,
         52.05810143, -318.63166703])
16, array([  -6.15553345,   15.65172134, -172.00852811,  -60.56065315,
         43.17697113, -348.99885163]), array([ -10.04770749,   18.31520045, -171.29569037,  -70.25610778,
         49.89141366, -333.18101194])
17, array([  -5.17875196,   10.08686087, -172.36134162,  -37.5130758 ,
         30.6145323 , -356.45488729]), array([  -4.60699494,   11.32000003, -170.6294686 ,  -47.04981061,
         39.56516229, -341.73072633])
18, array([  -7.19369075,    5.47305576, -170.08980419,  -26.39655046,
         15.89642956, -358.82161137]), array([  -4.94504013,    1.58066175, -169.05975158,  -38.32242882,
         18.2665513 , -343.86039096])
19, array([ -11.85960808,    2.40807589, -165.53706247,  -32.93001645,
         -0.7782204 , -356.6099867 ]), array([  -8.7202291 ,   -4.30418931, -167.06111665,  -42.98589388,
         -6.60527656, -342.52794744])
20, array([ -17.57047624,    0.89983758, -160.9614268 ,  -51.8264679 ,
        -19.24325693, -350.10511608]), array([  -9.06865717,   -5.09407868, -165.04792669,  -38.54114694,
        -22.5155117 , -341.29360222])
21, array([ -22.02878368,    0.48131986, -157.79854878,  -73.43029219,
        -34.1152506 , -341.71471108]), array([ -11.2893559 ,   -2.98441399, -165.26997531,  -42.76047301,
        -24.18103575, -339.73912526])
22, array([-2.34139932e+01,  1.91302302e-01, -1.56542942e+02, -8.44106709e+01,
       -4.26632095e+01, -3.35413466e+02]), array([ -15.75989375,   -1.07999043, -164.93813563,  -56.18599066,
        -23.07855764, -337.83487387])
23, array([ -21.44048033,   -0.4207473 , -156.6878301 ,  -80.23849697,
        -52.81767304, -332.04745414]), array([ -15.09368432,   -0.74688447, -166.49261259,  -68.28879798,
        -28.85237395, -336.50246071])
24, array([ -16.4697228 ,   -1.10312223, -158.82681883,  -66.24890378,
        -59.97591306, -332.88038764]), array([ -13.41526481,   -1.52848349, -165.38259814,  -72.23187039,
        -41.1567364 , -334.93673257])
25, array([ -10.01069761,   -2.06304485, -162.20790865,  -47.06053866,
        -57.80223705, -338.81370891]), array([ -11.30560083,   -3.52711213, -165.8267561 ,  -59.90699927,
        -46.81951891, -337.60155891])
26, array([  -3.02961408,   -5.36668377, -162.86652011,  -26.26033096,
        -52.07316991, -346.43024413]), array([  -6.83121109,   -6.99640989, -165.04742432,  -37.30376816,
        -58.56535339, -339.06469727])
27, array([   3.25127014,  -10.22890103, -160.27907288,   -7.95297893,
        -54.57297478, -348.19346722]), array([  -0.66341284,  -14.05215437, -163.25343596,  -16.44879565,
        -75.69261645, -335.58235508])
28, array([   8.34578495,  -15.38094583, -155.4253432 ,    7.98468694,
        -67.67351254, -341.56629411]), array([   5.66557899,  -19.27079506, -161.47689519,    4.20370187,
        -86.5740463 , -330.69679967])
29, array([  12.20588516,  -19.18098294, -150.66605426,   23.6180507 ,
        -84.99087686, -329.15298192]), array([   7.56037341,  -20.38549874, -159.80666667,   10.88974724,
        -85.99903361, -329.58360328])
30, array([  16.07254856,  -18.41404273, -149.86913977,   41.6124869 ,
        -91.24673954, -318.23701422]), array([   5.56174512,  -18.94204608, -161.25012691,    3.78351112,
        -79.33692983, -331.36017441])
31, array([  20.62869363,  -13.24156643, -152.98495981,   59.47499411,
        -78.2403839 , -315.51440292]), array([   7.71503548,  -15.45181175, -162.24986305,   19.29004928,
        -71.09781324, -332.25448901])
32, array([  23.9405716 ,   -7.08386517, -158.44692158,   72.34618616,
        -55.04568355, -320.01463151]), array([  19.48473951,   -6.23591259, -159.91811724,   56.93089577,
        -44.33839659, -331.81033105])
33, array([  24.69363548,   -1.07150783, -163.74276792,   76.11495852,
        -34.78825406, -326.98451354]), array([  25.20153224,   -2.18539921, -163.15714167,   73.62323087,
        -33.74502802, -331.71857379])
34, array([  21.41686628,    4.83552797, -168.43730554,   64.94897294,
        -21.50157046, -334.93303965]), array([  24.09118097,    2.81117412, -166.37715787,   62.85284051,
        -15.86840344, -340.93444923])
35, array([  14.55119858,   11.30137441, -172.28356215,   41.27965265,
         -5.64890872, -345.44348138]), array([  23.96499082,   12.76688779, -167.06212146,   70.15083057,
         14.99344714, -340.30473661])
36, array([   6.61478685,   16.81767411, -174.05426498,   14.98957587,
          9.95225279, -354.36895439]), array([  16.52564856,   16.98621481, -170.72626526,   45.94521973,
         15.32655233, -348.4103234 ])
37, array([ 2.23336791e-01,  1.99550754e+01, -1.73942136e+02, -5.48540936e+00,
        2.01268861e+01, -3.58682071e+02]), array([  -1.47917628,   19.68479843, -174.53562071,   -7.85221305,
         17.7981279 , -354.91215365])
38, array([  -2.99598248,   21.04942038, -172.60190426,  -16.65599221,
         23.88490528, -359.35162908]), array([  -9.1405878 ,   24.68137247, -175.09079539,  -29.61506278,
         37.22924178, -351.24796432])
39, array([  -2.99598248,   21.04942038, -172.60190426,  -16.65599221,
         23.88490528, -359.35162908]), array([  -8.17066479,   22.13669586, -174.98168945,  -26.81138802,
         34.63825607, -351.45465088])
