0, array([  12.78932048,   19.33454874, -171.54924357,   16.64317396,
         14.30459298, -356.47885513]), array([   3.8844142 ,   16.89050484, -175.87464905,   -5.38013649,
         30.95476151, -352.6824646 ])
1, array([  19.69497017,   20.79271325, -168.23442447,   38.32999647,
         21.76880024, -351.77990183]), array([  10.92218946,   18.90207556, -173.41659852,   20.64461189,
         37.10023803, -350.55756081])
2, array([  27.8684975 ,   21.64420977, -164.07290222,   64.68055606,
         29.52650847, -344.69147261]), array([  17.50448459,   21.6961439 , -170.62272159,   40.50512794,
         44.47641844, -345.75258401])
3, array([  30.60277952,   22.67987206, -161.56467742,   73.74968764,
         36.55075902, -340.08902197]), array([  18.85829272,   25.15735369, -167.26145603,   45.77850039,
         53.52232531, -340.26925531])
4, array([  31.34270687,   24.41790485, -159.43164506,   76.11495852,
         45.16904129, -336.48473037]), array([  25.32217206,   27.82439397, -160.12612482,   59.82227483,
         61.33484106, -331.22901769])
5, array([  29.41196287,   28.43975288, -156.73996312,   69.33151814,
         61.98008851, -332.60434717]), array([  27.20508779,   26.37781928, -157.22866887,   64.34955311,
         66.89005984, -324.78006229])
6, array([  24.02688356,   34.3292317 , -153.52249333,   50.44730184,
         85.44390608, -328.68974351]), array([  25.32434132,   26.26718447, -156.01171805,   56.60530141,
         65.34120647, -325.44386739])
7, array([  16.95450726,   39.52330782, -150.55498241,   26.31842117,
        105.60365078, -325.07779437]), array([  24.09239332,   26.60029547, -156.56213543,   51.00925332,
         62.88752253, -327.67102718])
8, array([   7.64603318,   42.3116106 , -149.07883448,   -3.860552  ,
        114.89131279, -323.64389958]), array([  11.39939359,   31.72143629, -159.90327154,   15.3718486 ,
         81.57714388, -327.12284129])
9, array([  -1.975675  ,   41.16126705, -150.03676951,  -33.81303649,
        109.04699729, -325.52648123]), array([-1.10944786e-01,  3.55236347e+01, -1.60804030e+02, -1.56988186e+01,
        9.43300882e+01, -3.22331135e+02])
10, array([ -11.35860671,   36.73349057, -152.71036961,  -62.34311646,
         91.21426309, -329.22835443]), array([ -12.0637495 ,   36.98064096, -161.58626499,  -46.19862373,
         91.67969823, -317.52730702])
11, array([ -18.1965759 ,   30.21438755, -156.51360926,  -81.92086099,
         67.11775648, -333.82086003]), array([ -20.55818154,   33.07667805, -161.25239978,  -71.34102787,
         82.30314812, -311.49601586])
12, array([ -21.97525908,   24.75627606, -159.61237205,  -90.57151684,
         49.82246818, -337.57538404]), array([ -23.91147188,   29.38925777, -162.03460266,  -83.40965471,
         72.02513753, -309.70690658])
13, array([ -23.4139932 ,   20.96140705, -162.00112417,  -91.13186272,
         39.86707844, -341.33529457]), array([ -27.81773164,   24.47403851, -163.70907856,  -94.56729798,
         61.17999734, -307.15097198])
14, array([ -20.15212045,   19.2223208 , -164.37698957,  -77.07143802,
         36.07984599, -347.55571134]), array([ -29.03360161,   19.78831361, -164.49109002,  -95.86222664,
         44.31458463, -314.10187672])
15, array([ -14.22768042,   16.38001466, -167.23147304,  -54.37611933,
         26.79903341, -353.70894894]), array([ -24.54562784,   17.87228481, -165.27731248,  -77.14235644,
         29.10566145, -331.74579796])
16, array([  -6.10145424,   11.94771565, -170.15961479,  -24.60173584,
         11.60502574, -357.80944232]), array([ -13.93610604,   10.60086758, -167.39548369,  -38.40610299,
          8.97118028, -347.00677829])
17, array([   3.47170265,    6.6307084 , -170.94323143,    7.42834572,
         -6.2168596 , -354.34530723]), array([  -4.23518288,    0.90536834, -168.39712654,   -7.06574608,
        -17.45906198, -351.22433431])
18, array([  11.84751359,    1.26586358, -170.26021259,   34.74713972,
        -23.04817561, -347.43773181]), array([   1.62832177,   -3.85181576, -168.61839995,   13.40120533,
        -34.16452188, -349.78614033])
19, array([  18.52404675,   -3.28104488, -168.33686738,   55.56153262,
        -35.62283779, -338.99078174]), array([   8.99582477,   -6.87531491, -168.17420943,   39.18723904,
        -38.23768769, -345.3295271 ])
20, array([  20.07225145,   -7.49643995, -166.04404203,   58.68044787,
        -49.42177363, -331.76760438]), array([  15.70093801,  -10.44849652, -166.16821373,   53.63449775,
        -50.0551014 , -339.74719638])
21, array([  19.32070045,  -11.78236241, -163.83234919,   54.59490726,
        -65.3112604 , -324.74900343]), array([  19.1715595 ,  -13.13174242, -163.93440344,   59.24049891,
        -66.57846704, -333.93843948])
22, array([  15.61920277,  -16.2364739 , -161.56091384,   41.58518881,
        -83.80278843, -317.30113003]), array([  17.6147009 ,  -15.14360216, -162.59250147,   50.99323909,
        -83.67034545, -331.02964347])
23, array([   9.65023445,  -19.28740834, -160.1367288 ,   21.97260746,
        -97.52649403, -312.11804767]), array([  11.13854068,  -20.50310579, -162.59141684,   24.41695301,
       -105.67514246, -328.57002979])
24, array([   3.15405183,  -20.44083172, -159.40634194,    0.81110184,
       -103.74597012, -309.61533407]), array([   6.77916144,  -22.4006321 , -161.47759705,    4.31711712,
       -125.5317647 , -320.5396668 ])
25, array([  -3.78188047,  -18.77381401, -159.95346791,  -21.81330839,
        -98.81442506, -311.76952671]), array([ 2.98470794e-01, -2.28307525e+01, -1.63265048e+02, -7.76504427e+00,
       -1.20006055e+02, -3.24135366e+02])
26, array([  -9.21203021,  -15.1252973 , -161.62010785,  -40.2326595 ,
        -85.05532552, -317.99759373]), array([  -6.73841122,  -14.90555645, -165.04806227,  -28.20315816,
        -88.75725284, -338.07351797])
27, array([ -13.29082006,  -10.91321869, -163.60257672,  -54.75265445,
        -68.29696707, -325.52346342]), array([ -13.31974979,   -9.33630508, -165.27810996,  -46.50148818,
        -68.69011531, -342.75442013])
28, array([ -14.09512605,   -7.2391949 , -166.14005695,  -59.81371047,
        -52.1273668 , -334.23078843]), array([ -17.21299212,   -8.21505381, -167.2803414 ,  -58.52607136,
        -59.87571446, -344.43119287])
29, array([ -11.64162102,   -4.43073698, -168.79741681,  -54.93442038,
        -39.70573703, -341.98624858]), array([ -17.43425796,   -6.22367537, -167.39098567,  -61.62377053,
        -53.56967941, -346.31193367])
30, array([  -7.23292423,   -1.46835968, -171.60214615,  -43.99623731,
        -27.93663899, -349.64494243]), array([ -12.09577796,   -3.65658219, -170.50614225,  -54.5179157 ,
        -41.86238821, -353.3280863 ])
31, array([  -0.86606256,    1.50505794, -173.88584314,  -26.55523331,
        -18.27018709, -355.53819315]), array([  -3.95002099,    1.1395847 , -175.08153613,  -37.90465648,
        -24.67675815, -361.03426667])
32, array([   4.73547743,    4.18000326, -175.1873716 ,  -10.76124358,
        -10.46839042, -359.20677477]), array([   5.2081722 ,    4.49482004, -176.54189954,  -20.14455581,
        -12.59813586, -365.17693907])
33, array([   9.85096889,    6.39563703, -175.64698298,    4.08918599,
         -4.75237688, -360.86605846]), array([  13.3652204 ,   10.52293398, -175.76370093,    2.63705855,
          3.7052421 , -366.4108125 ])
34, array([   9.85096889,    6.39563703, -175.64698298,    4.08918599,
         -4.75237688, -360.86605846]), array([  16.6092186 ,   11.64431286, -174.98168945,   15.38138676,
          6.95622683, -365.96539307])
