0, array([   3.99478395,    9.18796713, -174.35009697,   -7.49997036,
         -9.9874913 , -359.62196703]), array([  -4.15230465,    7.17946911, -176.09790039,  -27.70435715,
          5.17028904, -353.35220337])
1, array([   9.50021624,   10.3596699 , -172.52373079,    8.63091123,
         -5.68336458, -357.78873811]), array([   5.78723653,    9.74914626, -175.42712415,   -1.23388685,
         13.77066363, -352.90426515])
2, array([  15.51147514,   12.50172449, -169.94174655,   26.91135359,
          2.5793284 , -354.88403882]), array([  11.92304709,   12.54168336, -174.196137  ,   17.7388298 ,
         20.25196179, -351.22698195])
3, array([  21.19978392,   15.14461295, -166.98626584,   44.56194595,
         13.21448006, -350.78427926]), array([  13.05054998,   15.10944836, -171.73952199,   25.57766373,
         27.73153172, -348.65347013])
4, array([  26.67134179,   17.4670197 , -164.12169448,   61.78980881,
         23.02576203, -346.07675695]), array([  18.18684465,   17.00748413, -169.71980894,   40.64603477,
         33.09470204, -344.51653986])
5, array([  29.69045482,   20.07620868, -161.4277927 ,   71.16563852,
         33.67272386, -341.43453384]), array([  22.53662126,   18.58587391, -165.14038034,   51.80622629,
         38.71690885, -339.36702775])
6, array([  31.34270687,   22.42624365, -159.20022225,   76.11495852,
         43.18070805, -337.63662777]), array([  25.19179441,   23.4536904 , -160.8257228 ,   60.21427176,
         52.65656646, -331.84403433])
7, array([  28.25390432,   27.94297522, -156.11170716,   65.70131962,
         63.94194779, -333.97506489]), array([  26.98334532,   23.03132193, -157.69203186,   65.25735422,
         58.83722965, -326.69382041])
8, array([  22.36145651,   34.59165517, -152.60152409,   47.0372639 ,
         87.93039347, -329.66364963]), array([  25.87695794,   25.92351806, -156.01088864,   59.59960913,
         62.53300605, -325.78435132])
9, array([  13.84975781,   40.48461076, -149.57311275,   20.68677329,
        108.49010135, -325.36727083]), array([  18.7443102 ,   28.71675698, -157.56567559,   39.3089408 ,
         74.79728998, -326.56157774])
10, array([   4.10997298,   42.49397266, -149.11191878,   -9.21588377,
        114.94341601, -324.19651557]), array([   8.36112459,   33.9625352 , -159.57567556,    8.49609692,
         85.30223716, -326.45163519])
11, array([  -5.71442929,   41.08173985, -150.45114492,  -39.26614304,
        109.27796514, -325.0704228 ]), array([  -2.69807234,   35.30760059, -161.69817013,  -23.11886169,
         92.23276336, -322.32271353])
12, array([ -13.82288254,   35.64794063, -154.15903783,  -63.56579174,
         89.79426117, -329.44402726]), array([ -12.41717851,   35.86430242, -161.92247421,  -49.25966805,
         92.45217135, -316.17962957])
13, array([ -19.96631412,   29.31119909, -157.67474769,  -81.64425557,
         67.70192016, -333.56828174]), array([ -21.01490723,   32.73384109, -162.70370338,  -71.03487688,
         82.2802114 , -311.37915083])
14, array([ -23.4139932 ,   23.69349741, -160.53124667,  -91.13186272,
         48.85485865, -337.24136996]), array([ -26.48111808,   27.93206201, -162.92558443,  -86.10132435,
         68.09549443, -308.92725719])
15, array([ -22.34239027,   20.98185443, -162.56020808,  -85.69318235,
         39.97236049, -340.5131096 ]), array([ -28.48465169,   24.01425034, -162.4829403 ,  -94.4478004 ,
         55.32890038, -309.07056795])
16, array([ -19.31126981,   18.02517192, -165.00456746,  -73.78174161,
         28.48780171, -344.56890877]), array([ -28.13342099,   17.64818168, -163.38068503,  -92.483408  ,
         32.76121278, -319.25330283])
17, array([ -12.68503178,   13.28929174, -167.43308374,  -49.9223606 ,
          9.77577196, -347.07291752]), array([ -23.74826634,   11.72502183, -165.27715303,  -74.17703975,
          9.95417344, -333.52865472])
18, array([  -5.88067363,    6.66542351, -169.33022115,  -25.48564891,
        -14.974559  , -347.14186776]), array([ -13.68073931,    5.41898821, -166.60476324,  -36.45147375,
        -16.04438586, -342.71113064])
19, array([   1.08645983,   -0.79804743, -169.28063489,   -0.61281335,
        -40.63994269, -342.30508894]), array([  -5.29483379,   -2.28411135, -165.94248941,   -7.36893115,
        -40.40624024, -342.41438283])
20, array([   5.74213232,   -7.07204661, -167.8457523 ,   15.83212317,
        -60.23427317, -335.37653208]), array([   1.30207181,   -8.32208194, -166.05174675,   13.88182381,
        -55.40576658, -339.62918291])
21, array([   8.98403499,  -12.56154365, -165.57906337,   27.10777554,
        -75.99764246, -327.42409376]), array([   8.4506701 ,  -13.46309794, -164.49153665,   35.7767816 ,
        -66.69758178, -334.38411412])
22, array([   7.49864463,  -16.3753797 , -163.18815006,   21.35966071,
        -88.52259649, -320.13587597]), array([  12.36538359,  -18.60206848, -162.59282047,   43.61705488,
        -86.01311696, -328.68718334])
23, array([   4.74042734,  -19.4771046 , -160.99239055,   11.41250675,
        -99.56811873, -313.44455456]), array([  11.36095306,  -24.74438682, -161.58725391,   26.31416031,
       -115.83010687, -322.99028304])
24, array([  -0.77441634,  -20.14648359, -159.77655899,   -6.99250629,
       -104.09209197, -310.0695915 ]), array([   4.10127631,  -25.52168459, -161.92445204,    4.98492991,
       -126.76163534, -319.53291991])
25, array([  -6.86887566,  -18.70464276, -159.48843285,  -27.41231795,
       -101.05889952, -310.00470675]), array([  -1.48947648,  -22.16348152, -164.04683568,   -8.77968307,
       -123.03702056, -321.22631307])
26, array([ -13.46049798,  -14.86066455, -160.1324383 ,  -49.5730616 ,
        -89.32334404, -313.56650006]), array([  -9.52798201,  -15.46047184, -166.05614908,  -34.23803366,
       -100.35595275, -331.71909694])
27, array([ -18.27802909,   -9.69646161, -161.79124634,  -65.85664935,
        -72.16991328, -320.13611874]), array([ -15.78039002,   -8.77032011, -167.50142342,  -55.11829358,
        -76.79781195, -339.18835714])
28, array([ -22.1798122 ,   -4.46114643, -163.28856591,  -79.20682631,
        -54.31773916, -326.66094568]), array([ -21.01066441,   -5.5361488 , -167.05761565,  -73.03374345,
        -57.07804133, -342.41894468])
29, array([ -22.21277339,   -1.50106656, -164.92564785,  -80.7581528 ,
        -42.15491078, -332.84397862]), array([ -21.78508731,   -3.54476894, -167.27887393,  -75.46765264,
        -49.2231567 , -343.63591062])
30, array([ -20.55799733,    0.68486537, -166.86359528,  -76.87418634,
        -33.13830686, -338.74053301]), array([ -21.5659607 ,   -2.75748881, -167.27983093,  -75.58941517,
        -46.29698995, -344.6423067 ])
31, array([ -16.38856056,    2.90645172, -169.46009486,  -64.89185165,
        -25.32660446, -345.38211337]), array([ -21.56519508,   -0.86213122, -169.06118689,  -74.69912761,
        -38.38232693, -347.54044777])
32, array([ -11.15685647,    5.47025041, -171.84850578,  -49.19911261,
        -17.49503482, -351.4077825 ]), array([ -17.33086844,    5.27138266, -172.18580278,  -62.77386016,
        -22.20463363, -353.78795688])
33, array([  -5.35691886,    8.58237757, -174.00268268,  -31.5816812 ,
         -8.36061364, -357.07092141]), array([ -10.18596982,   10.8581795 , -173.97556532,  -44.24016793,
         -7.34400247, -358.37119828])
34, array([  -5.35691886,    8.58237757, -174.00268268,  -31.5816812 ,
         -8.36061364, -357.07092141]), array([  -4.37554693,   13.09538651, -175.53979492,  -29.37867165,
          0.81706607, -360.49594116])
