0, array([   1.93126895,   10.41748799, -174.54491724,  -10.52692592,
        -19.5021366 , -360.08522541]), array([  -5.82662106,    8.29568005, -176.43276978,  -30.27164078,
         -5.09885216, -355.24975586])
1, array([   7.94454321,   11.32536241, -173.02921607,    6.61406492,
        -16.10522454, -358.85243594]), array([ 4.11387714e+00,  1.08634431e+01, -1.75091393e+02,  5.24099818e+00,
        1.52507536e-01, -3.55806234e+02])
2, array([  14.66745414,   13.16564582, -170.68188409,   26.17431723,
         -8.29784903, -356.56221939]), array([  11.36896018,   11.4283435 , -172.858604  ,   25.21935485,
          6.18808555, -353.90628931])
3, array([  20.80643386,   15.33133295, -167.93751252,   44.40938731,
          2.17004689, -352.92080817]), array([  14.84022064,   15.65721795, -171.51454801,   34.1885694 ,
         13.88276399, -351.55275962])
4, array([  26.55350286,   17.13817863, -165.21870937,   61.75504941,
         12.43024522, -348.46177488]), array([  21.42768181,   13.54723042, -168.83219344,   55.49470121,
         16.23762117, -346.3020763 ])
5, array([  29.53976103,   19.35969546, -162.50065571,   70.79015865,
         23.58717462, -343.50768701]), array([  26.8802729 ,   15.12562209, -165.81345348,   67.523272  ,
         21.19144237, -341.05139298])
6, array([  31.34270687,   21.35308143, -160.22514614,   76.11495852,
         33.42999967, -339.28647431]), array([  27.3228027 ,   19.99343574, -162.27323018,   70.95286615,
         34.90983035, -335.85168717])
7, array([  29.28978943,   25.89682394, -157.40378441,   69.22405987,
         51.15754059, -335.34470485]), array([  30.77223918,   20.90554538, -157.69742312,   78.30831478,
         45.87134562, -328.15446951])
8, array([  24.26368932,   32.19676388, -153.90666484,   52.85878061,
         74.78704859, -331.17483046]), array([  28.67035636,   24.58183036, -155.00916683,   72.21407104,
         60.82646976, -324.34156534])
9, array([  16.44023087,   38.7059691 , -150.33502868,   27.58503453,
         98.99863016, -327.12467778]), array([  20.53225821,   30.94203306, -157.22946638,   41.11653974,
         78.69286296, -326.00168581])
10, array([   6.89746021,   41.94269117, -149.05032427,   -1.75858429,
        111.26736278, -325.79716137]), array([  10.59303605,   34.18807196, -159.57529274,   11.39697008,
         87.98254247, -326.45099717])
11, array([  -2.87932636,   41.85856466, -149.50615313,  -31.53372773,
        112.02578599, -326.24474526]), array([  -0.57723959,   36.86991614, -161.58658399,  -17.76175254,
         98.70570064, -321.65319668])
12, array([ -11.11499223,   37.25872098, -152.09320269,  -56.83786656,
         96.71726455, -329.74635436]), array([ -12.30466438,   39.32308965, -161.1413088 ,  -49.03381228,
        100.37408349, -313.94956837])
13, array([ -17.8307914 ,   31.20912393, -155.24969831,  -77.07683581,
         75.83003072, -333.59137843]), array([ -19.3397914 ,   33.62569178, -162.25705647,  -66.23755632,
         84.62153975, -313.27721231])
14, array([ -22.5420282 ,   24.82372   , -158.4881179 ,  -90.54751664,
         53.94731794, -337.36107662]), array([ -24.25609529,   28.04393718, -162.36953581,  -82.99405493,
         68.55014847, -311.14360102])
15, array([ -23.4139932 ,   20.74995966, -160.59771882,  -91.13186272,
         42.1968426 , -340.80461336]), array([ -29.49906433,   24.24135404, -162.81393448,  -99.27347322,
         59.36656053, -304.24558936])
16, array([ -22.60581364,   17.37059303, -162.53011199,  -86.08792891,
         32.38932316, -345.17919616]), array([ -32.2642943 ,   19.10506033, -162.4787932 , -105.54933005,
         42.9272149 , -306.43697459])
17, array([ -16.84249324,   13.81623039, -164.39525426,  -65.78665451,
         20.62339211, -350.73293074]), array([ -28.09931897,   14.63367785, -162.15231379,  -88.81946564,
         22.2417131 , -325.74446308])
18, array([ -10.27108155,    8.17946905, -166.22797042,  -42.7732079 ,
          1.0662878 , -354.6153934 ]), array([ -17.58926308,    9.65523033, -163.59053801,  -55.18729512,
         -1.87609962, -340.90106394])
19, array([  -2.02816687,    1.43847419, -166.71221249,  -14.18653295,
        -22.05826775, -353.63817915]), array([-1.24284076e+01,  6.58962651e-02, -1.64709046e+02, -3.63581319e+01,
       -3.11262510e+01, -3.44077821e+02])
20, array([   5.16532266,   -4.599828  , -164.9721554 ,    9.89509353,
        -42.27342093, -347.35689023]), array([  -6.28714152,   -7.64852652, -165.04665868,  -18.81473521,
        -51.70951167, -342.5285058 ])
21, array([  11.85573885,   -9.62266199, -161.8165946 ,   31.63132232,
        -57.99286299, -338.30519164]), array([   3.42405276,  -12.90483297, -162.92963583,   11.76580797,
        -67.47255079, -336.28310214])
22, array([  13.69820974,  -13.24139303, -158.1815163 ,   36.04797851,
        -70.21124726, -328.97872122]), array([   7.90022084,  -17.03994814, -161.47638483,   23.52302685,
        -75.08094285, -331.81187824])
23, array([  13.96613569,  -16.53135532, -154.80658711,   35.04731901,
        -82.44191163, -320.37946105]), array([   6.00492806,  -17.93572455, -159.57819572,   10.57944724,
        -75.08741873, -333.03694711])
24, array([  10.32886201,  -19.09867906, -152.42411565,   20.92047738,
        -94.97114258, -314.19095449]), array([   5.00458084,  -19.49976084, -160.35843599,    2.76309912,
        -82.58035702, -332.25263877])
25, array([   5.93040417,  -20.39767837, -151.22360274,    4.94295337,
       -102.63306841, -310.35521376]), array([   8.45976184,  -21.06290201, -159.57506945,   -1.7142819 ,
        -96.9887005 , -329.45770907])
26, array([   0.81898219,  -20.05825679, -151.43693903,  -12.67999218,
       -103.95929918, -309.56518785]), array([   7.89926381,  -22.17464682, -158.13296852,  -10.50832739,
       -109.80199054, -325.66952802])
27, array([  -3.74573238,  -17.26079238, -153.28131779,  -29.41500665,
        -95.73139221, -313.47959686]), array([   6.65586483,  -21.37852755, -160.2555907 ,   -8.30841154,
       -110.63932268, -325.4701538 ])
28, array([  -7.87377697,  -13.59225008, -155.60195678,  -44.93969612,
        -83.44778954, -318.88918446]), array([   1.48575679,  -16.7818068 , -162.37668155,  -15.46906842,
        -96.27832464, -331.73600442])
29, array([  -9.85345627,   -8.77023845, -158.93593077,  -53.75870777,
        -66.59856189, -326.94045192]), array([ -10.35188579,   -8.70565727, -164.14677808,  -48.99061547,
        -68.84154868, -340.03341696])
30, array([ -10.3443969 ,   -4.13132794, -162.15180769,  -57.8506532 ,
        -50.99848719, -334.66243045]), array([ -14.852618  ,   -3.88748092, -164.37691989,  -66.60001689,
        -52.5933226 , -341.62662922])
31, array([  -8.6171767 ,    0.6037927 , -165.48824875,  -54.89945982,
        -36.35426497, -342.76284745]), array([ -14.19992669,   -2.53501191, -166.27037244,  -69.22079826,
        -46.52578061, -342.96799027])
32, array([  -5.05308249,    5.31820439, -168.52670343,  -46.1150831 ,
        -23.04279289, -350.53873848]), array([ -12.63818821,    1.7027624 , -169.39527544,  -69.33882838,
        -32.91585707, -347.54006497])
33, array([  -0.63404835,   10.44839402, -171.5319951 ,  -34.67474978,
         -8.62402393, -358.6281351 ]), array([  -9.7358476 ,    9.96291446, -171.18503798,  -64.20885483,
        -11.25657766, -351.67434597])
34, array([  -0.63404835,   10.44839402, -171.5319951 ,  -34.67474978,
         -8.62402393, -358.6281351 ]), array([  -5.15689468,   13.87673473, -174.98168945,  -52.9307251 ,
         -0.85725021, -355.69622803])
