0, array([-4.18962485e+00,  1.05819218e+01, -1.57118776e+02, -2.76828434e+01,
       -1.82778443e-01, -3.42847138e+02])
1, array([   2.1063527 ,   12.00375702, -162.1407028 ,   -4.50236058,
         -1.07085019, -347.49315328])
2, array([   8.16508966,   13.88288254, -164.46061299,   15.73496083,
          2.90101533, -348.71109294])
3, array([  13.70517283,   16.10288301, -164.66027727,   32.62425514,
         10.65046504, -347.29270411])
4, array([  18.44518903,   18.54734302, -163.32146643,   45.7606566 ,
         21.09514585, -344.02973414])
5, array([  22.10372507,   21.09984717, -161.02595123,   54.73929947,
         33.15270469, -339.71393035])
6, array([  24.39936777,   23.64398006, -158.35550245,   59.15531799,
         45.74078847, -335.13704011])
7, array([  24.7746523 ,   25.93846924, -156.53747692,   60.26994471,
         53.56468772, -333.2140815 ])
8, array([  22.80851369,   27.95335893, -155.82212203,   50.07297597,
         64.36926842, -331.6443552 ])
9, array([  17.74528812,   30.08926098, -156.40439983,   34.66999513,
         74.10595208, -332.26378107])
10, array([  10.82533559,   31.45594354, -158.49538614,   14.04117761,
         80.692892  , -332.33173807])
11, array([   3.48378787,   33.50392025, -160.47742448,   -7.85432576,
         87.48042348, -332.012734  ])
12, array([  -3.40423563,   34.57634615, -161.80867176,  -28.50473089,
         90.46481744, -330.78513205])
13, array([  -9.58155623,   35.37550361, -164.20123385,  -43.42292636,
         88.60502674, -329.7411866 ])
14, array([ -14.54050143,   33.98808712, -166.11764224,  -53.86530028,
         85.16350237, -328.7649396 ])
15, array([ -17.25772238,   31.01351784, -168.19121571,  -62.34837513,
         76.87932976, -328.4036629 ])
16, array([ -18.87983489,   27.43292124, -170.06777671,  -66.67914416,
         64.30489328, -331.17465974])
17, array([ -19.91857866,   22.45162605, -170.98816039,  -70.89159027,
         44.21905791, -334.31443774])
18, array([ -19.6357554 ,   15.66529355, -171.57750664,  -73.65702843,
         23.09223428, -338.65340728])
19, array([ -20.59454353,    9.15278774, -171.46241595,  -75.72018492,
         -1.38884792, -342.43228608])
20, array([ -20.45749971,    3.19000641, -171.61606353,  -78.05962647,
        -20.10397148, -343.23439575])
21, array([ -20.16774695,   -2.32077093, -170.54932144,  -81.91511684,
        -38.30090102, -343.76009527])
22, array([ -18.44215746,   -5.96706389, -170.01960848,  -82.89235584,
        -52.36505521, -342.47396226])
23, array([ -15.37203815,   -8.30103331, -169.41436414,  -80.74632049,
        -58.02407144, -340.40206445])
24, array([ -14.04376013,   -8.91761203, -168.07488562,  -71.92197003,
        -62.85438394, -337.46958377])
25, array([  -9.13345795,   -9.84272015, -166.24436442,  -55.99281265,
        -67.26681177, -333.40589178])
26, array([  -3.48919488,  -11.18884493, -164.82246479,  -38.71513991,
        -69.31800149, -328.22678146])
27, array([   3.39654773,  -12.06945821, -162.61642474,  -19.19944383,
        -68.30218821, -325.08150165])
28, array([  10.32967334,  -11.39393049, -160.35188889,    4.12991211,
        -66.26774364, -322.57934652])
29, array([  16.80955326,  -10.33324259, -158.21092436,   26.23286924,
        -64.37336837, -321.07538621])
30, array([  22.21088093,   -8.37626152, -156.24762497,   43.24259259,
        -57.83660651, -320.18764925])
31, array([  24.49235156,   -5.44818265, -155.59609991,   55.96333717,
        -49.36397905, -319.58122904])
32, array([  25.7100682 ,   -2.29413682, -156.43490704,   62.72331141,
        -39.19172518, -320.58582512])
33, array([  25.03747275,    0.88938288, -157.64988917,   58.44232438,
        -27.47815613, -325.34379744])
34, array([  22.06977536,    5.24746433, -161.20958058,   53.04670779,
        -13.63417498, -332.46291443])
35, array([  17.74902167,    9.08794762, -164.37844271,   43.82328048,
         -1.44448126, -339.57871642])
36, array([  12.3361503 ,   11.89685513, -166.37854735,   31.14597396,
          7.53108526, -345.71869078])
37, array([   6.09209983,   13.16020925, -166.43196624,   15.38871973,
         11.7326848 , -349.9103249 ])
38, array([  -0.72219113,   12.36403238, -163.76077118,   -3.0745507 ,
          9.60047761, -351.18110613])
39, array([  -7.84578397,    8.99434691, -157.58703392,  -23.86990582,
         -0.42537607, -348.55852186])
