0, array([   5.49699994,   15.70135548, -166.55346952,   13.29514905,
         16.98445563, -351.50376712])
1, array([  11.75245681,   17.85916895, -164.83488529,   27.33182532,
         24.54018638, -349.36010643])
2, array([  17.21019061,   20.60105563, -162.72543431,   39.57000507,
         34.32540887, -346.33100901])
3, array([  21.2608528 ,   23.72199737, -160.40362982,   48.47555456,
         45.65072535, -342.69141513])
4, array([  23.1450183 ,   27.15313392, -157.96544403,   52.06687484,
         58.36168733, -338.56197028])
5, array([  20.71321031,   30.44178572, -156.02873628,   45.44800562,
         70.53052804, -334.52834276])
6, array([  14.9910355 ,   33.22030882, -154.85084825,   31.41786088,
         80.86080317, -330.80962543])
7, array([   6.69315636,   35.21975223, -154.65248648,   11.53856933,
         88.46223488, -327.91244681])
8, array([  -3.37792012,   35.94392195, -156.02460359,  -12.78288866,
         91.816263  , -326.96797452])
9, array([ -12.52177691,   35.17939568, -158.7628603 ,  -34.98657854,
         89.84930732, -328.75195471])
10, array([ -19.40290211,   33.32530758, -161.84356477,  -51.83948013,
         84.19677104, -332.18287295])
11, array([ -23.33878813,   30.38874688, -165.0314827 ,  -61.64281632,
         74.99296293, -336.99942541])
12, array([ -22.29500291,   26.41597702, -167.94757342,  -59.11986712,
         62.60885164, -342.2208351 ])
13, array([ -17.07097062,   21.98784446, -169.57599085,  -46.48737465,
         48.84354109, -346.66231873])
14, array([  -9.48889089,   17.4797919 , -170.11677482,  -27.61358019,
         34.80948954, -349.8929766 ])
15, array([-7.29882875e-02,  1.29152191e+01, -1.69610395e+02, -3.48912923e+00,
        2.05025924e+01, -3.51688326e+02])
16, array([  10.13869622,    8.80107822, -167.65842296,   22.33521367,
          6.55571456, -350.67614616])
17, array([  19.21413089,    5.04145902, -164.94399789,   45.20522531,
         -6.99696312, -347.48354162])
18, array([  26.42361722,    1.67196059, -161.80961629,   62.97917522,
        -19.81042647, -342.50505328])
19, array([  31.19319506,   -1.37664842, -158.43286306,   73.86686219,
        -32.0007775 , -335.78823697])
20, array([  31.90802286,   -4.20089331, -155.6200986 ,   72.50911657,
        -43.68570918, -328.54683741])
21, array([  30.24513559,   -6.70918607, -153.503928  ,   63.97978962,
        -54.20935436, -322.07810769])
22, array([  26.51964842,   -8.92410208, -152.11937798,   48.95177739,
        -63.46969526, -316.53297747])
23, array([  21.08308926,  -10.65909685, -151.78062382,   28.19550358,
        -70.32097697, -312.71853334])
24, array([  14.06519437,  -11.43127973, -152.9902737 ,    3.55806503,
        -73.50055284, -311.30481506])
25, array([   6.78982699,  -11.34677458, -154.9818508 ,  -21.00765739,
        -73.57937416, -311.7933818 ])
26, array([  -0.49852717,  -10.43068983, -157.63679571,  -44.75707502,
        -70.65200948, -314.08223388])
27, array([  -7.2297279 ,   -8.50297043, -161.03284021,  -65.52528461,
        -63.92979807, -318.52529539])
28, array([ -12.22700966,   -5.67227123, -164.61493168,  -80.18724948,
        -54.8554943 , -324.13979737])
29, array([ -15.57050028,   -2.33528231, -168.04609584,  -89.33131543,
        -44.24723232, -330.41239512])
30, array([ -16.98923874,    1.23723509, -171.00492887,  -92.28923139,
        -32.82941404, -336.89368863])
31, array([ -15.50672302,    4.66720597, -172.73337378,  -86.35344485,
        -21.93292018, -342.81541931])
32, array([ -12.43192096,    7.45079691, -173.35884554,  -74.93537627,
        -12.9135424 , -347.41916069])
33, array([  -8.34693497,    9.68062882, -173.20932167,  -59.57605009,
         -5.35736803, -350.89437492])
34, array([  -3.72116564,   11.26461691, -172.43327977,  -41.59599742,
          0.53062741, -353.10144982])
