0, array([  -4.27421644,   11.62645321, -157.33243479,  -31.7630302 ,
          2.18068384, -341.9119805 ])
1, array([   3.82984558,   11.83089856, -163.65803948,   -8.65822687,
          3.60585013, -348.22995335])
2, array([  10.67114945,   13.15429228, -166.37239308,   11.59196839,
          8.2297055 , -350.60211447])
3, array([  16.19022348,   15.33527861, -166.26515422,   28.56684328,
         15.36419333, -349.84651294])
4, array([  20.327596  ,   18.11250176, -164.12598157,   41.84568545,
         24.321257  , -346.78119784])
5, array([  23.02379531,   21.22460597, -160.74453375,   51.00778258,
         34.41283991, -342.22421827])
6, array([  24.21934974,   24.41023547, -156.91046942,   55.63242235,
         44.95088545, -336.99362331])
7, array([  24.98538533,   27.1725943 , -154.74856846,   54.64391529,
         54.41503605, -331.95842901])
8, array([  21.76715419,   29.00691195, -154.13650812,   46.83394622,
         62.0702036 , -330.26040335])
9, array([  16.44993624,   30.76046281, -154.37984275,   33.34735234,
         70.82617593, -329.68415541])
10, array([   9.06853076,   32.21164766, -154.62504058,   14.29848113,
         79.00397729, -329.79329425])
11, array([   1.73221527,   33.00171899, -157.01806492,   -8.23052205,
         84.07272148, -329.75890039])
12, array([  -5.88698601,   34.02609476, -159.75143577,  -28.51687331,
         85.31690661, -329.94954592])
13, array([ -11.93492932,   34.24561436, -162.45011313,  -45.04957846,
         86.00282619, -329.04053369])
14, array([ -16.58474077,   32.36568815, -165.03706258,  -55.69041722,
         83.09499656, -328.56875952])
15, array([ -19.71130929,   30.38954675, -167.14216453,  -63.87681955,
         75.42684193, -330.14637732])
16, array([ -20.04547924,   27.31944546, -168.67490604,  -65.69409563,
         65.98367596, -331.27810018])
17, array([ -20.48912763,   21.71681493, -170.79309017,  -69.47612338,
         51.30345889, -335.02759474])
18, array([ -20.5152269 ,   14.57046819, -172.02003546,  -72.19429009,
         30.54388875, -338.90461089])
19, array([ -19.26701202,    7.27857566, -173.37410091,  -74.79451527,
          8.25944075, -340.10776574])
20, array([-2.03955071e+01,  7.96971309e-02, -1.73509707e+02, -7.41120241e+01,
       -1.36714609e+01, -3.42514742e+02])
21, array([ -18.5755619 ,   -4.97639917, -172.96399145,  -75.13866298,
        -31.76435574, -343.09895853])
22, array([ -18.42254251,   -9.14935288, -170.13209832,  -75.48878849,
        -45.73512882, -341.79143345])
23, array([ -16.17672655,  -11.40433178, -169.68705319,  -75.25022192,
        -55.80746379, -340.23056834])
24, array([ -13.53576965,  -11.45598173, -168.68345953,  -66.32416378,
        -62.82570946, -339.00439426])
25, array([  -7.91154927,  -11.67207848, -167.19578666,  -51.90826193,
        -66.3477073 , -336.54394561])
26, array([  -0.80463968,  -10.95622407, -165.17216425,  -32.52442716,
        -71.44536398, -334.63141716])
27, array([   6.79262211,   -9.9469441 , -163.08790407,  -11.23783215,
        -73.81232389, -333.48369093])
28, array([  14.5450848 ,   -9.21980034, -159.53001757,   10.30047702,
        -74.67574727, -328.83882172])
29, array([  21.26051598,   -8.98208699, -156.26501701,   31.38963393,
        -74.25552975, -325.7969329 ])
30, array([  25.60167867,   -7.56595284, -154.0575863 ,   48.03579044,
        -70.62171914, -322.80000041])
31, array([  27.59455217,   -5.48521764, -153.78632693,   58.14492914,
        -62.94785839, -321.79928601])
32, array([  27.51676988,   -3.11317804, -154.65967317,   65.14566439,
        -51.99820879, -322.69410759])
33, array([  26.08917022,    0.46575767, -156.63288603,   61.50008307,
        -39.07698625, -325.94851085])
34, array([  21.02248703,    4.3459412 , -160.1203179 ,   53.42933511,
        -21.28019373, -332.58759547])
35, array([  15.12513023,    7.89094287, -163.19958084,   42.0141769 ,
         -5.19899155, -339.24013795])
36, array([   9.12063431,   10.70674428, -165.12658138,   28.27113177,
          6.88777819, -344.82028134])
37, array([   3.73253374,   12.39932703, -165.15722603,   13.21672302,
         12.70127339, -348.24216871])
38, array([-3.15636996e-01,  1.25746727e+01, -1.62547421e+02, -2.13252602e+00,
        9.96265194e+00, -3.48419943e+02])
39, array([  -2.30034341,   10.83876299, -156.55307376,  -16.76009205,
         -3.60692825, -344.26774763])
