0, array([   5.27149248,   11.72904556, -164.14772607,   23.25261819,
          4.76467676, -354.29193247])
1, array([  15.52043025,   14.71368008, -162.88759768,   42.4696938 ,
         11.07190318, -351.12580111])
2, array([  22.59522771,   18.03761201, -161.13315915,   55.6837386 ,
         19.64914821, -347.27408855])
3, array([  26.7908544 ,   21.50409069, -159.0848054 ,   63.31865571,
         29.80559379, -342.9716638 ])
4, array([  28.40227984,   24.91636549, -156.94293134,   65.79834828,
         40.85042189, -338.45339588])
5, array([  27.7244736 ,   28.07768575, -154.90793189,   63.54671942,
         52.09281447, -333.95415381])
6, array([  25.05240519,   30.79130082, -153.18020195,   56.98767227,
         62.84195347, -329.70880659])
7, array([  20.23762855,   32.7888208 , -152.06340523,   46.82274635,
         73.07780484, -324.64140192])
8, array([  14.74557103,   32.86859391, -152.1236312 ,   30.68264678,
         80.58930516, -322.32194607])
9, array([   6.64231698,   33.18058426, -152.63437554,   10.65927974,
         81.95386964, -321.64793548])
10, array([  -1.25440975,   33.20311794, -154.59151385,  -13.04590717,
         83.91975533, -322.44870061])
11, array([  -8.68043591,   30.86835759, -156.94944069,  -31.935527  ,
         82.60017209, -324.4897451 ])
12, array([ -14.47910326,   28.77463071, -159.74824517,  -46.86632308,
         75.9519039 , -328.71866577])
13, array([ -16.80800461,   25.9212805 , -162.70694721,  -49.80308681,
         66.61687574, -334.32442407])
14, array([ -15.8907349 ,   22.57534702, -165.73249413,  -45.80880439,
         56.06394905, -339.94955273])
15, array([ -14.09172956,   18.60170326, -167.82700068,  -42.2595704 ,
         42.18771918, -344.5596217 ])
16, array([  -7.73536798,   14.21855754, -168.56716758,  -28.16033857,
         26.85390057, -346.83082374])
17, array([  -1.14383093,    9.97226375, -168.96349887,  -11.20955952,
         11.25801767, -348.79697485])
18, array([   5.35663701,    5.81062029, -168.40111193,   10.18101357,
         -3.33931176, -348.41224196])
19, array([  12.26114927,    1.18905374, -166.46926195,   28.62063206,
        -17.27312572, -343.65193463])
20, array([  17.96181205,   -2.67324589, -164.64614889,   40.79530995,
        -30.86316623, -339.41738221])
21, array([  20.56297415,   -5.4219796 , -162.19861308,   46.9209177 ,
        -45.42450883, -333.1862573 ])
22, array([  20.90146327,   -7.92351336, -160.80550952,   41.82741873,
        -54.20983345, -326.46083254])
23, array([  18.24133543,  -10.90641235, -159.46688046,   31.68270655,
        -63.53566306, -321.33894071])
24, array([  14.29912263,  -11.42700244, -158.70574152,   14.00872375,
        -70.53867305, -317.54037152])
25, array([   8.79493576,  -11.93384163, -159.10353148,   -1.46866059,
        -72.33987611, -314.91464064])
26, array([   2.62522973,  -11.4310347 , -160.46283287,  -24.16061885,
        -72.45330548, -315.19029399])
27, array([  -4.04264701,  -10.26345671, -162.19992057,  -46.56997059,
        -68.97449792, -317.60167586])
28, array([  -8.27166695,   -7.8301459 , -164.39369149,  -65.85088371,
        -62.92671069, -322.07381218])
29, array([ -11.66880645,   -5.09779902, -166.91426803,  -78.75678188,
        -53.1044474 , -328.17385732])
30, array([ -13.8149048 ,   -2.1344116 , -169.28444257,  -86.34078839,
        -42.27826485, -334.78936215])
31, array([ -14.48519041,    0.85462451, -171.24132773,  -87.52288208,
        -31.41787271, -341.35213526])
32, array([ -13.45489173,    3.66391744, -172.5220361 ,  -81.22304179,
        -21.49298067, -347.29398524])
33, array([ -10.49923718,    6.08807535, -172.86368031,  -66.36124635,
        -13.47329839, -352.04672067])
34, array([  -5.3934552 ,    7.92170638, -172.00337297,  -41.85747463,
         -8.32853556, -355.04215014])
