0, array([  -7.19195049,   10.27939467, -158.93620698,  -24.87936982,
         -2.08841624, -345.93542514])
1, array([ 6.65473872e-01,  1.19822987e+01, -1.62828400e+02, -4.36381708e+00,
       -9.70572451e-02, -3.48245220e+02])
2, array([   7.67920693,   14.08391982, -164.42407602,   13.54184055,
          5.78156054, -348.19628677])
3, array([  13.66523504,   16.46668787, -164.24890767,   28.4526481 ,
         14.59477054, -346.31939879])
4, array([  18.43954452,   19.01303265, -162.82856687,   39.98365058,
         25.38990616, -343.14532981])
5, array([  21.81812172,   21.60538397, -160.68872572,   47.74989304,
         37.21430082, -339.20485349])
6, array([  23.61695298,   24.12617161, -158.35505632,   51.36642048,
         49.11528793, -335.02874349])
7, array([  22.91003741,   26.42709354, -157.47195745,   50.27512585,
         57.85756712, -331.89986779])
8, array([  20.5257521 ,   28.31449917, -157.15012211,   42.85911118,
         65.61954723, -330.4210959 ])
9, array([  15.53477831,   30.00278719, -157.9825876 ,   29.26960388,
         70.93765464, -328.96157291])
10, array([   9.07366828,   30.70720433, -159.51997306,   10.55334288,
         77.59619761, -327.64127218])
11, array([   1.75963836,   31.78199659, -161.1099229 ,  -10.48740652,
         82.32552332, -326.51426391])
12, array([  -5.00412895,   33.02922062, -161.5876825 ,  -31.0712257 ,
         88.64076854, -324.90889561])
13, array([ -10.25963153,   32.60648506, -162.50634994,  -45.3146703 ,
         89.21302808, -322.92727734])
14, array([ -13.85171305,   31.95714578, -163.22485666,  -53.81859364,
         86.40610742, -322.64702823])
15, array([ -15.839346  ,   30.54443484, -163.89355583,  -59.82649274,
         82.23950047, -322.63612515])
16, array([ -17.73900121,   28.25649683, -165.62602088,  -61.08524709,
         74.01894155, -325.31610157])
17, array([ -18.80585578,   23.99766723, -166.9049466 ,  -64.7882223 ,
         56.62500262, -330.43321739])
18, array([ -19.48434099,   18.47734268, -168.77914223,  -68.06687535,
         34.61849503, -336.26025844])
19, array([ -20.4049499 ,   12.59087239, -170.40785162,  -71.84774701,
         10.73871936, -339.7442479 ])
20, array([ -20.57986639,    6.1741157 , -171.36053291,  -74.69901342,
        -13.04911698, -341.95719307])
21, array([ -19.46535958,    0.3831888 , -171.3923807 ,  -74.91030208,
        -34.81200741, -341.77287783])
22, array([ -17.14294746,   -4.6825169 , -171.3287791 ,  -73.39048335,
        -48.49922128, -340.24685473])
23, array([ -14.46303332,   -8.05518341, -170.28803499,  -72.8994532 ,
        -59.32550103, -338.94443126])
24, array([ -10.07845194,   -9.79747733, -168.39221867,  -69.27737247,
        -65.46738358, -336.6319122 ])
25, array([  -4.44525293,  -11.47509218, -165.67129642,  -57.41638333,
        -72.87570876, -334.20732469])
26, array([   2.4690357 ,  -11.51492433, -163.6713591 ,  -37.64793371,
        -76.35260808, -331.62258803])
27, array([   9.43170402,  -10.81529059, -161.15643253,  -16.28635849,
        -75.60074962, -330.04589678])
28, array([  15.40968592,  -10.36069945, -159.1396558 ,    8.23799397,
        -71.10067127, -328.17115462])
29, array([  21.65859222,   -9.51683746, -156.17934065,   28.965244  ,
        -68.10637818, -325.96326958])
30, array([  25.83826603,   -7.80583483, -153.97856328,   44.75654573,
        -62.19296448, -323.24728199])
31, array([  27.58570679,   -5.91315659, -153.33557991,   54.18841306,
        -53.26833811, -321.6741662 ])
32, array([  27.59991346,   -3.33156855, -153.34209559,   59.74419418,
        -43.05717995, -322.43139787])
33, array([  26.34469132,   -0.82007407, -154.85901324,   60.26861826,
        -31.66978165, -325.53167651])
34, array([  22.59780836,    2.63285821, -157.75580361,   51.01793239,
        -18.71460059, -331.5649749 ])
35, array([  17.79126963,    5.9136489 , -160.57224636,   38.05382302,
         -7.13667087, -337.74003834])
36, array([  12.31773175,    8.70273948, -162.75242587,   22.73492313,
          1.80842777, -343.11643458])
37, array([   6.56985138,   10.68057142, -163.74042653,    6.4198657 ,
          6.86511558, -346.75373135])
38, array([   0.94028515,   11.52758617, -162.9803327 ,   -9.5327163 ,
          6.77781279, -347.7114964 ])
39, array([-4.17831030e+00,  1.09242252e+01, -1.59916229e+02, -2.37641899e+01,
        2.90939650e-01, -3.45049297e+02])
