0, array([  11.80542037,   13.26310432, -165.07314251,   21.16133551,
          9.15484169, -351.72842645])
1, array([  17.27351152,   15.26468513, -163.58071342,   36.21154121,
         15.66371488, -349.7296491 ])
2, array([  22.22453816,   17.58797725, -161.76904556,   49.80858672,
         23.57485769, -347.07191274])
3, array([  26.52354972,   20.30608403, -159.57584898,   61.55220943,
         33.21396147, -343.60558203])
4, array([  28.58725664,   23.34592262, -157.16553099,   66.95978395,
         44.38962738, -339.32667483])
5, array([  28.42193623,   26.38289188, -154.86542026,   66.18360896,
         55.7473484 , -334.77618984])
6, array([  25.39634927,   29.26722801, -152.88495006,   57.61038279,
         66.75181431, -330.09103143])
7, array([  19.61173825,   31.6418163 , -151.63284931,   41.42801567,
         76.07719617, -325.84165177])
8, array([  11.8696462 ,   33.34503063, -151.29970272,   20.23570661,
         83.01241606, -322.5962321 ])
9, array([   2.85961026,   34.09141731, -152.20625082,   -4.07819203,
         86.41416638, -321.17558164])
10, array([  -5.96909695,   33.88422571, -154.13008925,  -27.4878679 ,
         86.23704913, -321.81526324])
11, array([ -13.62419903,   32.66811446, -156.89626881,  -47.42514936,
         82.4000892 , -324.58069598])
12, array([ -18.86008083,   30.49946038, -160.18280172,  -60.55883563,
         75.26780851, -329.12635111])
13, array([ -21.22629246,   27.5891699 , -163.54718081,  -65.78904694,
         65.72037738, -334.71746429])
14, array([ -20.1881553 ,   24.05038879, -166.52227108,  -61.7339691 ,
         54.14607403, -340.57266376])
15, array([ -16.26897255,   20.12914425, -168.78447425,  -49.97602978,
         41.24676238, -345.86520708])
16, array([  -9.81904453,   15.91231184, -170.07389162,  -31.66926024,
         27.31513124, -349.76706634])
17, array([  -1.81093689,   11.54173434, -170.20610783,   -9.56073672,
         12.63746002, -351.51610348])
18, array([   6.54439589,    7.25559413, -169.20896721,   12.70954181,
         -2.10946201, -350.72369335])
19, array([  14.34262172,    3.01642211, -167.2357902 ,   32.72367619,
        -17.02277281, -347.33250998])
20, array([  20.13523539,   -0.97471396, -164.66818352,   46.42142277,
        -31.3318559 , -341.79790348])
21, array([  23.42663359,   -4.60156631, -161.96354667,   52.52743749,
        -44.55892976, -334.9898131 ])
22, array([  23.55931234,   -7.64593072, -159.58939933,   49.29952644,
        -55.97829796, -327.82699914])
23, array([  20.9791042 ,  -10.00599317, -157.91262894,   38.12327396,
        -65.16949815, -321.4968434 ])
24, array([  15.87671516,  -11.49521577, -157.27051115,   19.54878977,
        -71.40633511, -316.92543243])
25, array([   9.27641746,  -12.02504294, -157.72991828,   -3.41464506,
        -74.326339  , -314.73276044])
26, array([   2.02714644,  -11.63515538, -159.12542488,  -28.18117375,
        -74.01439142, -314.94406842])
27, array([  -4.87064425,  -10.22975895, -161.45227117,  -51.25982959,
        -69.97723354, -317.93727722])
28, array([ -10.53748543,   -8.08160479, -164.16225943,  -70.07248054,
        -63.23709503, -322.76623314])
29, array([ -14.21405596,   -5.29252802, -166.95275841,  -82.17615506,
        -54.17984074, -329.07149246])
30, array([ -15.52486088,   -2.2131584 , -169.37169173,  -85.93744883,
        -44.02007831, -335.7213626 ])
31, array([ -14.87980451,    0.91279712, -171.31798651,  -82.99315959,
        -33.63228744, -342.11921534])
32, array([ -11.92986076,    3.73967879, -172.20694487,  -72.1101345 ,
        -23.97927114, -347.2915525 ])
33, array([  -8.2389417 ,    6.12677505, -172.35654299,  -58.37759548,
        -15.6251103 , -351.17366222])
34, array([  -4.02621756,    8.1592434 , -171.91828029,  -42.49895272,
         -8.27135582, -354.02224632])
