0, array([  18.74960593,   13.27227351, -166.82286345,   27.07187596,
          9.34373211, -352.96977958])
1, array([  23.49800813,   15.31337799, -165.17064314,   42.61417437,
         15.5008926 , -351.065361  ])
2, array([  27.67117274,   17.59904731, -163.1475573 ,   56.63195844,
         22.92687251, -348.54545773])
3, array([  31.31478955,   20.18297037, -160.72588902,   69.26707333,
         31.80089393, -345.34822359])
4, array([  32.52497434,   23.00574404, -158.20349979,   74.23470424,
         42.39978773, -341.2121425 ])
5, array([  31.6106887 ,   25.82168255, -155.69093935,   72.93990334,
         53.20293216, -336.71110947])
6, array([  28.77051234,   28.51522759, -153.30561142,   65.85443711,
         63.75698034, -332.0677676 ])
7, array([  22.39329136,   30.71923601, -151.52797182,   47.4748829 ,
         72.91739128, -327.66043812])
8, array([  14.67634852,   32.33006817, -150.71799139,   25.03057271,
         79.67483773, -324.22096868])
9, array([   5.867524  ,   33.44574954, -150.75435422,   -0.5457979 ,
         84.4373225 , -321.68664303])
10, array([  -3.22573763,   33.5589399 , -152.39780169,  -25.92083943,
         85.1753659 , -321.57197968])
11, array([ -10.93800833,   32.82789315, -154.81242   ,  -47.00189125,
         82.7138146 , -323.39369038])
12, array([ -17.39609188,   31.40274327, -157.81589759,  -64.2839633 ,
         77.78982772, -326.70283681])
13, array([ -20.57282693,   28.92458405, -161.37556093,  -72.15422436,
         69.60843005, -331.9326214 ])
14, array([ -20.53269771,   25.73147187, -164.93580467,  -70.84844107,
         59.13310338, -337.80924739])
15, array([ -18.27944904,   22.16252268, -168.13149227,  -63.20100908,
         47.46718117, -343.68608529])
16, array([ -13.0289986 ,   18.07544914, -170.28084083,  -46.78902916,
         34.17537262, -349.02742898])
17, array([  -6.06446087,   13.75424191, -171.40492823,  -25.51354857,
         19.75829524, -351.93831621])
18, array([   1.45551703,    9.41403937, -171.59593323,   -2.89506998,
          4.97957131, -352.84021789])
19, array([   9.26747541,    5.01349736, -170.17635593,   19.96580136,
        -10.51882588, -350.51994441])
20, array([  14.88307258,    0.93846672, -167.67094096,   35.82136783,
        -25.3189779 , -345.16240498])
21, array([  18.68028814,   -2.92114389, -164.75900398,   46.17375714,
        -39.61350073, -338.29268954])
22, array([  19.46698046,   -6.27733301, -161.74072213,   47.69480444,
        -52.40024035, -330.20262324])
23, array([  16.89874653,   -8.86667254, -159.33503007,   38.89251021,
        -62.47526477, -322.98514682])
24, array([  12.64322051,  -10.79932519, -157.63295446,   24.52220647,
        -70.22772399, -317.14189883])
25, array([   6.37988502,  -11.89682077, -156.92982668,    3.20069277,
        -75.06956979, -313.26485872])
26, array([  -0.59518099,  -11.87765934, -157.79162585,  -21.78902925,
        -75.32742701, -313.03275756])
27, array([  -7.0531957 ,  -11.17027691, -159.39870612,  -45.59739652,
        -73.05911798, -314.91018559])
28, array([ -12.78482146,   -9.63069825, -161.85607923,  -67.60739027,
        -67.85922001, -319.27700527])
29, array([ -15.79366489,   -7.18840318, -164.65559672,  -79.92963017,
        -59.26216683, -326.10074538])
30, array([ -16.8725285 ,   -4.46210086, -167.46019814,  -85.60706894,
        -49.7941443 , -333.2909473 ])
31, array([ -15.72227531,   -1.56364302, -170.13667286,  -83.57914632,
        -39.90819726, -340.42969238])
32, array([ -11.43855883,    1.1457402 , -171.5775805 ,  -69.7821804 ,
        -30.3340989 , -345.99906019])
33, array([  -6.5816122 ,    3.55645336, -172.36715861,  -53.25831252,
        -21.68699327, -350.31250589])
34, array([  -1.11950321,    5.72320625, -172.53319294,  -33.88257766,
        -13.77659406, -353.46403141])
