0, array([ 1.24882099e+01,  1.02904238e+01, -1.63606474e+02,  1.89680253e+01,
        2.83761508e-01, -3.49767379e+02])
1, array([  17.24243603,   11.77560776, -162.63437978,   33.59592535,
          5.0199643 , -348.25192929])
2, array([  21.85559598,   13.73397226, -161.24330508,   47.71544407,
         11.56266003, -346.00904228])
3, array([  26.38808526,   16.21030018, -159.41680761,   61.48686776,
         20.06475643, -342.98404719])
4, array([  29.31665173,   19.34253075, -157.27688422,   69.72854693,
         31.22952717, -338.80707468])
5, array([  30.63531183,   22.76297223, -155.06863181,   72.84668489,
         43.44242311, -334.16114615])
6, array([  30.35663143,   26.31707417, -152.91254863,   70.90080243,
         56.13618906, -329.2676966 ])
7, array([  26.43610177,   29.88514134, -151.28632039,   57.2665089 ,
         68.75525121, -324.2842681 ])
8, array([  20.38472162,   32.69932824, -150.49197126,   38.37961224,
         79.08855709, -319.81719589])
9, array([  12.60999431,   34.86153317, -150.42933453,   15.29169902,
         87.39572693, -315.9452179 ])
10, array([   3.48532987,   35.47509463, -151.79164028,  -10.17668826,
         90.38925602, -314.53786561])
11, array([  -4.72611941,   34.83391724, -154.12346879,  -33.18800667,
         89.09171227, -315.8063082 ])
12, array([ -12.07201178,   33.25881773, -157.18656507,  -53.72931289,
         84.5419458 , -319.13458218])
13, array([ -16.72774514,   30.5144034 , -160.98779899,  -66.28260228,
         75.62463132, -325.27946987])
14, array([ -18.38280773,   27.08173909, -164.6233516 ,  -69.76789347,
         64.40798115, -332.41882511])
15, array([ -17.76371673,   23.28656543, -167.90079417,  -66.56692025,
         52.09124206, -339.76651736])
16, array([ -13.71525779,   18.95764473, -170.43671902,  -53.56360028,
         38.42989472, -346.899655  ])
17, array([  -7.047753  ,   14.38960677, -171.6329387 ,  -33.81510358,
         23.71913086, -351.71077019])
18, array([   0.64119064,    9.8053742 , -171.80448359,  -11.46579377,
          8.63303992, -354.40509176])
19, array([   9.05541629,    5.16027541, -170.41500935,   12.80625821,
         -7.30240138, -353.56505638])
20, array([  15.52413014,    0.82933772, -168.08154674,   30.89597069,
        -22.65243432, -349.33058325])
21, array([  20.28075294,   -3.29195345, -165.4170113 ,   43.97518053,
        -37.4953231 , -343.40401551])
22, array([  22.06389775,   -6.90175916, -162.71811756,   48.6950593 ,
        -50.72850474, -336.01309827])
23, array([  19.9641049 ,   -9.65805944, -160.62616973,   41.88849481,
        -61.62319233, -329.05682996])
24, array([  15.8467954 ,  -11.69389454, -159.24947721,   28.7908213 ,
        -70.17085237, -323.31164944])
25, array([   9.32132353,  -12.81451396, -158.91151313,    7.93058399,
        -75.64440547, -319.40971766])
26, array([   1.52477039,  -12.39856149, -159.84822393,  -17.32111136,
        -76.07231526, -319.11240869])
27, array([  -6.04397895,  -11.18327432, -161.39266331,  -41.76230799,
        -73.56380242, -320.82237088])
28, array([ -13.24503246,   -9.04200747, -163.63928851,  -64.8348816 ,
        -67.58749334, -324.86704355])
29, array([ -17.58911636,   -5.90829016, -166.35167371,  -78.87420989,
        -57.9655999 , -331.16850672])
30, array([ -19.89751224,   -2.54975834, -168.74111051,  -86.60207827,
        -47.46861029, -337.65370889])
31, array([ -19.81319107,    0.87225021, -170.57638181,  -86.91234688,
        -36.61191657, -343.89721063])
32, array([ -17.08939931,    3.8477402 , -171.36608131,  -76.86694303,
        -26.73520888, -348.29970088])
33, array([ -13.51462607,    6.40992854, -171.54267841,  -64.00437049,
        -17.98972405, -351.62884431])
34, array([  -9.04069443,    8.62104248, -171.10828112,  -48.22413825,
        -10.16532469, -353.98198528])
