0, array([   0.5592736 ,    9.80484548, -159.14808175,  -16.84148626,
          2.29194203, -342.41723162])
1, array([   2.23073568,   10.97919348, -165.76227542,  -11.78894106,
          6.45501719, -349.2886428 ])
2, array([   7.80027923,   12.82231599, -167.6337009 ,    4.51043552,
         11.68998554, -350.99489829])
3, array([  15.74770505,   15.6869671 , -165.58371127,   28.36993718,
         20.74143797, -348.4291434 ])
4, array([  23.39164422,   19.46331597, -159.81571038,   52.37013103,
         33.92344335, -340.76697472])
5, array([  26.68406024,   23.62958194, -154.52916538,   65.52369972,
         50.5543154 , -331.34512003])
6, array([  25.43392155,   27.22636217, -151.80324026,   64.65345106,
         66.89021148, -324.22164413])
7, array([  21.21753162,   29.20734929, -152.54017157,   51.47627818,
         75.92957025, -323.53831366])
8, array([  16.0207562 ,   29.22170617, -155.75966209,   31.15243161,
         74.26858873, -329.14949736])
9, array([  10.60443393,   28.42607669, -159.76433764,   10.11546351,
         66.67260868, -337.29928592])
10, array([   5.49367517,   28.69571795, -161.78843709,   -5.70892446,
         62.67867995, -341.61883198])
11, array([-2.99223497e-01,  3.08257692e+01, -1.60995154e+02, -1.97541812e+01,
        6.87822004e+01, -3.38859483e+02])
12, array([  -6.75208944,   34.00262332, -157.94376672,  -36.19691544,
         82.51554299, -329.76797079])
13, array([ -13.49453612,   36.4422039 , -154.68604959,  -54.80069063,
         94.90275173, -318.76024139])
14, array([ -18.79805575,   35.80399773, -154.82786351,  -70.55635254,
         93.77818994, -312.87766072])
15, array([ -21.76117781,   32.61455484, -158.55644582,  -80.02266142,
         80.42404931, -315.34048004])
16, array([ -20.19157051,   27.43697779, -164.62784638,  -76.30054004,
         59.81252267, -325.92866613])
17, array([ -15.40437061,   21.14652841, -170.2806354 ,  -61.72952107,
         37.46242969, -339.35553925])
18, array([ -12.07268211,   14.69404708, -173.65481772,  -51.62432102,
         17.21160269, -350.0072896 ])
19, array([ -12.99526908,    8.69720529, -174.3944829 ,  -55.50725605,
          1.32437497, -352.98941623])
20, array([ -17.94344406,    2.61871919, -173.21449271,  -71.56812333,
        -15.33990587, -348.65632251])
21, array([ -23.20105205,   -3.5712004 , -170.78419131,  -90.94988569,
        -35.65277176, -340.08907323])
22, array([ -23.73538247,   -9.16668448, -168.43895953,  -97.52841015,
        -57.05020975, -331.19792323])
23, array([ -17.85270538,  -12.23372424, -167.28007818,  -82.9664754 ,
        -72.52439703, -327.34109945])
24, array([  -9.37003199,  -11.6514721 , -167.70547116,  -60.6338688 ,
        -74.25087135, -330.67212337])
25, array([  -0.85345494,   -8.39512933, -168.64438175,  -39.21906494,
        -62.03617922, -338.78645717])
26, array([   6.49963137,   -6.0596688 , -168.14755408,  -21.09152739,
        -50.86518072, -345.43831336])
27, array([  12.10222361,   -7.41594133, -164.39717047,   -6.73501968,
        -53.28612289, -343.32859077])
28, array([  17.484024  ,  -11.36559637, -158.85754584,   10.77731585,
        -67.29882367, -332.98346809])
29, array([  22.8344317 ,  -14.18380675, -153.75384146,   32.13801184,
        -82.04357927, -319.56018977])
30, array([  27.38457389,  -13.2400133 , -151.05812676,   53.54884344,
        -84.52659736, -310.14400392])
31, array([  30.38732066,   -8.41556391, -151.54773463,   72.0169221 ,
        -71.42055085, -308.75094187])
32, array([  31.57769041,   -1.6808767 , -153.9115506 ,   83.02319493,
        -49.53769805, -315.01963806])
33, array([  29.41923531,    4.81612809, -158.02610719,   79.63007907,
        -25.96241448, -326.56552736])
34, array([  23.63910092,    9.71458698, -163.31122818,   62.13893864,
         -6.76839333, -339.31128247])
35, array([  15.60791488,   12.37444856, -167.97102661,   36.59958178,
          4.59692903, -349.56159802])
36, array([   7.12729186,   12.45800947, -170.14978822,   11.70571403,
          7.78681108, -354.15590452])
37, array([   0.43841423,   11.12246947, -169.06593304,   -6.16512435,
          5.26298919, -353.05573059])
38, array([  -2.8085567 ,    9.65053831, -165.19973098,  -14.68942324,
          1.25919865, -348.81219857])
39, array([  -3.57799346,    8.68949427, -161.39912598,  -17.70979929,
         -1.35964945, -344.7867826 ])
