0, array([  -0.64769413,   11.80556006, -157.31738135,  -15.92834763,
          2.39763957, -343.24503337])
1, array([   1.16010669,   11.57880876, -163.86063632,  -11.37909224,
          4.60531414, -350.15323644])
2, array([   5.42711897,   12.28465078, -167.38916926,    3.43710349,
          7.98698375, -352.30147045])
3, array([  12.11693357,   14.12392521, -167.91949235,   25.98821761,
         14.23012867, -350.71043096])
4, array([  19.29347145,   17.55857281, -164.23076697,   49.70100859,
         25.5227574 , -344.07343429])
5, array([  24.20748484,   22.12868978, -158.40426567,   65.45176249,
         42.04657012, -334.56013672])
6, array([  25.07570489,   26.04791793, -154.63943703,   66.58374749,
         58.93747294, -327.13919485])
7, array([  22.56847052,   28.83151106, -153.65322253,   56.13139561,
         70.19153395, -325.06436482])
8, array([  17.48076182,   29.85608901, -156.49223972,   36.18037343,
         72.26542665, -329.57927083])
9, array([  11.45517356,   30.11292133, -160.29008059,   14.71991448,
         69.29359349, -336.63156071])
10, array([   5.11466845,   31.18040768, -162.62742693,   -4.27216784,
         69.52824905, -339.63196004])
11, array([  -1.58064907,   33.98346318, -161.85487903,  -22.336533  ,
         77.74249503, -335.11121765])
12, array([  -8.94717641,   36.77260904, -159.90933246,  -41.17954513,
         90.69386594, -323.97180745])
13, array([ -15.72145721,   37.72403253, -158.61963106,  -60.01951992,
         99.71922702, -312.1786662 ])
14, array([ -20.14486825,   35.93534776, -159.56095179,  -74.52783207,
         98.46300802, -306.07454273])
15, array([ -20.9780176 ,   31.31264578, -163.45306233,  -78.83056889,
         84.1349344 , -311.14288984])
16, array([ -18.58302368,   25.4602567 , -168.16285856,  -71.94986446,
         63.60765306, -323.68239146])
17, array([ -15.00274931,   19.27376207, -171.82831292,  -59.52037267,
         40.54196132, -338.78289173])
18, array([ -13.57686239,   13.26459766, -173.63207433,  -53.5552039 ,
         18.45669637, -350.12576757])
19, array([ -15.6140758 ,    7.19061933, -173.59963825,  -60.29282581,
         -0.41318537, -353.15239681])
20, array([ -19.35451169,    1.00809365, -172.19971512,  -74.81441895,
        -17.94288792, -349.0668512 ])
21, array([ -22.10225859,   -4.80442606, -170.32851728,  -89.39149563,
        -35.210855  , -342.5494113 ])
22, array([ -21.36008493,   -9.60539854, -168.54367342,  -92.51737236,
        -52.0684003 , -336.24384388])
23, array([ -17.0250991 ,  -12.59981488, -167.88713267,  -81.25348599,
        -66.40403547, -332.16947177])
24, array([ -10.47049972,  -11.57223162, -168.99939061,  -62.25563246,
        -70.83748472, -333.47254336])
25, array([  -3.4746526 ,   -7.84268679, -170.6629393 ,  -43.01186134,
        -63.9361475 , -338.74659568])
26, array([   3.33069659,   -3.80623239, -171.14131819,  -25.50309766,
        -52.73224923, -344.69361568])
27, array([   9.43862058,   -2.31997651, -169.23804485,  -10.90859413,
        -46.6540881 , -347.04294553])
28, array([  14.84833952,   -4.89017236, -164.73326186,    3.16819167,
        -52.16851284, -342.62776699])
29, array([  20.21478452,   -9.42242692, -158.92346584,   21.45286984,
        -67.03360584, -331.06384978])
30, array([  25.28587733,  -12.46661475, -152.95298294,   41.70606943,
        -79.03148155, -318.75118759])
31, array([  29.07379982,  -11.37983265, -149.88047213,   61.11018416,
        -77.13088812, -311.95352368])
32, array([  31.6044298 ,   -6.98863083, -149.00765075,   76.08997789,
        -62.84550196, -312.51635187])
33, array([  30.99622451,   -0.6526744 , -151.33652847,   78.96608491,
        -40.32206849, -320.80078451])
34, array([  27.67977364,    5.05504367, -155.25236163,   69.83451605,
        -18.68415955, -332.08311442])
35, array([  21.86836541,    9.22254682, -158.80879842,   50.83472   ,
         -4.01337342, -341.41882438])
36, array([  14.65001123,   11.37979904, -160.36319141,   27.58056053,
          3.30235996, -347.09754949])
37, array([   7.62249519,   12.24668794, -161.05013221,    6.98496159,
          4.95799428, -348.65046224])
38, array([   2.75942456,   12.08402111, -159.67427571,   -7.36418829,
          3.56331713, -347.34882086])
39, array([-1.14783564e-01,  1.18205944e+01, -1.58530883e+02, -1.54477229e+01,
        2.53179095e+00, -3.45563321e+02])
