0, array([  10.37202058,   19.40853049, -173.26827563,    3.7202946 ,
          9.7774373 , -358.86224985])
1, array([  10.58090278,   17.31312936, -173.45039156,    2.01004245,
          4.76919947, -358.99847335])
2, array([ 1.20403958e+01,  1.59393340e+01, -1.73316071e+02,  5.56647628e+00,
        3.53656998e-01, -3.58275779e+02])
3, array([  14.61270691,   15.26534325, -172.70018267,   13.86636717,
         -3.34476677, -356.73239587])
4, array([  18.60216217,   15.60424039, -170.07814598,   28.2752254 ,
         -5.44567702, -353.77888027])
5, array([  23.34863373,   16.98559305, -166.50005894,   45.53699863,
         -3.57935737, -350.10298972])
6, array([  28.44687386,   19.29421218, -162.33778351,   63.88251389,
          1.97159997, -346.00981647])
7, array([  33.38443802,   22.93539332, -157.87652126,   80.82142271,
         13.16230508, -341.78496647])
8, array([  36.67624461,   27.55662156, -153.89089652,   91.9417742 ,
         29.89063547, -337.71775317])
9, array([  38.18729438,   32.4387402 , -150.75459094,   97.02081117,
         49.60822835, -333.96403943])
10, array([  37.14341417,   37.29761709, -149.00093401,   93.57170457,
         72.14721471, -330.70990037])
11, array([  32.58008965,   40.71996594, -149.41649526,   77.1925083 ,
         91.9107932 , -329.24629905])
12, array([  26.10564042,   42.49425756, -151.08510395,   54.81169961,
        106.6310079 , -329.21116036])
13, array([  17.83143182,   42.32210646, -154.00688593,   27.10972848,
        114.95802856, -330.74879598])
14, array([   7.53642173,   38.61369616, -158.20625877,   -5.87582621,
        111.87776559, -334.7366069 ])
15, array([  -2.53422343,   33.59453678, -162.72458378,  -37.19878549,
        103.0823987 , -339.2723487 ])
16, array([ -12.07686859,   27.46236711, -167.19983877,  -65.97449204,
         89.00933579, -344.09931002])
17, array([ -19.957655  ,   19.83718154, -169.83436484,  -88.24430148,
         66.56935675, -348.40782779])
18, array([ -25.68238496,   11.72265805, -171.1851778 , -103.30961469,
         40.300674  , -350.78624676])
19, array([ -29.45893083,    3.49693175, -171.5769779 , -112.03771537,
         11.78538883, -351.31967586])
20, array([ -30.25858071,   -4.16599164, -170.8974287 , -111.45284833,
        -17.45048762, -348.88836798])
21, array([ -28.51753611,  -10.70866171, -169.81240637, -102.08146083,
        -44.14204481, -343.44106135])
22, array([ -25.14161374,  -16.02813963, -168.66240317,  -87.1024491 ,
        -67.57903393, -336.21542912])
23, array([ -19.99349156,  -19.62196269, -167.61476397,  -66.0595166 ,
        -86.24159969, -327.18291815])
24, array([ -13.39879571,  -20.44965474, -166.76585296,  -40.72571181,
        -96.87511269, -319.32919141])
25, array([  -6.61443151,  -19.90210109, -166.16896432,  -13.85655298,
       -102.90439232, -313.28862822])
26, array([ 5.58488295e-02, -1.80127631e+01, -1.65879504e+02,  1.37971001e+01,
       -1.04093426e+02, -3.09533659e+02])
27, array([   5.86060035,  -14.87134336, -166.23434994,   35.90423858,
        -95.17961368, -310.92851444])
28, array([  10.79969735,  -10.91256002, -167.02091265,   53.12689689,
        -81.24309458, -315.06671554])
29, array([  14.71857234,   -6.28241592, -168.146284  ,   64.9780055 ,
        -63.27336406, -321.55350977])
30, array([  16.33515182,   -0.80357888, -169.41726284,   65.68103376,
        -42.21822636, -330.49501783])
31, array([  16.08469874,    3.99313984, -170.44629041,   59.19191377,
        -23.72298509, -339.12627913])
32, array([  14.43383695,    7.9306295 , -171.3076772 ,   47.62725204,
         -8.16958865, -347.11521435])
33, array([  11.23675883,   10.07195209, -172.00026679,   31.25097499,
          1.58244033, -353.35578785])
34, array([   7.4323477 ,   11.04157945, -172.97809586,   13.78203233,
          6.85899191, -357.52108919])
35, array([   3.56868469,   11.39660168, -173.92483989,   -3.02018212,
          9.15917803, -360.16237078])
36, array([-8.35074820e-02,  1.12276936e+01, -1.74647755e+02, -1.79830878e+01,
        8.21356347e+00, -3.61025016e+02])
37, array([  -2.91195873,   10.60541754, -175.20294848,  -28.60308238,
          5.03644051, -360.91040084])
38, array([  -5.2740104 ,    9.84806883, -175.61121671,  -36.44224755,
          1.345844  , -360.49832615])
39, array([  -7.11214058,    9.00109624, -175.84704573,  -41.19554002,
         -2.59080081, -359.86036426])
