0, array([  -0.69729582,   12.2925155 , -175.52737129,  -17.57101429,
         -1.63313917, -361.02501575])
1, array([   0.87903938,   12.83510989, -174.83972775,  -11.67701332,
          0.46966744, -359.85852788])
2, array([   4.39426678,   13.85557763, -175.84704573,   -3.04290567,
          1.82048302, -360.74553234])
3, array([  12.20834501,   18.79010942, -174.25901068,   19.98534839,
         15.69831605, -358.27709972])
4, array([  21.98516304,   25.76125849, -171.16904112,   49.791381  ,
         36.50285517, -353.03308213])
5, array([  31.92096554,   33.85220872, -166.63609057,   79.06896208,
         64.410894  , -344.34126882])
6, array([  38.18729438,   40.33748206, -162.67028572,   93.72395982,
         94.1348054 , -334.63433448])
7, array([  37.86236022,   42.49425756, -161.7721244 ,   87.92925422,
        113.75198054, -329.40025427])
8, array([  31.61809014,   40.27951237, -164.24058565,   66.54436568,
        114.95802856, -331.63340171])
9, array([  22.01248006,   36.83420956, -168.00442766,   38.06287462,
        103.5228854 , -339.53854867])
10, array([  11.7559798 ,   34.3648395 , -170.37988144,    7.8415763 ,
         90.34660884, -348.30390858])
11, array([   2.63246812,   33.26072883, -171.14968493,  -20.60021393,
         82.42166163, -352.92039362])
12, array([  -4.40685312,   33.94959799, -170.18002124,  -47.57445729,
         83.86284469, -350.39300921])
13, array([  -9.5524414 ,   34.99481969, -167.9271365 ,  -77.64101201,
         91.67064331, -342.75695822])
14, array([ -12.73748599,   33.2543514 , -167.7210984 , -101.78899355,
         95.03365157, -337.27422618])
15, array([ -13.32302912,   28.0885584 , -169.048909  , -112.03771537,
         85.74303837, -338.13337174])
16, array([ -11.4089738 ,   21.9496148 , -170.90245688, -101.37922907,
         68.07681766, -343.77561141])
17, array([  -8.68550602,   15.86844405, -172.45722085,  -73.82370341,
         49.23834958, -351.20205456])
18, array([  -7.46452915,   10.05157627, -172.73617614,  -45.01423173,
         31.72083154, -357.38516604])
19, array([  -9.98320264,    5.15229491, -170.53290822,  -31.11857504,
         16.07156398, -359.2156301 ])
20, array([ -15.81559931,    1.3071822 , -165.93491158,  -39.28540753,
         -0.97045648, -357.27024045])
21, array([ -22.95418451,   -2.00194023, -160.54215802,  -62.90597185,
        -21.81325081, -351.64924165])
22, array([ -28.52706881,   -5.1826429 , -155.31317056,  -89.91075222,
        -45.52684895, -343.57166291])
23, array([ -30.25858071,   -7.02936377, -152.62224268, -103.63622565,
        -65.57759744, -335.47736891])
24, array([ -27.79168963,   -6.05609978, -153.86294637,  -98.42100819,
        -75.6677035 , -330.77966588])
25, array([ -21.57824271,   -4.09335788, -157.93972495,  -80.9340167 ,
        -73.6424217 , -332.37914678])
26, array([ -13.50446122,   -3.31271582, -162.18727256,  -56.9485603 ,
        -62.88141926, -339.09759991])
27, array([  -4.77810681,   -5.72003486, -162.87606119,  -30.94830067,
        -53.0214425 , -346.61412401])
28, array([   3.07299847,  -10.23351575, -160.27860711,   -8.06411063,
        -54.57351739, -348.193584  ])
29, array([   9.44114198,  -15.6000262 , -155.36727208,   11.8579717 ,
        -68.49000785, -341.63651111])
30, array([  14.26626725,  -20.09681603, -150.30952659,   31.39967639,
        -89.2878387 , -328.86185395])
31, array([  19.0995965 ,  -20.44965474, -149.00093401,   53.89272166,
       -104.09342617, -315.97243458])
32, array([  24.79477783,  -16.75741256, -151.61723981,   76.22085567,
       -103.55920684, -309.53365927])
33, array([  28.93462529,  -11.27693862, -157.5259017 ,   92.30984573,
        -88.29118183, -311.62343331])
34, array([  29.87595514,   -4.17697556, -164.08140586,   97.02081117,
        -61.60195756, -321.45463089])
35, array([  25.77999364,    3.83000956, -169.41463235,   83.0633292 ,
        -31.93609405, -334.79887947])
36, array([  17.19790901,   11.31576947, -172.79213545,   53.47667883,
         -7.09741974, -346.77211558])
37, array([   7.27739435,   16.83513268, -174.08930119,   20.61408286,
         10.06072938, -354.82709567])
38, array([  -0.71191822,   20.00892905, -174.01157586,   -4.97964867,
         20.12963893, -358.68645513])
39, array([  -4.7360673 ,   21.26346683, -172.8191697 ,  -18.94287724,
         23.9559716 , -359.44433844])
