0, array([  19.58813526,   21.20822123, -169.89316199,   33.93441097,
         17.6374708 , -355.8985998 ])
1, array([  26.3766121 ,   23.95376651, -168.04033954,   55.2610605 ,
         27.5406713 , -353.09790845])
2, array([  32.16416606,   27.0070061 , -166.0243155 ,   74.17561437,
         39.07592996, -349.61173933])
3, array([  37.01712424,   30.41606778, -163.8321631 ,   90.88995311,
         52.45245592, -345.39497343])
4, array([  38.18729438,   33.64659674, -162.20019173,   97.02081117,
         66.53861637, -340.97291095])
5, array([  37.18044126,   36.60247523, -160.88459424,   96.17996296,
         80.28350337, -336.73163844])
6, array([  34.18256046,   39.19695313, -159.91435374,   88.75876011,
         93.21820263, -332.76603137])
7, array([  27.34215732,   40.97393276, -159.70258276,   67.43211058,
        104.03829092, -329.08673056])
8, array([  18.26577644,   42.05608557, -159.87326979,   38.06802673,
        111.15685266, -326.33427802])
9, array([   7.39530122,   42.49425756, -160.39656454,    2.35442731,
        114.95802856, -324.50502629])
10, array([  -4.36294184,   41.45464945, -161.59914594,  -36.39709422,
        111.43528692, -325.28720645])
11, array([ -14.09965593,   39.1880912 , -163.06918468,  -68.79846131,
        102.99545229, -327.70004545])
12, array([ -22.02814469,   35.99227882, -164.72499716,  -95.73217322,
         90.93707738, -331.29281716])
13, array([ -25.45693401,   31.76682362, -166.41720909, -109.29519301,
         75.16123734, -336.0706297 ])
14, array([ -25.42126602,   26.78658497, -167.95173963, -112.03771537,
         57.95934994, -341.06247308])
15, array([ -23.047847  ,   21.54416601, -169.20153256, -106.62248458,
         40.42523882, -345.80546182])
16, array([ -17.61848464,   16.11416581, -169.7823405 ,  -88.71111825,
         22.44616146, -349.7129692 ])
17, array([  -9.54669448,   10.8415353 , -169.58847842,  -60.98561429,
          4.78464013, -351.82748317])
18, array([-2.76350115e-01,  5.76995677e+00, -1.68781132e+02, -2.87498769e+01,
       -1.22857894e+01, -3.52349421e+02])
19, array([  10.28113757,    0.83357904, -166.96267864,    8.31209797,
        -28.93410103, -350.17537847])
20, array([  17.98524845,   -3.76133263, -164.18315702,   36.56858777,
        -44.47463337, -344.59638609])
21, array([  22.88412348,   -8.20644022, -160.75971116,   55.98025103,
        -59.87071767, -337.22049866])
22, array([  22.86631654,  -12.27505604, -156.64213238,   59.55692471,
        -74.76897036, -328.22749397])
23, array([  17.19029452,  -15.77538776, -153.08461345,   44.52602146,
        -87.75779244, -320.1316951 ])
24, array([   9.39536609,  -18.58387207, -150.39758094,   21.72513161,
        -97.94428014, -313.64618495])
25, array([  -0.43773358,  -20.44965474, -149.00093401,   -9.16389724,
       -104.09342617, -309.53365927])
26, array([ -10.47220292,  -20.14463126, -149.75732649,  -42.43761391,
       -102.83999906, -309.88974788])
27, array([ -19.42314621,  -18.65496082, -151.59519168,  -72.64080537,
        -97.37656582, -312.73400508])
28, array([ -26.98084185,  -15.77988558, -154.67593861,  -98.65610205,
        -86.91204933, -318.49855407])
29, array([ -30.03626754,  -10.82181713, -158.81355392, -108.77289989,
        -70.3078621 , -326.61786192])
30, array([ -30.25858071,   -5.10206879, -163.05620222, -109.57061794,
        -51.76495859, -335.19137969])
31, array([ -27.31312253,    1.17241216, -167.16933142, -100.07155984,
        -32.04197802, -343.79211139])
32, array([ -21.18100197,    6.88044886, -170.69063182,  -79.18423443,
        -14.60827922, -351.05730791])
33, array([ -15.09078143,   11.59398836, -173.56443237,  -58.02806132,
         -0.50006191, -356.77024979])
34, array([  -9.03765841,   15.38955313, -175.84704573,  -36.56233956,
         10.50976026, -361.02501575])
