0, array([ 1.01484084e+01,  1.35610221e+01, -1.75388080e+02, -1.48880740e-01,
        9.69171642e+00, -3.61025016e+02])
1, array([  16.78222743,   15.26306517, -174.04249392,   17.92449256,
         15.48620236, -359.66019623])
2, array([  23.43987353,   17.47962909, -172.14203246,   36.32150964,
         23.20997669, -357.280639  ])
3, array([  30.41062233,   20.62885624, -169.25593155,   56.0053037 ,
         34.40674275, -353.14370538])
4, array([  35.03336417,   24.61783972, -165.57288994,   70.08345185,
         48.8044903 , -347.2637021 ])
5, array([  38.18729438,   28.81551643, -161.71386555,   80.13141309,
         64.04218733, -340.85313011])
6, array([  37.10254479,   33.15919963, -157.86775408,   77.08480195,
         80.02704256, -333.79313783])
7, array([  33.00761237,   36.92956585, -154.40720514,   65.0610867 ,
         94.09376288, -327.07721579])
8, array([  26.2970328 ,   40.13175365, -151.34299272,   45.23397143,
        106.23719753, -320.7707905 ])
9, array([  15.36630862,   41.74035466, -149.7292786 ,   13.95938676,
        112.09324412, -317.04227741])
10, array([   3.672494  ,   42.49425756, -149.00093401,  -19.08654506,
        114.95802856, -314.85881539])
11, array([  -8.57258419,   41.60534376, -150.02948576,  -52.88723171,
        112.26833779, -315.73845215])
12, array([ -18.88608115,   39.29078245, -152.23799613,  -81.36300349,
        104.50750738, -319.26593165])
13, array([ -27.77452943,   36.1515805 , -155.10469666, -105.87264167,
         93.85335052, -324.27775806])
14, array([ -30.25858071,   31.16792833, -159.08708311, -112.03771537,
         77.43974138, -331.7399811 ])
15, array([ -29.38907245,   25.68236257, -162.9392183 , -107.68127736,
         59.64178343, -339.03440227])
16, array([ -23.91437413,   19.62115157, -166.53006479,  -88.91098267,
         40.31270543, -345.94274794])
17, array([ -13.01941364,   14.05564902, -168.65596134,  -54.33283433,
         21.6072082 , -349.60060525])
18, array([  -0.89999826,    8.74829939, -170.14427097,  -15.89615   ,
          3.40061475, -351.55278845])
19, array([  12.12891266,    3.62000857, -170.4695107 ,   26.67534054,
        -14.78651591, -349.57050044])
20, array([  22.97636794,   -1.37486212, -169.87931482,   61.69207096,
        -33.22749308, -344.95562231])
21, array([  32.07471146,   -6.19611793, -168.63422586,   90.69055239,
        -51.56887988, -338.50230287])
22, array([  34.4865608 ,  -10.51379788, -166.16770503,   97.02081117,
        -68.03114891, -329.83309671])
23, array([  33.73341207,  -14.36214419, -163.73639597,   93.56938438,
        -82.70073207, -321.71104348])
24, array([  27.60055648,  -17.30737925, -161.53341108,   73.71546445,
        -93.91654818, -314.98363684])
25, array([  18.23882343,  -19.20073841, -160.45730586,   44.05199191,
       -100.40375037, -311.35844033])
26, array([   7.60891951,  -20.44965474, -160.00901009,   10.47189864,
       -104.09342617, -309.53365927])
27, array([  -2.86981213,  -19.9237199 , -160.95319669,  -23.25552192,
       -100.59322485, -312.14595579])
28, array([ -11.88176851,  -18.54791174, -162.48041456,  -52.95333128,
        -93.48460664, -316.76780908])
29, array([ -19.08960084,  -16.24082726, -164.63642191,  -77.60934476,
        -82.44385616, -323.56803633])
30, array([ -21.40020237,  -12.7436847 , -167.03214883,  -86.99380537,
        -67.76302849, -331.71601591])
31, array([ -21.58966419,   -8.80573671, -169.47118352,  -89.88425405,
        -52.04413104, -340.09591929])
32, array([ -17.35667544,   -4.26941764, -171.78606207,  -79.24410377,
        -35.72389047, -348.05069679])
33, array([-1.17279539e+01, -2.71598533e-01, -1.73863119e+02, -6.26362611e+01,
       -2.19289682e+01, -3.54342713e+02])
34, array([  -5.10399623,    3.49758654, -175.84704573,  -41.96092696,
         -9.33095111, -359.77636605])
