0, array([   2.112256  ,   16.62247198, -173.44746992,  -25.97267846,
          2.85002835, -357.29603739])
1, array([   4.03794443,   13.73720478, -174.59877714,  -22.60571085,
         -4.37129609, -357.06940603])
2, array([   6.98614013,   12.21702554, -174.71994092,  -15.40045443,
         -9.45420068, -356.55182988])
3, array([  10.86216901,   11.90136935, -173.77833799,   -4.56690976,
        -12.28807761, -355.71456277])
4, array([  15.93550012,   12.62205716, -171.41171528,   10.98144801,
        -12.39490201, -354.35936759])
5, array([  21.85074073,   14.74845362, -167.64239872,   29.52527362,
         -7.43061194, -352.34415224])
6, array([  27.66916718,   17.77011474, -163.49850571,   48.13203177,
          1.34317417, -349.99010123])
7, array([  33.1797118 ,   21.64730011, -159.19639319,   66.17668596,
         13.95779341, -347.32260204])
8, array([  36.87394882,   26.75174829, -155.06283909,   79.24985674,
         32.41511601, -344.13996696])
9, array([  38.18729438,   31.97022905, -151.92529352,   85.07860236,
         52.74688902, -341.02231684])
10, array([  37.24702798,   36.94268612, -149.76457573,   83.92410934,
         74.10123961, -337.93167764])
11, array([  33.27685617,   40.91135756, -149.00093401,   73.14158454,
         95.30850569, -334.84460125])
12, array([  26.55535528,   42.49425756, -150.6127784 ,   53.20238884,
        108.52658054, -332.74026643])
13, array([  18.12567232,   42.31382779, -153.17879188,   28.11657723,
        114.95802856, -332.22271686])
14, array([   8.02220281,   40.301772  , -156.4487784 ,   -1.83439303,
        114.21158948, -333.53573083])
15, array([  -2.88461166,   35.99196902, -159.59596381,  -34.07522764,
        104.74439352, -336.56913313])
16, array([ -12.70290225,   30.27694672, -161.91437322,  -62.98558248,
         88.91418517, -339.73002299])
17, array([ -21.18500812,   23.29887278, -163.48593164,  -87.81625812,
         67.67742896, -342.6705154 ])
18, array([ -27.24999895,   15.17554715, -164.11363414, -105.32462313,
         41.54905193, -344.77824111])
19, array([ -29.9329411 ,    6.54218403, -163.76325838, -112.03771537,
         11.67983969, -344.45507846])
20, array([ -30.25858071,   -1.72706756, -162.85183277, -110.86759736,
        -18.32743488, -342.23112704])
21, array([ -28.18706952,   -9.14043053, -161.46293462, -101.86175295,
        -46.68336413, -338.11482982])
22, array([ -22.47510955,  -14.81465339, -159.58741594,  -82.1956267 ,
        -70.57808337, -331.14591978])
23, array([ -14.93426871,  -18.54765747, -157.69124885,  -55.99908902,
        -87.61470106, -323.49601058])
24, array([  -6.39995555,  -20.44965474, -156.14601737,  -26.24838886,
        -98.77649843, -316.4099948 ])
25, array([   2.96527881,  -20.30192216, -155.27980962,    6.45482315,
       -104.09342617, -310.78289385])
26, array([  12.2164295 ,  -17.66353303, -154.59190631,   38.44891038,
        -98.76651246, -309.53365927])
27, array([  20.31507458,  -13.48881143, -154.45756448,   64.65165725,
        -85.51221301, -311.02869778])
28, array([  27.20098284,   -7.96180389, -154.93123058,   84.77033894,
        -65.49404106, -314.99047883])
29, array([  32.00773048,   -1.26185984, -156.37720538,   95.37433964,
        -41.20508328, -321.72117247])
30, array([  34.02851735,    4.5053373 , -158.55939306,   97.02081117,
        -18.70502813, -329.58523242])
31, array([  33.84662559,    9.27888854, -161.14712077,   92.10237394,
          1.13305403, -337.60969684])
32, array([  31.23895037,   12.79125671, -164.06214444,   80.3206101 ,
         17.20721855, -345.29922161])
33, array([  26.02435509,   14.01537637, -167.12626999,   62.67217216,
         25.61155667, -351.21358595])
34, array([  20.23359211,   14.05109661, -169.65996149,   44.18566276,
         29.1077781 , -355.51911366])
35, array([  14.05029426,   13.06545916, -171.72932379,   25.62969584,
         28.28846323, -358.43284205])
36, array([   8.22366236,   11.34968292, -173.38151481,   10.31701191,
         23.97468826, -360.15528144])
37, array([ 3.53632114e+00,  9.39300408e+00, -1.74814210e+02, -3.06456812e-01,
        1.83438237e+01, -3.60864016e+02])
38, array([-1.00998117e-01,  7.52720555e+00, -1.75711531e+02, -7.45358182e+00,
        1.30507364e+01, -3.61025016e+02])
39, array([  -2.47989963,    5.96618339, -175.84704573,  -10.9874663 ,
          9.01289851, -360.76544218])
