0, array([   2.37655877,   16.29669499, -175.84704573,    0.42929293,
         12.34142429, -358.17436786])
1, array([-2.23334062e-01,  1.70825481e+01, -1.74782481e+02, -8.55441151e+00,
        1.38801489e+01, -3.57791865e+02])
2, array([   5.19684785,   17.3102061 , -174.72645706,    8.06287165,
          9.92789606, -357.47058062])
3, array([  15.08152065,   21.38194488, -172.37842871,   37.96750541,
         20.0599806 , -354.50016439])
4, array([  24.94383091,   27.69949245, -168.17434687,   66.91279114,
         40.00851644, -349.51689852])
5, array([  33.7953425 ,   35.00567233, -163.65745264,   90.09618862,
         68.70261327, -343.07704459])
6, array([  38.18729438,   40.60259016, -161.01230473,   97.02081117,
         98.65483512, -338.07267896])
7, array([  36.40682081,   42.49425756, -160.9826258 ,   85.40648607,
        114.95802856, -337.62707587])
8, array([  29.49284318,   40.94806135, -163.26431776,   61.6920423 ,
        112.41753246, -341.98470688])
9, array([  19.63033293,   37.37325193, -166.78547094,   31.87507868,
        101.9455263 , -348.46545356])
10, array([   9.09741847,   34.25271634, -169.86371494,    0.73831756,
         92.22382371, -353.69659328])
11, array([  -0.86282291,   32.73116952, -170.83793508,  -28.78607936,
         87.82491716, -355.20275891])
12, array([  -9.65576867,   32.5132373 , -169.84206142,  -60.80252655,
         88.76490996, -352.52722758])
13, array([ -16.79541998,   32.20319981, -168.63322779,  -90.3826419 ,
         91.83534761, -348.07146874])
14, array([ -20.31750416,   29.25228391, -168.83292939, -109.71394966,
         88.20919518, -346.34547913])
15, array([ -19.95069952,   24.43315071, -169.79152716, -112.03771537,
         72.57806465, -348.33421147])
16, array([ -16.60390573,   18.93151645, -171.22121353,  -96.33621725,
         51.86402714, -352.75747864])
17, array([ -13.05848251,   13.20587998, -172.20485401,  -71.83266864,
         32.73440123, -357.3281572 ])
18, array([ -11.91533377,    7.6180219 , -171.82504381,  -51.73360735,
         16.42599848, -359.85955601])
19, array([ -14.43535178,    2.71030936, -169.61999479,  -47.22584294,
          3.20233703, -359.66795047])
20, array([ -20.17174586,   -2.13384646, -165.18189073,  -63.19557588,
        -13.44993474, -355.45111521])
21, array([ -26.52206463,   -7.49920457, -159.00942333,  -82.79392706,
        -37.45770123, -347.39908256])
22, array([ -30.25858071,  -12.61047315, -153.32651289,  -95.74127912,
        -63.37493435, -338.40068481])
23, array([ -29.78389272,  -15.25728478, -150.62163991,  -94.42645241,
        -82.63069509, -332.05145549])
24, array([ -25.26053356,  -15.46210713, -151.15045935,  -78.26229386,
        -90.25185708, -330.33688858])
25, array([ -19.18026835,  -14.75946831, -153.65332793,  -55.76851719,
        -85.98762151, -333.68351654])
26, array([ -12.57520645,  -14.18571921, -156.12960839,  -31.96804934,
        -74.79763599, -340.15437898])
27, array([  -6.32463528,  -14.28982444, -157.45351605,  -12.18607186,
        -65.51863926, -345.16892483])
28, array([  -0.56011453,  -16.28384198, -156.08045378,    4.28525104,
        -68.23475123, -343.14864615])
29, array([   4.98116565,  -19.07558032, -152.58133411,   23.4050033 ,
        -82.32181623, -332.76108766])
30, array([  11.26614781,  -20.44965474, -149.48377763,   47.75679102,
        -97.16582439, -320.03014764])
31, array([  17.81932339,  -19.14847849, -149.00093401,   72.34751509,
       -104.09342617, -310.9304731 ])
32, array([  23.82421326,  -15.72697061, -150.86597083,   89.88056852,
        -97.0057951 , -309.53365927])
33, array([  26.84888464,  -10.45036784, -155.6476943 ,   95.58001311,
        -74.76241808, -317.1286359 ])
34, array([  25.56522631,   -3.912241  , -161.41699699,   86.90472226,
        -44.83928389, -330.57880225])
35, array([  20.38068586,    2.60986957, -166.99883128,   65.04298093,
        -17.11021352, -344.53133404])
36, array([  12.68316404,    7.8218433 , -171.20759815,   36.85746581,
          2.98694247, -354.5019729 ])
37, array([   5.02416392,   11.94305145, -173.75654073,   11.58423661,
         15.77646728, -359.44226399])
38, array([  -0.95421101,   14.79999259, -174.87863782,   -6.10949416,
         22.63317443, -361.02501575])
39, array([  -4.72805051,   16.144469  , -174.73257021,  -15.8456304 ,
         24.57502492, -360.9700575 ])
