0, array([   3.64692649,   13.51796407, -175.49236318,  -16.79726917,
         16.9329699 , -361.02501575])
1, array([  11.40763122,   15.45624539, -173.59753415,    5.18847605,
         23.59305397, -358.65733955])
2, array([  18.96478166,   17.79046831, -171.29547239,   26.84480562,
         31.62437944, -355.65139843])
3, array([  26.45625308,   21.19615465, -167.89686174,   48.91708691,
         43.36352455, -350.9601709 ])
4, array([  31.70512393,   25.1398801 , -164.09539082,   63.99377773,
         56.97672205, -345.62398334])
5, array([  35.44885316,   29.44471533, -160.02353659,   74.37531486,
         71.84770674, -339.85492504])
6, array([  33.58472468,   33.60100984, -156.22346738,   67.27742995,
         86.11162548, -334.01234379])
7, array([  29.78443268,   37.53495863, -152.66177188,   54.52404624,
         99.51721049, -328.43970107])
8, array([  20.646917  ,   40.3179853 , -150.23669422,   26.77890674,
        108.62620573, -324.43321626])
9, array([  10.06025551,   41.96791795, -149.02275509,   -3.9994414 ,
        113.75849082, -322.23850714])
10, array([  -1.75861347,   42.49425756, -149.00093401,  -37.21790191,
        114.95802856, -321.83322919])
11, array([ -12.40521667,   40.97261747, -150.83793245,  -66.38751791,
        109.4480822 , -324.19997846])
12, array([ -22.22678331,   38.7304243 , -153.31562454,  -92.99407774,
        101.58647894, -327.57145975])
13, array([ -27.90184196,   34.81647476, -157.21092378, -107.50868931,
         88.30724274, -333.47504512])
14, array([ -30.25858071,   30.4083958 , -160.96656241, -112.03771537,
         73.55620195, -339.37902625])
15, array([ -27.73442728,   25.07846376, -164.66662977, -101.77397896,
         55.9929034 , -345.52556747])
16, array([ -19.31107005,   19.43168258, -167.43636363,  -74.16654436,
         37.29967786, -349.33779955])
17, array([  -8.34209887,   13.65074869, -169.7885247 ,  -39.07451037,
         18.12149056, -352.11487847])
18, array([   5.72726539,    8.0984585 , -169.63548997,    5.1446299 ,
         -1.05776118, -350.17928582])
19, array([  18.92747729,    2.48056634, -168.93057569,   46.22606585,
        -20.57002595, -347.01131575])
20, array([  29.55161318,   -3.07778604, -166.93886028,   78.26004473,
        -40.12585564, -341.03104996])
21, array([  35.38624653,   -8.16051335, -164.38579319,   93.15125301,
        -57.95537976, -333.58785972])
22, array([  38.18729438,  -13.0650296 , -161.38873572,   97.02081117,
        -75.12117896, -324.96602065])
23, array([  33.6485352 ,  -16.41897649, -159.11148321,   77.81243758,
        -87.48291794, -317.97477449])
24, array([  27.38650663,  -19.18819673, -157.34245772,   53.63628431,
        -97.9239021 , -312.06412298])
25, array([  17.84254022,  -20.35526041, -157.22933261,   20.9341587 ,
       -102.95420777, -309.6652799 ])
26, array([   7.98451972,  -20.44965474, -158.06396926,  -12.67067952,
       -104.09342617, -309.53365927])
27, array([  -2.03365881,  -19.43449465, -159.86366278,  -46.64809108,
       -101.19448269, -311.74609125])
28, array([  -9.38322552,  -16.58639929, -162.49290692,  -72.3536015 ,
        -91.73936307, -317.16691021])
29, array([ -15.38552008,  -13.20735788, -165.27712855,  -93.79852913,
        -80.41053669, -323.42496439])
30, array([ -15.87583114,   -8.47847314, -168.08245606,  -97.84730069,
        -64.62263308, -331.23587436])
31, array([ -14.22468888,   -3.71940863, -170.68807262,  -94.89033791,
        -48.90866008, -338.71786308])
32, array([  -9.38286717,    1.08462255, -172.99612788,  -81.49511229,
        -33.30484069, -345.70977233])
33, array([  -3.04568912,    5.13262024, -174.55979933,  -61.76003929,
        -20.55516297, -351.0530959 ])
34, array([   4.06746938,    8.9571393 , -175.84704573,  -38.90111721,
         -8.70810642, -355.82799925])
