0, array([ -14.00196716,   17.68385423, -170.6750325 ,  -23.54395805,
         -8.92772193, -362.69072298])
1, array([   7.40245346,   17.39773824, -171.23774944,   17.28805595,
         -1.02428825, -360.46676746])
2, array([  22.5207754 ,   18.94130538, -170.2335558 ,   47.24814113,
         11.2128932 , -356.79583625])
3, array([  32.07342737,   21.85564959, -168.01490553,   67.09260941,
         26.54134971, -352.10072691])
4, array([  36.78083805,   25.68186482, -164.93425256,   77.57777271,
         43.71860862, -346.80423698])
5, array([  37.36343614,   29.96104499, -161.34405083,   79.45994293,
         61.50219722, -341.32916401])
6, array([  34.54165035,   34.23428407, -157.59675427,   73.495432  ,
         78.64964285, -336.09830555])
7, array([  29.510855  ,   37.66835916, -153.69450576,   57.42758109,
         94.84420373, -331.78283437])
8, array([  22.09168536,   39.58264418, -150.76365247,   39.38352368,
        105.58320422, -328.42034103])
9, array([  13.0951336 ,   40.6124259 , -150.129578  ,   14.67960251,
        106.05587837, -327.94983308])
10, array([   1.17383035,   40.61796733, -150.1541737 ,  -21.99258068,
        110.07798315, -328.22187813])
11, array([  -7.44136751,   39.36722487, -152.49230818,  -55.9259428 ,
        111.02743588, -330.3340155 ])
12, array([ -16.11557344,   36.54200911, -154.83174246,  -83.29382374,
         99.89461733, -334.84738278])
13, array([ -20.45069136,   33.11605947, -158.80768404, -103.19866513,
         89.85121845, -338.71229827])
14, array([ -21.64533059,   29.26877282, -161.93584134, -112.12295353,
         70.96627428, -343.93326768])
15, array([ -20.1956546 ,   24.83024625, -164.9710527 ,  -98.32623194,
         55.6368485 , -349.48832477])
16, array([ -15.98610462,   19.34420582, -167.54190969,  -69.73861415,
         35.08092373, -353.8010664 ])
17, array([  -9.73829028,   13.77150036, -169.6702496 ,  -41.52182253,
         16.78986634, -355.64414405])
18, array([  -1.50221777,    7.9705497 , -169.29849584,   -3.61118557,
         -3.52906793, -354.26481719])
19, array([   8.74582265,    1.58460606, -168.00391382,   25.40351389,
        -21.88974561, -350.22357173])
20, array([  11.0605721 ,   -3.99007045, -165.59872689,   49.53704789,
        -40.0689392 , -344.64231672])
21, array([  14.45058673,   -9.32028663, -162.54005286,   65.41463503,
        -58.30895746, -338.17110938])
22, array([  15.3310173 ,  -14.3064844 , -158.78754726,   54.93457434,
        -72.61811406, -330.13255141])
23, array([  13.30779544,  -17.67733413, -155.89224401,   39.23559513,
        -85.56282372, -322.23852832])
24, array([   8.68291462,  -20.46829712, -153.133664  ,   19.44149768,
        -94.26000245, -316.12197321])
25, array([   4.41052554,  -21.43010991, -152.91893918,  -14.16658039,
        -96.35644527, -312.13915873])
26, array([  -1.96352467,  -20.08921191, -153.34621109,  -37.67248998,
        -97.9158529 , -310.39539758])
27, array([  -7.51247052,  -17.80873016, -155.0648626 ,  -56.735589  ,
        -91.63967323, -314.45149457])
28, array([ -11.91265468,  -14.84469979, -158.10758384,  -76.05396643,
        -85.02014644, -319.7758533 ])
29, array([ -14.5534144 ,  -10.30499823, -162.58115808,  -88.23189022,
        -71.69466005, -325.76306497])
30, array([ -16.02231903,   -5.54704871, -167.04185465,  -94.63362667,
        -56.7534566 , -332.24398716])
31, array([ -16.18385398,   -1.04469756, -170.94298386,  -94.21344123,
        -41.44866676, -338.6650847 ])
32, array([ -14.90250465,    2.72820887, -173.73785602,  -85.92559936,
        -27.03242119, -344.47282245])
33, array([ -12.04275645,    5.29782425, -174.87978147,  -68.72436653,
        -14.75685056, -349.11366524])
34, array([  -7.46909477,    6.19030222, -173.82207052,  -41.56400817,
         -5.87408554, -352.03407793])
