0, array([  -6.45747321,   16.75801085, -180.65808383,  -16.30276602,
         -8.92272559, -361.59273143])
1, array([   3.44126965,   18.93355228, -173.44295668,    3.72958918,
          2.33252145, -358.5159673 ])
2, array([  12.29435172,   21.84627309, -167.92593116,   23.82585326,
         16.64515849, -354.44928794])
3, array([  19.8264998 ,   25.22492418, -163.94640222,   42.69604696,
         32.85119627, -349.84617103])
4, array([  25.76244067,   28.79825643, -161.34376477,   59.05019105,
         49.78664554, -345.16009428])
5, array([  29.82690114,   32.29502072, -159.95741375,   71.59830629,
         66.28751707, -340.84453537])
6, array([  31.74460801,   35.44396796, -159.62674409,   79.05041341,
         81.1898216 , -337.35297199])
7, array([  30.39465743,   37.52114278, -160.04660534,   77.70737496,
         89.80732687, -337.38081201])
8, array([  25.07429761,   39.00974307, -161.58244466,   68.25562965,
         97.33267749, -339.44522091])
9, array([  17.86252284,   39.39219047, -162.8123874 ,   47.76755832,
        103.21735458, -340.63834019])
10, array([   9.15325853,   38.89176253, -164.5172591 ,   19.47250501,
        104.55000817, -341.14403697])
11, array([  -0.39933335,   37.40545656, -166.96703892,  -14.32358927,
         97.75474561, -339.90033957])
12, array([  -7.33246121,   35.66118184, -168.41358584,  -47.10858851,
         93.04331043, -340.14606016])
13, array([ -12.50344244,   32.47301494, -168.38388359,  -70.55627855,
         86.75223906, -340.55493178])
14, array([ -16.24270847,   28.13442555, -168.16367745,  -83.76048147,
         80.47817822, -340.913532  ])
15, array([ -17.29778675,   23.20443418, -168.76965248,  -84.46363258,
         67.78605872, -340.86608712])
16, array([ -16.49987928,   17.59027585, -168.46154195,  -84.24320353,
         49.81202829, -343.43813651])
17, array([ -16.65540214,   10.91278085, -169.11856015,  -83.13453885,
         36.93742233, -345.23058093])
18, array([ -17.39165401,    3.6766511 , -167.33789875,  -80.90239625,
         15.64767736, -348.70061871])
19, array([ -18.88836242,   -3.18540567, -165.77393199,  -76.77930719,
         -8.87957237, -350.32036763])
20, array([ -22.72545413,   -7.60758382, -162.24799275,  -74.50850799,
        -25.4737637 , -348.93238766])
21, array([ -23.58319597,  -11.33955204, -158.47014383,  -75.42055795,
        -43.95483461, -343.46868669])
22, array([ -24.97499777,  -13.70646879, -156.60763061,  -74.21049341,
        -55.82634106, -337.57930403])
23, array([ -24.46852084,  -14.53509204, -156.62561568,  -76.98179641,
        -64.67601856, -331.56479683])
24, array([ -20.5171103 ,  -14.15759275, -156.14241606,  -75.61849838,
        -69.14488277, -329.32289483])
25, array([ -16.18955079,  -15.09062239, -156.85142747,  -65.06215717,
        -71.9568797 , -328.93097858])
26, array([ -11.311499  ,  -16.30278116, -157.11464471,  -45.87496798,
        -73.39668225, -328.90591379])
27, array([  -3.58102792,  -16.67046325, -157.68002606,  -21.8176861 ,
        -78.52545075, -328.02319173])
28, array([ 3.48600398e+00, -1.65143162e+01, -1.55922428e+02,  2.32145872e-01,
       -8.33064764e+01, -3.28873289e+02])
29, array([  11.58603913,  -16.91955627, -155.59881077,   21.20000751,
        -83.79017519, -326.36546963])
30, array([  17.11327104,  -16.81824526, -154.19870305,   43.35943663,
        -86.9564448 , -325.11946412])
31, array([  21.9527835 ,  -15.49133778, -154.58643277,   63.55433317,
        -90.61663703, -322.04012097])
32, array([  22.98862902,  -12.61177403, -154.94446131,   79.64398946,
        -85.85806135, -321.02091192])
33, array([  24.76515427,   -8.60086989, -157.26853876,   84.00303706,
        -78.03512151, -322.42932422])
34, array([  23.67507368,   -3.59442951, -161.70348305,   82.00450646,
        -59.29957634, -327.79922105])
35, array([  20.82153046,    1.35063215, -166.35228737,   73.70644234,
        -38.67730335, -334.50308279])
36, array([  16.19582593,    5.7420298 , -170.65864085,   59.19536012,
        -18.27267351, -342.00164302])
37, array([ 9.78926140e+00,  9.08747818e+00, -1.74066233e+02,  3.85577753e+01,
       -1.90057751e-01, -3.49755635e+02])
38, array([   1.59313819,   10.89469202, -176.01875197,   11.88020322,
         13.46617296, -357.22579333])
39, array([  -8.40124238,   10.67138607, -175.95988791,  -20.75084058,
         20.59164768, -363.87285059])
