0, array([ 4.82934147e-01,  1.08314385e+01, -1.75847046e+02, -1.80525379e+01,
        1.24476537e-01, -3.58389833e+02])
1, array([  -2.48054788,   10.27035815, -174.76036711,  -27.22713116,
          3.71608948, -358.48173107])
2, array([  -2.84341375,    9.67317802, -174.27576447,  -28.63643608,
          2.64096156, -358.51021943])
3, array([  -1.04186393,    9.30966459, -174.2531498 ,  -23.48248245,
         -1.29857377, -358.42245111])
4, array([   2.46207566,    9.83565195, -174.4499809 ,  -12.90524249,
         -4.7143011 , -358.06330891])
5, array([   9.95964457,   12.76614983, -173.20768198,   10.60587706,
         -4.28888575, -356.64052049])
6, array([ 1.76773132e+01,  1.64437785e+01, -1.71356411e+02,  3.47673472e+01,
       -1.88768802e-02, -3.54883517e+02])
7, array([  24.64986202,   20.49647697, -169.09396354,   56.40799329,
          8.39502487, -352.95768633])
8, array([  30.87483079,   25.4981343 , -166.77672219,   75.35159127,
         22.40092227, -350.75829262])
9, array([  35.42763098,   30.51470622, -164.68552633,   89.0389432 ,
         39.00970153, -348.50124633])
10, array([  38.18729438,   35.32692322, -163.04752441,   97.02081117,
         57.58554871, -346.15948967])
11, array([  38.13167973,   39.43287304, -162.45906137,   95.94438241,
         77.76458337, -343.67154452])
12, array([  34.17303373,   41.80019797, -163.23405177,   83.21608202,
         95.31577468, -341.28657388])
13, array([  28.01202803,   42.49425756, -164.59901049,   64.3945652 ,
        108.08092675, -339.74637331])
14, array([  19.75094128,   41.35185485, -166.44027433,   39.889312  ,
        114.95802856, -339.31645362])
15, array([   9.65532908,   37.90870086, -168.49490036,   10.15431846,
        111.33046125, -340.67326523])
16, array([  -0.44710286,   33.61876051, -170.02572495,  -19.77384964,
        102.19504427, -342.74435575])
17, array([ -10.10590709,   28.66132052, -170.76727939,  -48.64931425,
         88.82605263, -345.25096769])
18, array([ -18.21011125,   23.28050345, -170.13820436,  -73.35067679,
         72.0959764 , -347.87649869])
19, array([ -23.98216673,   17.19305089, -168.69773662,  -91.63374485,
         50.95450571, -349.32001275])
20, array([ -28.07529928,   10.92088057, -166.59748611, -104.77810564,
         27.35112453, -349.45878904])
21, array([ -30.25858071,    4.70734871, -163.87003791, -112.03771537,
          2.29114897, -348.01163683])
22, array([ -29.09999382,   -1.5818505 , -160.1369974 , -109.59952227,
        -24.0635152 , -343.08166456])
23, array([ -25.57795935,   -7.64380976, -156.51954042,  -98.31992187,
        -48.61755419, -335.98178501])
24, array([ -20.47227362,  -12.90611281, -153.31401437,  -80.62596526,
        -69.87339521, -328.0279223 ])
25, array([ -13.90833711,  -16.92175816, -150.73251597,  -56.52348081,
        -86.70078942, -319.84172985])
26, array([  -6.15255118,  -19.41117712, -149.44563628,  -24.82992033,
        -98.25683605, -313.88635436])
27, array([   1.62426204,  -20.44965474, -149.00093401,    7.16716708,
       -104.09342617, -310.42241907])
28, array([   9.30959772,  -20.06203467, -149.34308707,   38.33888382,
       -103.94204772, -309.53365927])
29, array([  16.33112312,  -17.67181798, -150.75932742,   63.9801089 ,
        -93.80580095, -312.81576712])
30, array([  21.60934399,  -13.9255955 , -153.50878335,   81.60868338,
        -77.99701589, -318.95525511])
31, array([  25.04932758,   -9.54578843, -157.09723687,   91.8593034 ,
        -59.65363078, -326.62605931])
32, array([  26.13733314,   -4.77561231, -161.46650802,   93.25674835,
        -39.89208893, -335.47506977])
33, array([  24.18858512,   -1.13942028, -165.57696898,   83.91802247,
        -23.87164175, -343.57169306])
34, array([  21.17142238,    1.46827441, -168.99151571,   70.27354252,
        -11.52121369, -350.15762495])
35, array([  17.25413419,    3.07939468, -171.72084891,   53.45927065,
         -2.72321361, -355.26937367])
36, array([  12.87366164,    3.46534083, -173.50939558,   37.08065126,
          1.53325115, -358.43654413])
37, array([   8.79598319,    3.58447729, -174.57541984,   23.10687701,
          3.11125077, -360.21810331])
38, array([   5.22047938,    3.52864642, -175.31362269,   11.94376894,
          3.09525096, -361.02501575])
39, array([   2.41118401,    3.31803087, -175.8272792 ,    4.4696985 ,
          1.75704907, -360.8893665 ])
