0, array([  16.67462535,   14.29270118, -173.34914201,   27.73178505,
          9.85993364, -360.96750427])
1, array([  23.4104419 ,   16.86682011, -171.16266451,   48.84756304,
         19.22351922, -358.44114797])
2, array([  29.71737325,   20.05862758, -168.33000108,   68.8036873 ,
         30.72502482, -354.94140683])
3, array([  35.63949422,   23.92575661, -164.83209943,   87.77040829,
         44.60904325, -350.40491993])
4, array([  38.18729438,   28.28360166, -161.35245897,   97.02081117,
         60.82797872, -344.79338837])
5, array([  37.57189504,   32.70508896, -157.721103  ,   95.4069176 ,
         77.41193019, -338.37646137])
6, array([  34.1031929 ,   36.95774336, -154.14699817,   84.08186912,
         93.48436123, -331.55889662])
7, array([  25.74873146,   40.05900463, -151.46416793,   57.1249995 ,
        105.51396387, -325.32391192])
8, array([  15.33812016,   41.82879452, -149.77596473,   23.83578148,
        112.36725992, -320.98802399])
9, array([   3.33485681,   42.49425756, -149.00093401,  -14.20933517,
        114.95802856, -318.34348268])
10, array([  -8.77211181,   41.25028027, -150.30495269,  -51.37485065,
        110.33685852, -319.49313139])
11, array([ -18.50955708,   38.82000937, -152.60218629,  -80.69395805,
        101.47276654, -322.93318428])
12, array([ -26.36758496,   35.47656068, -155.65309758, -103.48787988,
         89.45293671, -327.99562356])
13, array([ -30.23978668,   31.09755869, -159.49137995, -112.03771537,
         74.25334775, -334.55706284])
14, array([ -30.25858071,   25.85632841, -163.24701369, -107.41897928,
         56.88856465, -341.4811361 ])
15, array([ -27.4502143 ,   20.31804129, -166.64183624,  -93.81259029,
         38.91879183, -348.0177515 ])
16, array([ -20.39766925,   14.61497711, -169.15905367,  -67.80539338,
         20.68490716, -353.12875123])
17, array([ -11.66773001,    9.19702324, -171.21814547,  -37.17818293,
          3.6927694 , -356.18271272])
18, array([  -2.23559866,    4.15999679, -172.45577811,   -5.73819908,
        -12.20356956, -357.17930246])
19, array([   8.04185731,   -0.35888094, -171.89774554,   25.17116272,
        -27.0996042 , -354.45633579])
20, array([  16.83232488,   -4.50652867, -169.95369877,   51.05225068,
        -41.96932248, -348.68445611])
21, array([  23.79635302,   -8.57529094, -167.19354502,   70.57502036,
        -57.33630322, -341.17376305])
22, array([  27.12776795,  -12.46752181, -163.5692986 ,   77.61976167,
        -73.01022264, -331.96930742])
23, array([  25.42957432,  -15.87553593, -160.27540668,   67.75999333,
        -86.53387312, -323.1127194 ])
24, array([  21.23137659,  -18.61943331, -157.59667682,   49.89547386,
        -97.22367743, -315.6669442 ])
25, array([  14.18224639,  -20.43527321, -155.82010314,   23.02524339,
       -103.94006947, -310.39848217])
26, array([   5.52810044,  -20.44965474, -155.82146349,   -7.42772428,
       -104.09342617, -309.53365927])
27, array([  -2.52448914,  -19.58518937, -156.7113138 ,  -35.24519145,
       -100.66224517, -311.15112398])
28, array([  -9.57361934,  -17.74543312, -158.59764845,  -59.18513757,
        -93.07692701, -315.65010868])
29, array([ -13.23444854,  -14.25484213, -161.50288311,  -71.3372494 ,
        -79.90673643, -323.08677571])
30, array([ -14.89013439,  -10.10370944, -164.86165946,  -76.4192768 ,
        -64.65216647, -331.58386861])
31, array([ -14.27612045,   -5.42608775, -168.57784078,  -73.50576408,
        -47.85273568, -340.83078061])
32, array([  -9.63620146,   -0.75682822, -171.53085054,  -57.53659895,
        -32.4151746 , -349.06990744])
33, array([  -4.21983513,    3.27195464, -173.93351367,  -38.48728539,
        -19.55685488, -355.76568827])
34, array([   1.99265373,    6.72016664, -175.84704573,  -16.19146853,
         -9.06579681, -361.02501575])
