0, array([ -10.23893544,   13.00187765, -175.84704573,    5.64503758,
          3.00646785, -356.49044747])
1, array([  -7.74249308,   14.57435045, -174.73829432,    9.91945199,
          6.99495616, -355.73363381])
2, array([   1.93135107,   17.30402384, -173.547982  ,   24.3977872 ,
         11.48097967, -354.99350173])
3, array([  14.72806258,   23.32124875, -168.66494264,   47.45664976,
         28.03669247, -349.0843818 ])
4, array([  27.93309513,   31.03524319, -162.67457293,   71.0385728 ,
         53.55371301, -339.12507394])
5, array([  36.81731332,   38.66973546, -157.10186394,   85.13972362,
         84.5517551 , -327.47552917])
6, array([  38.18729438,   42.49425756, -154.8707122 ,   83.14358043,
        107.87863856, -320.42449331])
7, array([  32.82770438,   41.01632626, -156.99595059,   68.44064372,
        114.95802856, -321.13014331])
8, array([  23.18930164,   36.69345654, -162.58137306,   46.24634499,
        106.07534375, -329.68353773])
9, array([  12.50933626,   32.75775938, -168.5399109 ,   23.32668316,
         86.91208314, -342.91413291])
10, array([   2.43489752,   30.94922273, -170.69054704,    3.54481822,
         70.55345872, -353.71337154])
11, array([  -7.12191046,   31.59369635, -170.3554565 ,  -19.01831422,
         66.9629294 , -355.64870421])
12, array([ -15.99964367,   34.3002829 , -168.29969706,  -47.83935065,
         77.91781619, -345.70193823])
13, array([ -23.67181069,   36.27197075, -166.63084078,  -79.91093955,
         90.96883599, -329.90793864])
14, array([ -27.48639159,   33.48821077, -167.33223426, -102.83352096,
         89.80004881, -319.03432919])
15, array([ -27.43136293,   27.51655357, -169.35369211, -112.03771537,
         75.31218026, -317.01793959])
16, array([ -23.7694322 ,   20.51102174, -172.1657258 , -105.06819656,
         53.54480818, -324.42376239])
17, array([ -17.84714061,   13.63274594, -174.37328797,  -80.42149547,
         31.15042268, -339.05586106])
18, array([ -12.82539335,    7.26969391, -175.18486454,  -50.75322347,
         12.52809359, -353.89727402])
19, array([ -12.42669662,    2.21997225, -173.65874954,  -34.71102976,
         -0.82022422, -361.02501575])
20, array([ -16.06194349,   -1.78705086, -170.87608852,  -34.95614525,
        -15.01145153, -359.96068288])
21, array([ -22.29365619,   -5.85995942, -167.35274573,  -48.01121132,
        -37.13692119, -352.72382765])
22, array([ -28.25355786,  -10.30307626, -162.61801006,  -65.09217195,
        -66.23790411, -339.1395288 ])
23, array([ -30.25858071,  -12.90943337, -159.67712387,  -74.32546999,
        -91.41394806, -325.56124884])
24, array([ -26.53643958,  -12.14527806, -160.06632158,  -66.92820589,
       -103.9824969 , -318.41151421])
25, array([ -18.21486492,  -10.34330259, -162.23228397,  -47.9707645 ,
       -102.01160188, -320.29797889])
26, array([  -7.96900922,   -9.45107277, -163.88589282,  -25.04636929,
        -89.25186784, -329.30798324])
27, array([   1.73315361,  -10.40502846, -163.22060506,   -4.51488526,
        -74.11762489, -340.68983252])
28, array([   9.03988572,  -13.22310617, -160.75702172,   11.28899784,
        -67.75941855, -346.83588173])
29, array([  14.85866874,  -17.58643215, -155.35722364,   26.05409404,
        -76.56561831, -341.92307589])
30, array([  20.92977259,  -20.44965474, -150.1439672 ,   44.43622049,
        -93.3659179 , -328.6409947 ])
31, array([  27.68328145,  -18.72725723, -149.00093401,   66.4777321 ,
       -104.09342617, -315.51087428])
32, array([  33.68663395,  -13.85537795, -151.29348878,   84.64471411,
       -100.37100828, -309.53365927])
33, array([  37.35207947,   -7.95031188, -155.28298159,   95.66753957,
        -84.59937268, -311.42590674])
34, array([  36.84678653,   -1.53055496, -160.44298097,   97.02081117,
        -62.53550706, -320.09573702])
35, array([  29.75745789,    5.13102901, -166.27378322,   84.95466357,
        -38.64093842, -332.90704663])
36, array([  18.68948343,   10.60952015, -170.24342491,   63.50905416,
        -19.83156227, -344.06016167])
37, array([   7.82261656,   15.30551484, -172.45505481,   42.10725253,
         -6.65986279, -350.89459512])
38, array([-1.92777293e-01,  1.88036055e+01, -1.73581314e+02,  2.63166542e+01,
        2.49475714e+00, -3.54316427e+02])
39, array([  -4.65124584,   21.40036366, -173.66816657,   16.16224991,
          8.79412222, -356.00918712])
