0, array([   5.87628207,   10.0479178 , -174.19673516,  -11.70056328,
         -1.43752109, -359.57040372])
1, array([   8.1580801 ,    8.77628763, -175.622951  ,   -7.80212178,
         -7.07398088, -358.93524248])
2, array([ 1.12627897e+01,  8.84148835e+00, -1.75847046e+02,  2.90361530e-01,
       -9.31631663e+00, -3.58360415e+02])
3, array([  15.07223919,   10.06507469, -175.07428495,   12.00951583,
         -8.4574588 , -357.81815349])
4, array([  19.86309283,   12.34710508, -173.76255361,   28.01496716,
         -3.88165251, -357.08286601])
5, array([  25.24099887,   15.76951297, -171.8198723 ,   46.45318876,
          4.42534121, -355.78619939])
6, array([  30.64535854,   20.03961242, -169.37508967,   65.55944486,
         15.70303104, -354.18551374])
7, array([  35.07707279,   25.18304398, -166.33704455,   82.55742423,
         30.53814496, -352.52865366])
8, array([  37.6117428 ,   31.01591164, -163.39551384,   93.08995461,
         49.57010981, -350.09712507])
9, array([  38.18729438,   36.49433327, -160.84069159,   97.02081117,
         69.93951602, -347.29452879])
10, array([  35.99447348,   40.90179485, -158.97753912,   91.6829069 ,
         90.64359686, -344.19069879])
11, array([  29.55689567,   42.49425756, -158.37247471,   72.48817711,
        103.96810065, -341.49749516])
12, array([  21.37854619,   42.40142133, -158.2994083 ,   48.17124437,
        112.24357827, -339.66407768])
13, array([  11.76693681,   40.56404524, -158.72213206,   19.85274856,
        114.95802856, -338.9166072 ])
14, array([   1.8267877 ,   36.68732654, -159.81705588,   -9.85659595,
        109.14120966, -340.33235787])
15, array([  -7.71886061,   31.87962522, -160.82324768,  -38.69234253,
         99.06044343, -342.5303517 ])
16, array([ -16.54789848,   26.30424387, -161.72231024,  -65.65945678,
         85.11517677, -345.26849554])
17, array([ -23.16738072,   19.6981075 , -162.4291598 ,  -86.37348008,
         65.08196643, -347.75241953])
18, array([ -27.40824011,   13.30532503, -162.4562194 , -100.1601503 ,
         42.34788837, -348.62076572])
19, array([ -29.85937486,    7.095043  , -161.86176067, -108.87006261,
         18.04441178, -348.20164735])
20, array([ -30.25858071,    1.22584454, -160.32907082, -112.03771537,
         -6.65741907, -346.17624279])
21, array([ -27.54356275,   -4.42639655, -157.39323711, -107.89774735,
        -30.80665194, -340.50555431])
22, array([ -23.02387264,   -9.79039781, -154.40513125,  -98.14771334,
        -53.42142067, -333.18385511])
23, array([ -16.72564632,  -14.75374559, -152.12321496,  -81.49203296,
        -73.49570471, -324.68254285])
24, array([  -9.26079251,  -18.05334316, -150.22306178,  -58.16525242,
        -88.49797937, -317.56701947])
25, array([  -1.39370145,  -20.01101297, -149.11676228,  -31.63893626,
        -98.95204153, -312.3662356 ])
26, array([   6.6557147 ,  -20.44965474, -149.00093401,   -2.53511149,
       -104.09342617, -309.53365927])
27, array([  14.593573  ,  -18.63632879, -150.66113947,   26.74026101,
       -100.02549952, -310.98631764])
28, array([  21.62946971,  -15.59516522, -152.76777794,   52.80082582,
        -91.26996997, -314.68574216])
29, array([  27.58480863,  -11.51135188, -155.28967401,   74.82738225,
        -78.45803028, -320.33673758])
30, array([  31.24053243,   -6.24519096, -158.675424  ,   87.25317199,
        -60.86837937, -328.27440119])
31, array([  32.14832961,   -0.79100167, -162.45584816,   89.57562688,
        -42.11975457, -336.32290735])
32, array([  30.85450813,    4.43642445, -166.22609746,   83.7661036 ,
        -23.41244947, -344.15216538])
33, array([  26.79704937,    8.51317002, -169.24657033,   67.68487457,
         -7.0513922 , -350.94956722])
34, array([  21.76184261,   10.72662563, -170.7259614 ,   47.62137731,
          3.88323955, -355.17675127])
35, array([  16.45613609,   12.02123377, -171.64433784,   27.04650367,
         11.72331869, -358.03536603])
36, array([  11.14966288,   12.60526957, -172.36999711,    7.6528633 ,
         16.69388888, -359.72129541])
37, array([   6.57446006,   12.7112114 , -172.68500037,   -7.99135192,
         19.11251373, -360.47541651])
38, array([   2.56014176,   12.62464456, -173.10504749,  -21.17890553,
         20.27186039, -360.89745127])
39, array([  -0.76052513,   12.36446577, -173.71586847,  -31.50092727,
         20.17210996, -361.02501575])
