0, array([ -14.18253546,    8.61503354, -179.27611163,  -24.18978706,
         10.46582753, -363.11749685])
1, array([   1.55701072,   11.56981504, -173.53046774,    3.43613753,
          5.09842859, -355.36708656])
2, array([  13.92985689,   15.52026545, -169.14047859,   27.38556255,
          9.62018037, -348.91081336])
3, array([  23.06509236,   20.09865975, -165.94997047,   47.11958089,
         21.60772985, -343.76669099])
4, array([  29.09180643,   24.93727291, -163.80276966,   62.09928542,
         38.63772399, -339.95273319])
5, array([  32.13908841,   29.66837991, -162.54270244,   71.78576902,
         58.28680977, -337.48695372])
6, array([  32.33602761,   33.92425573, -162.0135951 ,   75.64012456,
         78.13163413, -336.3873663 ])
7, array([  30.34150156,   37.02336048, -161.45840302,   73.7597943 ,
         91.54069179, -336.89452648])
8, array([  22.64090991,   38.40785588, -161.61891753,   61.73207854,
         99.67106321, -339.67080063])
9, array([  14.13915422,   38.91234336, -163.20343591,   39.74575982,
        105.4716351 , -343.55080864])
10, array([   5.41435715,   37.20751814, -163.84231098,    9.79494478,
        105.32358078, -346.49152467])
11, array([  -3.88546853,   34.74501438, -165.76858092,  -24.80121179,
         98.04493106, -348.32347178])
12, array([ -10.37798444,   32.08853724, -166.04695436,  -54.04560271,
         85.87688267, -350.11184991])
13, array([ -15.79071933,   29.78189087, -166.64609271,  -76.05671869,
         78.13191455, -349.77470197])
14, array([ -18.66773273,   26.15563332, -169.17439948,  -87.80621281,
         65.66637665, -348.19485401])
15, array([ -18.57620824,   21.62654327, -169.08999722,  -87.21950502,
         56.73885927, -349.45113642])
16, array([ -17.16009046,   16.73480709, -170.46272444,  -82.37694772,
         44.73429916, -349.50448157])
17, array([ -17.95857419,   10.77314329, -169.81388859,  -78.43074542,
         30.49394895, -350.48438651])
18, array([ -19.62416318,    5.72382222, -168.78923757,  -71.47630321,
         15.0830702 , -350.34184732])
19, array([-2.08670925e+01,  4.41808517e-02, -1.66354077e+02, -6.73156803e+01,
       -4.01767702e+00, -3.48794533e+02])
20, array([ -22.14427587,   -4.25589961, -163.42630004,  -64.17610108,
        -22.92296095, -344.99779638])
21, array([ -24.13417727,   -8.31746603, -160.57612945,  -65.68093162,
        -42.18875802, -339.52822123])
22, array([ -24.63184524,  -11.22420099, -158.49020889,  -68.5607515 ,
        -56.19484366, -335.67646058])
23, array([ -26.00407816,  -13.288776  , -157.07843355,  -70.6680521 ,
        -66.13629127, -332.41460172])
24, array([ -23.55278574,  -13.63843576, -156.43917543,  -64.77305774,
        -73.7843163 , -332.67954717])
25, array([ -20.68595014,  -14.62969429, -156.70798538,  -54.92104129,
        -77.00351476, -332.71125657])
26, array([ -15.49104127,  -15.91272604, -157.47562767,  -39.33719805,
        -80.60725084, -333.75230251])
27, array([  -9.62573106,  -17.47289775, -156.0844621 ,  -18.7103058 ,
        -82.59268635, -333.97083359])
28, array([  -0.63299421,  -18.75095105, -156.20333123,    3.12155179,
        -83.79082311, -332.21554464])
29, array([   7.41316137,  -19.12395073, -155.15948072,   24.82379574,
        -84.63318163, -330.10767046])
30, array([  14.60450647,  -18.08068969, -154.64242296,   44.8749565 ,
        -86.18938582, -326.64602027])
31, array([  20.34273114,  -16.50717969, -154.77867685,   58.93617484,
        -82.43679664, -322.0418151 ])
32, array([  24.14276424,  -13.25781093, -155.59438596,   72.54156764,
        -76.31027205, -318.42642578])
33, array([  23.78778038,  -10.28121596, -158.13416466,   75.65159094,
        -65.54192951, -319.06864924])
34, array([  22.14569943,   -4.98701791, -161.97997952,   75.68051265,
        -46.40569271, -324.16142968])
35, array([  18.94012041,    0.33166874, -165.97670309,   70.21448769,
        -26.35901022, -330.94575274])
36, array([  14.3825041 ,    5.13565446, -169.68560982,   58.88469454,
         -7.48702546, -338.85140973])
37, array([   8.68431127,    8.88574969, -172.66797416,   41.32231163,
          8.12511812, -347.308192  ])
38, array([   2.05700269,   11.04276489, -174.48507057,   17.15851743,
         18.39227709, -355.74589088])
39, array([  -5.28796085,   11.06751052, -174.69817348,  -13.97550962,
         21.229308  , -363.59429769])
