0, array([  11.86245987,   16.79846076, -171.99809036,  -26.52983342,
         11.73263819, -353.43111863])
1, array([   3.27831511,   14.16185173, -174.11753713,  -33.82896319,
          4.06971363, -357.60565524])
2, array([-2.97141474e-02,  1.24259901e+01, -1.74661809e+02, -3.22909867e+01,
       -4.17998918e-01, -3.59525812e+02])
3, array([   0.90091498,   11.57691271, -173.9189711 ,  -23.67283715,
         -1.90469519, -359.53889924])
4, array([   5.03274539,   11.60065644, -172.17708731,   -9.73144749,
         -0.56457096, -357.99222786])
5, array([  11.32831997,   12.48325815, -169.72422237,    7.77624915,
          3.42817804, -355.23310838])
6, array([  18.75018163,   14.21075469, -166.84844076,   27.0933197 ,
          9.89935605, -351.60885142])
7, array([  25.40169673,   17.08460032, -164.49607293,   47.05059165,
         17.95005141, -348.02519195])
8, array([  31.29692073,   21.11586392, -162.41064504,   64.88161138,
         29.01260958, -343.68563419])
9, array([  34.59400421,   25.66442051, -159.01386482,   76.55149286,
         45.18166147, -338.31986887])
10, array([  36.62330175,   30.52398287, -157.51991953,   83.97545374,
         61.57320459, -335.74385412])
11, array([  36.39319689,   34.70768864, -155.07361692,   77.96180943,
         78.40051533, -332.76934342])
12, array([  29.40411548,   38.94863044, -152.96951081,   63.62087684,
         94.52892157, -332.11941618])
13, array([  21.44019143,   41.67886378, -152.31939057,   51.45508014,
        102.72950313, -332.79262359])
14, array([  13.22706922,   42.64609732, -153.82789628,   27.8150615 ,
        106.95947384, -333.44396299])
15, array([ 3.94995539e+00,  3.91497011e+01, -1.54919297e+02,  2.64797708e-01,
        1.08802349e+02, -3.35852877e+02])
16, array([  -4.98696727,   33.26434424, -156.2332685 ,  -26.45122033,
        100.41494484, -337.95510644])
17, array([ -13.17196927,   28.46401352, -158.09038675,  -52.45947831,
         85.08526012, -340.18573257])
18, array([ -20.14872081,   22.43160281, -162.45428512,  -77.8999301 ,
         62.42094784, -341.52936263])
19, array([ -25.78059233,   15.07821353, -164.62031295,  -88.91972634,
         37.48552589, -343.03910438])
20, array([ -25.88960692,    7.22292821, -166.0711455 ,  -97.42306604,
         13.95315217, -342.75865662])
21, array([-2.71416951e+01,  1.86971435e-01, -1.64134870e+02, -1.04984404e+02,
       -8.28161489e+00, -3.40673517e+02])
22, array([ -24.88522095,   -6.13318686, -162.45812608, -104.92464356,
        -30.70882583, -338.15282144])
23, array([ -21.75759702,  -11.36826194, -158.34111045,  -89.05185192,
        -48.87045748, -332.6050363 ])
24, array([ -19.08152715,  -16.21815872, -154.96382601,  -73.2569739 ,
        -65.63948544, -328.12290825])
25, array([ -12.0842045 ,  -18.03668595, -152.32612305,  -46.52388045,
        -83.20668101, -322.3805223 ])
26, array([  -5.51861902,  -18.02395305, -150.66964471,  -23.1175786 ,
        -89.61656277, -318.17982439])
27, array([   1.9778302 ,  -18.60689753, -150.5977071 ,    2.7842561 ,
        -88.13533773, -316.26364697])
28, array([   8.04216329,  -15.05292619, -151.46721813,   30.4046546 ,
        -78.90968994, -315.42653567])
29, array([  14.57728574,  -10.60654483, -153.92841668,   47.56797491,
        -72.59636827, -317.07940339])
30, array([  19.69858562,   -5.25982563, -157.65964739,   58.4931131 ,
        -56.75541131, -320.28689091])
31, array([  25.46507849,   -1.10267221, -160.47697287,   74.99285901,
        -38.81689365, -326.96805728])
32, array([  28.44922774,    1.4688967 , -164.07356257,   72.29684171,
        -19.78451541, -333.7519421 ])
33, array([  25.66209405,    5.04482525, -166.27730529,   66.75846181,
         -5.0420033 , -340.53132569])
34, array([  23.11013125,    6.30736088, -169.15704815,   59.04013311,
          5.13249757, -346.85871351])
35, array([  19.14121124,    7.55361516, -171.69493666,   46.95192865,
         12.08669548, -352.49157285])
36, array([  13.91673704,    9.18322419, -173.68952902,   30.5074297 ,
         15.46531113, -357.0179233 ])
37, array([   7.59811168,   11.59582406, -174.93938346,    9.72021753,
         14.91306521, -360.02578446])
38, array([ 3.46738172e-01,  1.51910509e+01, -1.75243058e+02, -1.53961266e+01,
        1.00746784e+01, -3.61103176e+02])
39, array([  -7.67598047,   20.36854078, -174.39911149,  -44.82802142,
          0.5948715 , -359.83811731])
