0, array([ -13.15722202,   12.57609312, -176.19210062,  -22.79142581,
         -3.23456475, -361.69938681])
1, array([   0.62663063,   15.07957308, -173.57970685,    9.68393549,
          6.73349753, -358.9248139 ])
2, array([  11.98501505,   18.71766986, -170.66030932,   35.17336931,
         20.41436326, -355.10109531])
3, array([  20.89890774,   23.08633596, -167.64020985,   53.92058635,
         36.46396159, -350.69108648])
4, array([  27.34928522,   27.78152386, -164.72571022,   66.1692973 ,
         53.53822166, -346.15764284])
5, array([  31.317124  ,   32.39918602, -162.12311225,   72.16321284,
         70.29307262, -341.96361984])
6, array([  32.78340061,   36.53527494, -160.03871773,   72.14604366,
         85.38444361, -338.57187289])
7, array([  32.5238034 ,   39.77375499, -159.17758346,   68.3033082 ,
         94.90711968, -338.53962453])
8, array([  26.61504202,   40.62085688, -158.98242161,   59.79730188,
        100.2813727 , -339.07123843])
9, array([  18.52669976,   39.86503942, -160.43465469,   36.04445224,
        101.04855115, -341.81227759])
10, array([   9.80346708,   38.19447003, -162.65398596,    3.65203149,
         96.58247026, -341.71932807])
11, array([   0.51464186,   35.71284872, -164.19053077,  -19.94288006,
         90.95688486, -344.62251151])
12, array([  -5.95515297,   34.36011273, -165.63276821,  -44.16030105,
         84.55954141, -346.83999896])
13, array([ -10.80834509,   31.13363994, -167.67817306,  -63.28296579,
         79.46257402, -348.12546565])
14, array([ -13.08797639,   26.10949432, -168.76407721,  -72.51653619,
         76.15967759, -349.54346547])
15, array([ -14.29674061,   21.72310941, -170.71213078,  -80.58174694,
         69.70206011, -349.53244688])
16, array([ -14.77257855,   14.90554882, -171.26879119,  -84.31855729,
         59.92182939, -350.42898373])
17, array([ -15.12682219,    9.34059523, -170.82050934,  -80.6967059 ,
         45.52632845, -352.90850968])
18, array([ -15.91969082,    4.03472422, -169.66470224,  -72.70479051,
         24.43315846, -353.66970459])
19, array([-1.82326574e+01, -2.82674432e+00, -1.66744487e+02, -6.69771758e+01,
       -4.60873918e-03, -3.52246508e+02])
20, array([ -20.84026113,   -7.2972206 , -163.0606131 ,  -63.56806483,
        -24.54272136, -347.43867434])
21, array([ -23.44740958,  -11.62485224, -160.24006162,  -64.1399164 ,
        -46.65143782, -342.48629681])
22, array([ -24.92494608,  -13.20120222, -157.02034215,  -65.9889689 ,
        -63.0156525 , -336.13026816])
23, array([ -24.964543  ,  -12.60471321, -154.9054696 ,  -64.84836267,
        -72.45395815, -333.31425215])
24, array([ -23.16233315,  -12.32273528, -154.87243008,  -62.76312035,
        -77.10795767, -334.17224903])
25, array([ -18.56849444,  -13.45060055, -155.42922944,  -59.95696032,
        -78.58972518, -334.18446702])
26, array([ -11.29240444,  -15.02021498, -155.64761744,  -45.31958847,
        -75.86949125, -334.34331618])
27, array([  -3.52898402,  -15.87722195, -157.3165433 ,  -29.45189173,
        -76.85090026, -334.46873271])
28, array([   5.07523946,  -17.72922783, -156.21671234,   -6.4998839 ,
        -80.67814569, -332.40134554])
29, array([  12.72541846,  -17.43365042, -155.67871927,   19.9033797 ,
        -86.98467407, -330.32311709])
30, array([  21.37044352,  -16.97363678, -155.22341805,   41.64684444,
        -93.27922088, -326.4829767 ])
31, array([  25.63559432,  -17.08652885, -154.58268881,   57.6192255 ,
        -95.56599171, -323.12520401])
32, array([  28.24961472,  -14.25164089, -155.57554133,   68.33388008,
        -90.58609415, -321.65066085])
33, array([  27.53728747,  -10.4506501 , -157.70062121,   71.67305711,
        -81.50968952, -323.45262437])
34, array([  25.33242736,   -4.37024892, -161.7429707 ,   68.65139454,
        -63.49746872, -330.29423773])
35, array([  21.60591256,    1.95002715, -166.06064498,   60.70597362,
        -42.67937138, -338.25797847])
36, array([  16.59393161,    7.90068529, -170.1859496 ,   48.29256158,
        -20.55662655, -346.41599232])
37, array([  10.53267307,   12.87223266, -173.6511901 ,   31.86692568,
          1.36953675, -353.84042498])
38, array([   3.6583255 ,   16.25517642, -175.988672  ,   11.88483315,
         21.59788948, -359.60342218])
39, array([  -3.79292254,   17.44002373, -176.73070086,  -11.19794877,
         38.6272026 , -362.77712964])
