0, array([  -4.93959464,   16.53008179, -174.58330691,  -26.79917463,
         17.26917602, -357.18307629])
1, array([   8.79732695,   20.2883601 , -172.92302158,   31.32239704,
         26.00655055, -357.82647826])
2, array([  19.51707549,   24.0555466 , -170.34153386,   68.99525535,
         35.00922013, -355.87535135])
3, array([  27.25989758,   27.72186594, -167.12534889,   88.9410589 ,
         44.17626139, -351.94275125])
4, array([  32.06603984,   31.17754272, -163.56097181,   93.88146629,
         53.40675096, -346.6417336 ])
5, array([  33.97574888,   34.31280158, -159.93490773,   86.53813612,
         62.59976546, -340.58535408])
6, array([  33.02927132,   37.01786714, -156.53366181,   69.632727  ,
         71.65438154, -334.38666834])
7, array([  26.91899298,   40.34167023, -153.43975949,   47.13421402,
         82.73632908, -328.87466209])
8, array([  20.16491424,   40.82188626, -152.18952989,   16.11526289,
         94.83249869, -324.76450185])
9, array([  10.01729775,   40.40463725, -151.94775957,   -9.61498721,
         98.47447792, -324.60066175])
10, array([  -0.88557609,   39.38856419, -152.60553101,  -32.7256206 ,
        100.17401793, -323.9809436 ])
11, array([ -12.14596224,   38.36375267, -153.50275367,  -51.31714184,
        102.41461161, -324.55070871])
12, array([ -18.3185783 ,   35.47139143, -155.8511618 ,  -80.55685895,
         98.73485435, -328.42162686])
13, array([ -27.26723303,   32.94383888, -158.57665387,  -96.97010744,
         83.45435101, -334.96188054])
14, array([ -30.33951681,   27.74275535, -161.58682558, -103.58069386,
         70.49268129, -340.15221957])
15, array([ -28.60385708,   23.60862064, -164.76395129, -100.52802523,
         55.18550435, -346.13702804])
16, array([ -21.94779686,   17.50272403, -166.26445539,  -88.91189854,
         34.57895292, -350.35084502])
17, array([ -10.91987823,   11.43912179, -167.44122805,  -69.32291093,
         15.15765703, -351.12043673])
18, array([  -1.559835  ,    6.0223946 , -167.702216  ,  -40.95765125,
         -4.58062049, -351.00703805])
19, array([   8.27250005,    0.92170296, -167.54985054,  -10.62765285,
        -23.33014072, -348.4047136 ])
20, array([  16.04307545,   -5.22683575, -166.7368023 ,   20.28718905,
        -42.77114907, -343.9886183 ])
21, array([  19.44786326,  -10.17484802, -163.71502556,   42.12776064,
        -62.55987963, -338.95889134])
22, array([  21.74981356,  -13.76179086, -160.75155259,   64.77401787,
        -77.6376563 , -330.67138934])
23, array([  20.20617793,  -16.60193019, -158.26124199,   67.64436129,
        -92.13022002, -323.86374337])
24, array([  17.48181531,  -18.9379003 , -157.10872846,   47.4546233 ,
       -101.93680272, -317.50927538])
25, array([   6.60815834,  -19.59702666, -156.92818878,   24.88985681,
       -106.46472277, -313.61143928])
26, array([  -1.21728977,  -18.86470462, -157.71725396,   -5.45721943,
       -100.36532312, -313.17263052])
27, array([  -9.18988325,  -16.73688854, -158.62674139,  -35.41309467,
        -94.62007062, -315.10579521])
28, array([ -13.28862523,  -15.85796602, -159.80696864,  -61.94978573,
        -89.75852058, -318.41444003])
29, array([ -16.05544053,  -12.8132692 , -162.60908352,  -81.85947232,
        -80.29992489, -324.073954  ])
30, array([ -16.7614596 ,   -9.07652205, -165.59797978,  -93.73084192,
        -68.89311319, -330.70163446])
31, array([ -15.0674156 ,   -4.79265164, -168.46430173,  -95.15687207,
        -55.90544701, -337.82795381])
32, array([-1.06340417e+01, -1.06585031e-01, -1.70898694e+02, -8.37305403e+01,
       -4.17042879e+01, -3.44983384e+02])
33, array([  -3.12207113,    4.8367507 , -172.59179988,  -57.04482409,
        -26.65699737, -351.69839877])
34, array([   7.80776297,    9.89242848, -173.23426471,  -12.69270101,
        -11.13093697, -357.5034692 ])
