[0.2471934540150682,-0.05688673239644476,-0.056139287232548796,0.22298972694194166,0.0280614129448004,-0.6191354030128053] [0.43643356552098245,0.014349990558701398,0.07579242280074006,0.47656892216262453,0.09559080726821906,-0.593687728612105]
[0.43643356552098245,0.014349990558701398,0.07579242280074006,0.47656892216262453,0.09559080726821906,-0.593687728612105] [0.5635496048023085,0.09023841689196382,0.21885671226762327,0.630674821088657,0.17585541748807024,-0.5278025623669773]
[0.5635496048023085,0.09023841689196382,0.21885671226762327,0.630674821088657,0.17585541748807024,-0.5278025623669773] [0.6336275122021363,0.16824238004042785,0.36428395178646955,0.697295044848608,0.26387556996405104,-0.43199942215223164]
[0.6336275122021363,0.16824238004042785,0.36428395178646955,0.697295044848608,0.26387556996405104,-0.43199942215223164] [0.6517532282443604,0.24582571406694453,0.503304513960992,0.6884172145013007,0.35467159130368386,-0.3167978258426798]
[0.6517532282443604,0.24582571406694453,0.503304513960992,0.6884172145013007,0.35467159130368386,-0.3167978258426798] [0.6230126929104608,0.3204522522000106,0.6271487699059,0.6160289511055579,0.44326380792862197,-0.19271729110952052]
[0.6230126929104608,0.3204522522000106,0.6271487699059,0.6160289511055579,0.44326380792862197,-0.19271729110952052] [0.5524918467243325,0.38958582871106584,0.727047091232234,0.4921178756504565,0.5246725463844315,-0.07027733542034564]
[0.5524918467243325,0.38958582871106584,0.727047091232234,0.4921178756504565,0.5246725463844315,-0.07027733542034564] [0.44515356249831595,0.4455639152935805,0.7847193639630667,0.3285058276461271,0.6060113693307181,-0.0026683525650206263]
[0.44515356249831595,0.4455639152935805,0.7847193639630667,0.3285058276461271,0.6060113693307181,-0.0026683525650206263] [0.2812255906846734,0.5190191116580893,0.8048349936530572,0.13906729155010236,0.6526986691386807,0.107551008516662]
[0.2812255906846734,0.5190191116580893,0.8048349936530572,0.13906729155010236,0.6526986691386807,0.107551008516662] [0.10823154478371415,0.5494868623421539,0.772081009209975,-0.09376009068961734,0.6491130773576259,0.17628755785890338]
[0.10823154478371415,0.5494868623421539,0.772081009209975,-0.09376009068961734,0.6491130773576259,0.17628755785890338] [-0.08620089751862031,0.5753398563201065,0.6390586227731845,-0.2923007026804527,0.6652425808507673,0.227117429870356]
[-0.08620089751862031,0.5753398563201065,0.6390586227731845,-0.2923007026804527,0.6652425808507673,0.227117429870356] [-0.27856929013697773,0.5466316732905736,0.49081381098302046,-0.4923147305988973,0.6149509462436316,0.18900867654815823]
[-0.27856929013697773,0.5466316732905736,0.49081381098302046,-0.4923147305988973,0.6149509462436316,0.18900867654815823] [-0.3884915498984627,0.45870048143904896,0.29956795534980607,-0.5826533369087414,0.5245839920672771,0.11355108777221012]
[-0.3884915498984627,0.45870048143904896,0.29956795534980607,-0.5826533369087414,0.5245839920672771,0.11355108777221012] [-0.45299729276546147,0.3743944577798477,0.07850605866133087,-0.6433956283193561,0.42631263132609826,0.014910685487950381]
[-0.45299729276546147,0.3743944577798477,0.07850605866133087,-0.6433956283193561,0.42631263132609826,0.014910685487950381] [-0.4925711777110066,0.2741762465031462,-0.0819221198623108,-0.5868790170648424,0.3157891381990294,-0.13875693125268462]
[-0.4925711777110066,0.2741762465031462,-0.0819221198623108,-0.5868790170648424,0.3157891381990294,-0.13875693125268462] [-0.4104100234864103,0.15023574057722722,-0.22067988011253448,-0.4851591672962371,0.21299773179032322,-0.28835753221029314]
[-0.4104100234864103,0.15023574057722722,-0.22067988011253448,-0.4851591672962371,0.21299773179032322,-0.28835753221029314] [-0.2614250732032311,0.02459376788969536,-0.2606803716448436,-0.35960593769027693,0.11089579528306934,-0.40123370274715686]
[-0.2614250732032311,0.02459376788969536,-0.2606803716448436,-0.35960593769027693,0.11089579528306934,-0.40123370274715686] [-0.08164985095622793,-0.11051426748005477,-0.2346304249162312,-0.16430496270223877,0.0015371745983794316,-0.5120592688968433]
[-0.08164985095622793,-0.11051426748005477,-0.2346304249162312,-0.16430496270223877,0.0015371745983794316,-0.5120592688968433] [0.11974466999232486,-0.2498961043937014,-0.16788085153189947,0.02098194408378002,-0.10539728414614793,-0.5356456117458057]
[0.11974466999232486,-0.2498961043937014,-0.16788085153189947,0.02098194408378002,-0.10539728414614793,-0.5356456117458057] [0.30131492799735293,-0.36551298674451926,-0.05767702267448804,0.2160678562892756,-0.20156050955061133,-0.5386846744229699]
[0.30131492799735293,-0.36551298674451926,-0.05767702267448804,0.2160678562892756,-0.20156050955061133,-0.5386846744229699] [0.4168330445971244,-0.4607846029345991,0.09697872105947525,0.3498444000581704,-0.3028006595936348,-0.4089336836968105]
[0.4168330445971244,-0.4607846029345991,0.09697872105947525,0.3498444000581704,-0.3028006595936348,-0.4089336836968105] [0.496196695655576,-0.56360315284677,0.29159792413703745,0.37892264290115935,-0.4118636362424091,-0.26989284858665386]
[0.496196695655576,-0.56360315284677,0.29159792413703745,0.37892264290115935,-0.4118636362424091,-0.26989284858665386] [0.458666672990497,-0.6333576550520168,0.37901102353323335,0.3943412633400259,-0.4849843592325071,-0.08770199771574028]
[0.458666672990497,-0.6333576550520168,0.37901102353323335,0.3943412633400259,-0.4849843592325071,-0.08770199771574028] [0.3729357118570313,-0.7011711851080933,0.4377214919944068,0.30536952568328685,-0.5664272612563209,0.06191579411119097]
[0.3729357118570313,-0.7011711851080933,0.4377214919944068,0.30536952568328685,-0.5664272612563209,0.06191579411119097] [0.2849070906914074,-0.7618797466741954,0.45883492304020645,0.18457273914145847,-0.6413972629023258,0.18639986490415872]
[0.2849070906914074,-0.7618797466741954,0.45883492304020645,0.18457273914145847,-0.6413972629023258,0.18639986490415872] [0.13100677081478193,-0.7491623670519539,0.40710963485707996,-0.007369257911810284,-0.6618447322540939,0.2587241016400226]
[0.13100677081478193,-0.7491623670519539,0.40710963485707996,-0.007369257911810284,-0.6618447322540939,0.2587241016400226] [-0.034003452523144344,-0.7181937678270353,0.3162406397533415,-0.16420647256119247,-0.6557259317996812,0.2515687882287443]
[-0.034003452523144344,-0.7181937678270353,0.3162406397533415,-0.16420647256119247,-0.6557259317996812,0.2515687882287443] [-0.1841345334060465,-0.6867651746405876,0.18400253155220447,-0.38622989772520994,-0.6058783820658852,0.18754941241072043]
[-0.1841345334060465,-0.6867651746405876,0.18400253155220447,-0.38622989772520994,-0.6058783820658852,0.18754941241072043] [-0.315545398351522,-0.6279038582331253,0.06845562360078894,-0.5746918838725609,-0.5484676285586808,0.09314262463373879]
[-0.315545398351522,-0.6279038582331253,0.06845562360078894,-0.5746918838725609,-0.5484676285586808,0.09314262463373879] [-0.36378115332434363,-0.5646377902393446,-0.10939190565189172,-0.690394495075246,-0.4763185044218924,-0.05748777109043246]
[-0.36378115332434363,-0.5646377902393446,-0.10939190565189172,-0.690394495075246,-0.4763185044218924,-0.05748777109043246] [-0.3784264968517319,-0.49522689811194615,-0.2765800908185465,-0.7544219883739727,-0.40010883056148944,-0.22156652768949403]
[-0.3784264968517319,-0.49522689811194615,-0.2765800908185465,-0.7544219883739727,-0.40010883056148944,-0.22156652768949403] [-0.36055749223129896,-0.42299988724545357,-0.4129882380843011,-0.7561286569934915,-0.32621770447262066,-0.3836182963238688]
[-0.36055749223129896,-0.42299988724545357,-0.4129882380843011,-0.7561286569934915,-0.32621770447262066,-0.3836182963238688] [-0.31125020312226653,-0.35128546261721283,-0.4984956526416191,-0.6848687940190612,-0.26102422365043465,-0.5281677289684241]
[-0.31125020312226653,-0.35128546261721283,-0.4984956526416191,-0.6848687940190612,-0.26102422365043465,-0.5281677289684241] [-0.2315806930030517,-0.2834123289959817,-0.5129816391866164,-0.5299966928149241,-0.21090748565203615,-0.6397394771908065]
[-0.2315806930030517,-0.2834123289959817,-0.5129816391866164,-0.5299966928149241,-0.21090748565203615,-0.6397394771908065] [-0.1226250251712665,-0.22270919156769467,-0.43632550340808685,-0.28086664646633913,-0.1822465878486613,-0.7028581927622692]
[-0.1226250251712665,-0.22270919156769467,-0.43632550340808685,-0.28086664646633913,-0.1822465878486613,-0.7028581927622692] [-0.1226250251712665,-0.22270919156769467,-0.43632550340808685,-0.28086664646633913,-0.1822465878486613,-0.7028581927622692]
