[0.29166547857542063,-0.052553572170403684,0.03928172876816838,0.23085749143415138,0.0450683682413766,-0.6063373713194942] [0.4100593025847532,0.023194703486115242,0.10851182795182623,0.4144647660990176,0.07246025919787454,-0.593768200938519]
[0.4100593025847532,0.023194703486115242,0.10851182795182623,0.4144647660990176,0.07246025919787454,-0.593768200938519] [0.5064251288432106,0.10821281773633018,0.216596645399596,0.5473944999872857,0.12297760981623149,-0.5303026001749789]
[0.5064251288432106,0.10821281773633018,0.216596645399596,0.5473944999872857,0.12297760981623149,-0.5303026001749789] [0.5769655822300979,0.19790745865895587,0.34857733544224434,0.6308888822481736,0.19079291217762784,-0.42972188464805594]
[0.5769655822300979,0.19790745865895587,0.34857733544224434,0.6308888822481736,0.19079291217762784,-0.42972188464805594] [0.6178832879863297,0.2876853143327074,0.4894950534032185,0.6661901020308986,0.2700786584871565,-0.3058073709949891]
[0.6178832879863297,0.2876853143327074,0.4894950534032185,0.6661901020308986,0.2700786584871565,-0.3058073709949891] [0.6253808711720167,0.3729530732534768,0.6243909536132897,0.6545403484846781,0.3550073408879543,-0.17234037483496412]
[0.6253808711720167,0.3729530732534768,0.6243909536132897,0.6545403484846781,0.3550073408879543,-0.17234037483496412] [0.5956609566664632,0.4491174228742131,0.7383061918922378,0.5971818107587301,0.4397514514612017,-0.043102212601607626]
[0.5956609566664632,0.4491174228742131,0.7383061918922378,0.5971818107587301,0.4397514514612017,-0.043102212601607626] [0.4933801385515023,0.5029676709205684,0.7894591337039261,0.471933178125553,0.5225131647044087,0.03676214710252079]
[0.4933801385515023,0.5029676709205684,0.7894591337039261,0.471933178125553,0.5225131647044087,0.03676214710252079] [0.3484935052811795,0.5642827582672306,0.7681962337937982,0.2797627045201417,0.5843263508828413,0.1568002402608757]
[0.3484935052811795,0.5642827582672306,0.7681962337937982,0.2797627045201417,0.5843263508828413,0.1568002402608757] [0.13098921267534683,0.563536641661715,0.7251524136556746,0.07818524293448191,0.6109921479615279,0.1688136687059565]
[0.13098921267534683,0.563536641661715,0.7251524136556746,0.07818524293448191,0.6109921479615279,0.1688136687059565] [-0.036243689478512364,0.5569078846879152,0.6142099045326734,-0.11831790656863664,0.6509672729269961,0.08393199344627345]
[-0.036243689478512364,0.5569078846879152,0.6142099045326734,-0.11831790656863664,0.6509672729269961,0.08393199344627345] [-0.17906631573480192,0.5182192292564176,0.45309697919456404,-0.29814379080984055,0.6157367857530998,-0.029398210081922116]
[-0.17906631573480192,0.5182192292564176,0.45309697919456404,-0.29814379080984055,0.6157367857530998,-0.029398210081922116] [-0.3159549616480132,0.44236124309112645,0.2714361867390398,-0.41228083878916166,0.5680139346277954,-0.12345752138073696]
[-0.3159549616480132,0.44236124309112645,0.2714361867390398,-0.41228083878916166,0.5680139346277954,-0.12345752138073696] [-0.4528510563592849,0.34778693502694613,0.11798371540832875,-0.4776628311395101,0.4994363451943419,-0.2404150919971375]
[-0.4528510563592849,0.34778693502694613,0.11798371540832875,-0.4776628311395101,0.4994363451943419,-0.2404150919971375] [-0.437414739723151,0.24058251559380994,-0.10976052907427736,-0.4232638659192503,0.39781197827331655,-0.384046806280125]
[-0.437414739723151,0.24058251559380994,-0.10976052907427736,-0.4232638659192503,0.39781197827331655,-0.384046806280125] [-0.40157576471676004,0.13261299611574778,-0.21266917459125345,-0.3021097342341285,0.28481037903790374,-0.5295298574659988]
[-0.40157576471676004,0.13261299611574778,-0.21266917459125345,-0.3021097342341285,0.28481037903790374,-0.5295298574659988] [-0.27496169501521855,-0.0011887535972011642,-0.3075657273254535,-0.1460180031011979,0.16790152122674756,-0.5948074605583393]
[-0.27496169501521855,-0.0011887535972011642,-0.3075657273254535,-0.1460180031011979,0.16790152122674756,-0.5948074605583393] [-0.1497999248736698,-0.12263128574047388,-0.3261844025944409,0.0771737626294876,0.039283923664396564,-0.6150106494869965]
[-0.1497999248736698,-0.12263128574047388,-0.3261844025944409,0.0771737626294876,0.039283923664396564,-0.6150106494869965] [0.00503976730545007,-0.23711868442178802,-0.24162973640073027,0.28217839021278346,-0.09188067645869447,-0.5752837509711295]
[0.00503976730545007,-0.23711868442178802,-0.24162973640073027,0.28217839021278346,-0.09188067645869447,-0.5752837509711295] [0.14927778687488322,-0.3441871889867723,-0.14829868468819107,0.4396273560466602,-0.21537675547235416,-0.48001465652429864]
[0.14927778687488322,-0.3441871889867723,-0.14829868468819107,0.4396273560466602,-0.21537675547235416,-0.48001465652429864] [0.2693001217626441,-0.43743925165500913,-0.00788990209538376,0.5230233715472644,-0.34260741597530303,-0.2883003975630327]
[0.2693001217626441,-0.43743925165500913,-0.00788990209538376,0.5230233715472644,-0.34260741597530303,-0.2883003975630327] [0.35167849312161154,-0.5388449786598969,0.13970821603392025,0.5725098780663859,-0.45939221002472186,-0.1457283801415734]
[0.35167849312161154,-0.5388449786598969,0.13970821603392025,0.5725098780663859,-0.45939221002472186,-0.1457283801415734] [0.45697961623718264,-0.5997547996431962,0.2877253054993254,0.5108655743108761,-0.5388302193793758,-0.0056336409003421295]
[0.45697961623718264,-0.5997547996431962,0.2877253054993254,0.5108655743108761,-0.5388302193793758,-0.0056336409003421295] [0.4441823143014079,-0.6555843792812772,0.34163216090697457,0.37803967199515764,-0.6324015464619027,0.15331865573530568]
[0.4441823143014079,-0.6555843792812772,0.34163216090697457,0.37803967199515764,-0.6324015464619027,0.15331865573530568] [0.33850285505597044,-0.7077595169864848,0.39406426254457916,0.20691703257840624,-0.6800296465873767,0.2696501600572656]
[0.33850285505597044,-0.7077595169864848,0.39406426254457916,0.20691703257840624,-0.6800296465873767,0.2696501600572656] [0.21593801330908347,-0.7307397280906642,0.3827893242720313,-0.012911897354238724,-0.6930913391934409,0.29981197560486716]
[0.21593801330908347,-0.7307397280906642,0.3827893242720313,-0.012911897354238724,-0.6930913391934409,0.29981197560486716] [0.12273728816600676,-0.7496665352802917,0.25734495724058437,-0.19185264326118692,-0.6750550039220746,0.259647264964606]
[0.12273728816600676,-0.7496665352802917,0.25734495724058437,-0.19185264326118692,-0.6750550039220746,0.259647264964606] [-0.04116356997207048,-0.7200647839505099,0.15861619066627597,-0.4221273073721998,-0.6286677417186738,0.1869343920082711]
[-0.04116356997207048,-0.7200647839505099,0.15861619066627597,-0.4221273073721998,-0.6286677417186738,0.1869343920082711] [-0.15444129394350123,-0.6823663198538396,-0.01199191124600496,-0.5652397642694611,-0.5569018629851943,0.09084698835918203]
[-0.15444129394350123,-0.6823663198538396,-0.01199191124600496,-0.5652397642694611,-0.5569018629851943,0.09084698835918203] [-0.25225483925197356,-0.6143929375110779,-0.14763561985267337,-0.6693428176699855,-0.474528907768528,-0.0640150887902653]
[-0.25225483925197356,-0.6143929375110779,-0.14763561985267337,-0.6693428176699855,-0.474528907768528,-0.0640150887902653] [-0.3215046561161459,-0.5325473904972176,-0.2703887636103257,-0.7253809076214165,-0.38771257110711466,-0.2281690154839735]
[-0.3215046561161459,-0.5325473904972176,-0.2703887636103257,-0.7253809076214165,-0.38771257110711466,-0.2281690154839735] [-0.35355141581054744,-0.4413856391910772,-0.3695433177146956,-0.7255605959047913,-0.30336092379462587,-0.38602856594925594]
[-0.35355141581054744,-0.4413856391910772,-0.3695433177146956,-0.7255605959047913,-0.30336092379462587,-0.38602856594925594] [-0.339755789971317,-0.34546364334571,-0.4343912563688441,-0.6620884443011471,-0.2283820365627771,-0.5220075142098146]
[-0.339755789971317,-0.34546364334571,-0.4343912563688441,-0.6620884443011471,-0.2283820365627771,-0.5220075142098146] [-0.27147844969217894,-0.24933736313134613,-0.45422455526483674,-0.5271710145915212,-0.1696839802052401,-0.6205196342893506]
[-0.27147844969217894,-0.24933736313134613,-0.45422455526483674,-0.5271710145915212,-0.1696839802052401,-0.6205196342893506] [-0.14008006660927202,-0.1575627591353929,-0.41833518860573626,-0.3130148686964426,-0.13417482545373027,-0.6659787008223974]
[-0.14008006660927202,-0.1575627591353929,-0.41833518860573626,-0.3130148686964426,-0.13417482545373027,-0.6659787008223974] [-0.14008006660927202,-0.1575627591353929,-0.41833518860573626,-0.3130148686964426,-0.13417482545373027,-0.6659787008223974]
