[0.07720956236903469,-0.09573475952650529,0.18679702018930833,0.16397879195097378,-0.02152634884312909,-0.6720244491911247] [0.22715729050367964,-0.05080011198992318,0.24804811687163575,0.31740040470707037,0.02496386545280771,-0.6221993316726326]
[0.22715729050367964,-0.05080011198992318,0.24804811687163575,0.31740040470707037,0.02496386545280771,-0.6221993316726326] [0.3712946202157834,0.0016842631043865741,0.32161053741635737,0.4574994662809927,0.08053904751463165,-0.5637542319573692]
[0.3712946202157834,0.0016842631043865741,0.32161053741635737,0.4574994662809927,0.08053904751463165,-0.5637542319573692] [0.5118653054765854,0.06867578409784836,0.4183346341974721,0.5815810234013591,0.15325921364543588,-0.4888063631464261]
[0.5118653054765854,0.06867578409784836,0.4183346341974721,0.5815810234013591,0.15325921364543588,-0.4888063631464261] [0.6126058541567754,0.14919784336209557,0.5210972018234798,0.6517068679101388,0.2394387373696104,-0.4007794337707793]
[0.6126058541567754,0.14919784336209557,0.5210972018234798,0.6517068679101388,0.2394387373696104,-0.4007794337707793] [0.6858030130942141,0.23361905152055829,0.6233323718395134,0.6896830037609945,0.32907454339758596,-0.30931363540284806]
[0.6858030130942141,0.23361905152055829,0.6233323718395134,0.6896830037609945,0.32907454339758596,-0.30931363540284806] [0.6729640043621143,0.32562870607745287,0.7221259143434313,0.636339695645154,0.4242682664258226,-0.21145481131949406]
[0.6729640043621143,0.32562870607745287,0.7221259143434313,0.636339695645154,0.4242682664258226,-0.21145481131949406] [0.5944253166386955,0.4117167192049902,0.7968748797468868,0.5198379974596943,0.5120627168927048,-0.1186873328688467]
[0.5944253166386955,0.4117167192049902,0.7968748797468868,0.5198379974596943,0.5120627168927048,-0.1186873328688467] [0.4586312947254045,0.4912108601324737,0.8490775149320422,0.34892640673106207,0.5919221550669518,-0.031877639207826824]
[0.4586312947254045,0.4912108601324737,0.8490775149320422,0.34892640673106207,0.5919221550669518,-0.031877639207826824] [0.2519849757240484,0.5350709831310584,0.8264533208777394,0.11528810997338591,0.6418761649206169,0.008666472269148073]
[0.2519849757240484,0.5350709831310584,0.8264533208777394,0.11528810997338591,0.6418761649206169,0.008666472269148073] [0.03392124074030829,0.5608404194382355,0.7680694400784578,-0.11837282237663901,0.6739800822917208,0.020503298789469326]
[0.03392124074030829,0.5608404194382355,0.7680694400784578,-0.11837282237663901,0.6739800822917208,0.020503298789469326] [-0.1897671793296417,0.5522583529256576,0.6442183004377791,-0.33204534825338566,0.6706535108800037,-0.024707731577189307]
[-0.1897671793296417,0.5522583529256576,0.6442183004377791,-0.33204534825338566,0.6706535108800037,-0.024707731577189307] [-0.3639735023793413,0.5120278005902751,0.49222719716860475,-0.47575948354083514,0.6353038526329221,-0.11224545458363178]
[-0.3639735023793413,0.5120278005902751,0.49222719716860475,-0.47575948354083514,0.6353038526329221,-0.11224545458363178] [-0.5046678178355742,0.45372915650582313,0.32749758234072246,-0.5746250423966841,0.5817774427943172,-0.22202386976537092]
[-0.5046678178355742,0.45372915650582313,0.32749758234072246,-0.5746250423966841,0.5817774427943172,-0.22202386976537092] [-0.5247018013829303,0.3603674456968038,0.17766693857885407,-0.5360824720902022,0.49542643817386045,-0.34761947207508204]
[-0.5247018013829303,0.3603674456968038,0.17766693857885407,-0.5360824720902022,0.49542643817386045,-0.34761947207508204] [-0.49009334492622914,0.25493122468848006,0.054481966871676946,-0.44487458407110836,0.3965573871691465,-0.46206918418834064]
[-0.49009334492622914,0.25493122468848006,0.054481966871676946,-0.44487458407110836,0.3965573871691465,-0.46206918418834064] [-0.38088212408930344,0.1350840081538271,-0.029353081865837183,-0.2829903767972767,0.28252652926936767,-0.55872418013203]
[-0.38088212408930344,0.1350840081538271,-0.029353081865837183,-0.2829903767972767,0.28252652926936767,-0.55872418013203] [-0.20426957944952026,0.001071541825388267,-0.054672647080989734,-0.06450759040919332,0.1542888535888364,-0.596720629005012]
[-0.20426957944952026,0.001071541825388267,-0.054672647080989734,-0.06450759040919332,0.1542888535888364,-0.596720629005012] [-0.012834928147522136,-0.1338833853441189,-0.05297022359789594,0.16076907174917524,0.023522471412977135,-0.602766743058937]
[-0.012834928147522136,-0.1338833853441189,-0.05297022359789594,0.16076907174917524,0.023522471412977135,-0.602766743058937] [0.19153787839373657,-0.27007985122770584,0.006863751964052867,0.3780839799171569,-0.11487393080610916,-0.5304128377698252]
[0.19153787839373657,-0.27007985122770584,0.006863751964052867,0.3780839799171569,-0.11487393080610916,-0.5304128377698252] [0.35169937463492756,-0.3991314527151746,0.08968854873587695,0.5403603986637285,-0.2489768434962387,-0.407447557171718]
[0.35169937463492756,-0.3991314527151746,0.08968854873587695,0.5403603986637285,-0.2489768434962387,-0.407447557171718] [0.47733001857154883,-0.521015415895173,0.18791455139441027,0.6602203849257758,-0.3779025308748821,-0.24966520069355091]
[0.47733001857154883,-0.521015415895173,0.18791455139441027,0.6602203849257758,-0.3779025308748821,-0.24966520069355091] [0.48170276660435923,-0.6144886456760801,0.2575193665352833,0.6371588404760105,-0.48364404930294264,-0.05837573212439384]
[0.48170276660435923,-0.6144886456760801,0.2575193665352833,0.6371588404760105,-0.48364404930294264,-0.05837573212439384] [0.43968309327856714,-0.6919989374000548,0.30085902924546737,0.5607143444647463,-0.5747699356180238,0.11732419079615042]
[0.43968309327856714,-0.6919989374000548,0.30085902924546737,0.5607143444647463,-0.5747699356180238,0.11732419079615042] [0.32165407070991187,-0.740702587688874,0.29607507956892576,0.3975474352115238,-0.6389483235249035,0.25713878463373874]
[0.32165407070991187,-0.740702587688874,0.29607507956892576,0.3975474352115238,-0.6389483235249035,0.25713878463373874] [0.15609101576167572,-0.7520978013874267,0.23212712817490377,0.17850146690511628,-0.67020541693878,0.32478674574405453]
[0.15609101576167572,-0.7520978013874267,0.23212712817490377,0.17850146690511628,-0.67020541693878,0.32478674574405453] [-0.02729800122446357,-0.7438924773736595,0.13884619159409795,-0.06144903061261331,-0.6831815549036293,0.35128419830430246]
[-0.02729800122446357,-0.7438924773736595,0.13884619159409795,-0.06144903061261331,-0.6831815549036293,0.35128419830430246] [-0.20219802473717557,-0.6989720459841571,-0.000641375411513323,-0.291949806675431,-0.6559959987284478,0.2802974246401009]
[-0.20219802473717557,-0.6989720459841571,-0.000641375411513323,-0.291949806675431,-0.6559959987284478,0.2802974246401009] [-0.3538678667808203,-0.638010558440318,-0.14502076445561407,-0.49530289326596466,-0.610489611227867,0.16996396346456688]
[-0.3538678667808203,-0.638010558440318,-0.14502076445561407,-0.49530289326596466,-0.610489611227867,0.16996396346456688] [-0.47681013647483034,-0.560076558826739,-0.29240129545863525,-0.6646324883925829,-0.5451815680753517,0.01732139532012944]
[-0.47681013647483034,-0.560076558826739,-0.29240129545863525,-0.6646324883925829,-0.5451815680753517,0.01732139532012944] [-0.5302117025124271,-0.46920546321192397,-0.39265076666855236,-0.7369839539117669,-0.4639244122606446,-0.1563931346981624]
[-0.5302117025124271,-0.46920546321192397,-0.39265076666855236,-0.7369839539117669,-0.4639244122606446,-0.1563931346981624] [-0.5517315798834493,-0.37752205331519617,-0.468300479223851,-0.7684176435511029,-0.3789916344868446,-0.3306827433770785]
[-0.5517315798834493,-0.37752205331519617,-0.468300479223851,-0.7684176435511029,-0.3789916344868446,-0.3306827433770785] [-0.5035932617271615,-0.29519988762022464,-0.4833939374028162,-0.7142160672550435,-0.29521464933659736,-0.4858237328624835]
[-0.5035932617271615,-0.29519988762022464,-0.4833939374028162,-0.7142160672550435,-0.29521464933659736,-0.4858237328624835] [-0.42806176721769934,-0.22910177431379392,-0.44710161272340265,-0.6174057953967219,-0.22252122670213645,-0.6019475813377877]
[-0.42806176721769934,-0.22910177431379392,-0.44710161272340265,-0.6174057953967219,-0.22252122670213645,-0.6019475813377877] [-0.33387717785794996,-0.17126050348376776,-0.3784724925913814,-0.4921021774884766,-0.15477511217358775,-0.6971360083989513]
[-0.33387717785794996,-0.17126050348376776,-0.3784724925913814,-0.4921021774884766,-0.15477511217358775,-0.6971360083989513] [-0.33387717785794996,-0.17126050348376776,-0.3784724925913814,-0.4921021774884766,-0.15477511217358775,-0.6971360083989513]
