[0.12015997492751715,-0.02041143035866566,0.34727376179935376,-0.0011604894979156174,0.012514292111632255,-0.5420179359325541] [0.15988244565741247,-0.010963918920289528,0.3708677821755959,0.04229438139540899,0.019801709399019568,-0.5327848132728867]
[0.15988244565741247,-0.010963918920289528,0.3708677821755959,0.04229438139540899,0.019801709399019568,-0.5327848132728867] [0.17756247703013422,-0.004722912499794174,0.34813082485602553,0.06025918824538729,0.013554639032013191,-0.5546461406506005]
[0.17756247703013422,-0.004722912499794174,0.34813082485602553,0.06025918824538729,0.013554639032013191,-0.5546461406506005] [0.18739488432253923,0.0012421679215755543,0.296827519284669,0.06909435514306544,0.00012961241255412398,-0.5933722793159957]
[0.18739488432253923,0.0012421679215755543,0.296827519284669,0.06909435514306544,0.00012961241255412398,-0.5933722793159957] [0.2766445804199225,0.026502682057754245,0.3033433679044748,0.1689867979283191,0.013439405715017776,-0.5747950644205844]
[0.2766445804199225,0.026502682057754245,0.3033433679044748,0.1689867979283191,0.013439405715017776,-0.5747950644205844] [0.3782734603752837,0.06906496097996317,0.35668899141176524,0.2855438732221568,0.04796716347311722,-0.5256850770890003]
[0.3782734603752837,0.06906496097996317,0.35668899141176524,0.2855438732221568,0.04796716347311722,-0.5256850770890003] [0.4834931133694985,0.12571478773280004,0.44280482908079133,0.4071163429016687,0.10077400547624657,-0.4544200027360219]
[0.4834931133694985,0.12571478773280004,0.44280482908079133,0.4071163429016687,0.10077400547624657,-0.4544200027360219] [0.5785172036779523,0.19984950545656577,0.5591660337205422,0.5158527048071938,0.17862531023345352,-0.3609930774071435]
[0.5785172036779523,0.19984950545656577,0.5591660337205422,0.5158527048071938,0.17862531023345352,-0.3609930774071435] [0.6385104340154397,0.2833500615458848,0.6770811037571818,0.5806049386588397,0.27429854381470326,-0.2602998092293012]
[0.6385104340154397,0.2833500615458848,0.6770811037571818,0.5806049386588397,0.27429854381470326,-0.2602998092293012] [0.6600136525703328,0.3685672181251243,0.7790252680037568,0.6013001514646897,0.3777655111846411,-0.15984376099896735]
[0.6600136525703328,0.3685672181251243,0.7790252680037568,0.6013001514646897,0.3777655111846411,-0.15984376099896735] [0.6258792687712564,0.45233419065953917,0.8490775149320422,0.5605910906398694,0.48700502225678965,-0.06335404662053623]
[0.6258792687712564,0.45233419065953917,0.8490775149320422,0.5605910906398694,0.48700502225678965,-0.06335404662053623] [0.5136276661827757,0.5129083517106865,0.8476613686172367,0.43886699946400165,0.5737042443602908,0.0186155523868603]
[0.5136276661827757,0.5129083517106865,0.8476613686172367,0.43886699946400165,0.5737042443602908,0.0186155523868603] [0.3665597063345411,0.5503972095089563,0.7835329804138089,0.2785689890850058,0.6375379926362031,0.07066651670723001]
[0.3665597063345411,0.5503972095089563,0.7835329804138089,0.2785689890850058,0.6375379926362031,0.07066651670723001] [0.1894485050021732,0.5608404194382355,0.6505766752725419,0.08407908233521855,0.6739800822917208,0.0852008665171402]
[0.1894485050021732,0.5608404194382355,0.6505766752725419,0.08407908233521855,0.6739800822917208,0.0852008665171402] [-0.0032283051505017507,0.5229990867554333,0.4325569417909563,-0.12472544376258751,0.6452990542688007,0.029079912065537172]
[-0.0032283051505017507,0.5229990867554333,0.4325569417909563,-0.12472544376258751,0.6452990542688007,0.029079912065537172] [-0.1839555738539462,0.4557198284336741,0.19738025647910717,-0.3226501228050004,0.5796087498267533,-0.04614885469498198]
[-0.1839555738539462,0.4557198284336741,0.19738025647910717,-0.3226501228050004,0.5796087498267533,-0.04614885469498198] [-0.3466323804700784,0.3617033878542262,-0.04469843943385854,-0.503548532721071,0.4811517804194406,-0.13461726241310856]
[-0.3466323804700784,0.3617033878542262,-0.04469843943385854,-0.503548532721071,0.4811517804194406,-0.13461726241310856] [-0.4589178033282906,0.2254802384832576,-0.264092837381682,-0.6379551791854258,0.33920642755755215,-0.22006646135051255]
[-0.4589178033282906,0.2254802384832576,-0.264092837381682,-0.6379551791854258,0.33920642755755215,-0.22006646135051255] [-0.5250767951544068,0.0762525151178618,-0.40566362494668873,-0.7240365769161898,0.1804991970620246,-0.2780108673761248]
[-0.5250767951544068,0.0762525151178618,-0.40566362494668873,-0.7240365769161898,0.1804991970620246,-0.2780108673761248] [-0.5517315798834493,-0.08071649939881378,-0.4833939374028162,-0.7684176435511029,0.012568587262220293,-0.3101012710283948]
[-0.5517315798834493,-0.08071649939881378,-0.4833939374028162,-0.7684176435511029,0.012568587262220293,-0.3101012710283948] [-0.5227608206761412,-0.23966946845623838,-0.4762636957316708,-0.7532410963081224,-0.15586095025515237,-0.3010745627996503]
[-0.5227608206761412,-0.23966946845623838,-0.4762636957316708,-0.7532410963081224,-0.15586095025515237,-0.3010745627996503] [-0.44745956305803675,-0.3936898535315324,-0.3844546599766936,-0.6842696624058937,-0.3146851676786261,-0.2427116357655308]
[-0.44745956305803675,-0.3936898535315324,-0.3844546599766936,-0.6842696624058937,-0.3146851676786261,-0.2427116357655308] [-0.34119421673705813,-0.5343687095536631,-0.24846495743364194,-0.5768156600963994,-0.4580488236553694,-0.14829160208064973]
[-0.34119421673705813,-0.5343687095536631,-0.24846495743364194,-0.5768156600963994,-0.4580488236553694,-0.14829160208064973] [-0.19994920190206836,-0.6525728491148255,-0.07374673672294563,-0.42383934099738707,-0.5775201086662671,-0.010634539715264069]
[-0.19994920190206836,-0.6525728491148255,-0.07374673672294563,-0.42383934099738707,-0.5775201086662671,-0.010634539715264069] [-0.021288662144640903,-0.7192989144222585,0.12754108150078203,-0.22163068023861315,-0.6475689479483768,0.14033652597788837]
[-0.021288662144640903,-0.7192989144222585,0.12754108150078203,-0.22163068023861315,-0.6475689479483768,0.14033652597788837] [0.16883571795154678,-0.7520978013874267,0.30897205709004183,-0.0006843370496795748,-0.6831815549036293,0.26506635575280324]
[0.16883571795154678,-0.7520978013874267,0.30897205709004183,-0.0006843370496795748,-0.6831815549036293,0.26506635575280324] [0.3641995713573806,-0.748279296807085,0.4569670501352263,0.2324705361642879,-0.6811446303347231,0.35128419830430246]
[0.3641995713573806,-0.748279296807085,0.4569670501352263,0.2324705361642879,-0.6811446303347231,0.35128419830430246] [0.518226940268277,-0.6828326709699677,0.5218780995088492,0.42730907126576884,-0.6153821429066979,0.33973458106100374]
[0.518226940268277,-0.6828326709699677,0.5218780995088492,0.42730907126576884,-0.6153821429066979,0.33973458106100374] [0.6252761349022257,-0.591986241373647,0.517221976424632,0.5753482410736728,-0.5259417081840005,0.26729945171399017]
[0.6252761349022257,-0.591986241373647,0.517221976424632,0.5753482410736728,-0.5259417081840005,0.26729945171399017] [0.6858030130942141,-0.4817604038403182,0.45305285683395535,0.674829053551416,-0.41808349534305106,0.14212545206394545]
[0.6858030130942141,-0.4817604038403182,0.45305285683395535,0.674829053551416,-0.41808349534305106,0.14212545206394545] [0.6746012725232763,-0.3618047431382511,0.3400839870047454,0.6896830037609945,-0.29758054578097126,-0.04015286231766524]
[0.6746012725232763,-0.3618047431382511,0.3400839870047454,0.6896830037609945,-0.29758054578097126,-0.04015286231766524] [0.6253869178284934,-0.25225148638728095,0.22896631415503244,0.6530492192922086,-0.18780791368422883,-0.2272626502632633]
[0.6253869178284934,-0.25225148638728095,0.22896631415503244,0.6530492192922086,-0.18780791368422883,-0.2272626502632633] [0.5493261511226171,-0.15486882992633427,0.1275557184744862,0.5799353410768081,-0.090027011544984,-0.4072001882382894]
[0.5493261511226171,-0.15486882992633427,0.1275557184744862,0.5799353410768081,-0.090027011544984,-0.4072001882382894] [0.4479725429297454,-0.08226165800255328,0.05706663903221809,0.47175432623681146,-0.01587494097210508,-0.5524150237874821]
[0.4479725429297454,-0.08226165800255328,0.05706663903221809,0.47175432623681146,-0.01587494097210508,-0.5524150237874821] [0.3373649948315299,-0.037674029924399055,0.03385755518160494,0.34575044717457715,0.031002030038157602,-0.6447085324807134]
[0.3373649948315299,-0.037674029924399055,0.03385755518160494,0.34575044717457715,0.031002030038157602,-0.6447085324807134] [0.2339676605042414,-0.012306792059534777,0.03982354297828472,0.22233701508788586,0.05800071097468315,-0.6958981927113657]
[0.2339676605042414,-0.012306792059534777,0.03982354297828472,0.22233701508788586,0.05800071097468315,-0.6958981927113657] [0.1495835058118905,-0.008337619139741792,0.07581192288290062,0.11366926969521347,0.061861437461544155,-0.6971360083989513]
[0.1495835058118905,-0.008337619139741792,0.07581192288290062,0.11366926969521347,0.061861437461544155,-0.6971360083989513] [0.11378849169584415,-0.019134677718037618,0.15986133007548808,0.0501252053803873,0.04902693530259031,-0.6621709627678367]
[0.11378849169584415,-0.019134677718037618,0.15986133007548808,0.0501252053803873,0.04902693530259031,-0.6621709627678367] [0.09758242843992743,-0.03136786021834731,0.2428453313589518,0.005756085546401846,0.03468464791612168,-0.6206293610244185]
[0.09758242843992743,-0.03136786021834731,0.2428453313589518,0.005756085546401846,0.03468464791612168,-0.6206293610244185] [0.09955475944144182,-0.04293637537040218,0.31537195149497155,-0.01986958588171322,0.02125414789176501,-0.5769963647053222]
[0.09955475944144182,-0.04293637537040218,0.31537195149497155,-0.01986958588171322,0.02125414789176501,-0.5769963647053222] [0.09955475944144182,-0.04293637537040218,0.31537195149497155,-0.01986958588171322,0.02125414789176501,-0.5769963647053222]
