[0.05512497450929655,-0.04012560588581765,-0.48327049594656124,-0.09246677601174594,-0.058406251908063325,-0.6957437570921821] [0.1593598482335113,-0.01027061465246415,-0.41214389068138857,0.023884735214117006,-0.02573922648010886,-0.6706079714435695]
[0.1593598482335113,-0.01027061465246415,-0.41214389068138857,0.023884735214117006,-0.02573922648010886,-0.6706079714435695] [0.2655079055466305,0.024751069346456545,-0.3040216990688229,0.14569438610155858,0.017382765913604062,-0.6177014772353457]
[0.2655079055466305,0.024751069346456545,-0.3040216990688229,0.14569438610155858,0.017382765913604062,-0.6177014772353457] [0.37915538320348047,0.06482918659699105,-0.14941818188355427,0.2814453923552428,0.07336664576786567,-0.5265532837922535]
[0.37915538320348047,0.06482918659699105,-0.14941818188355427,0.2814453923552428,0.07336664576786567,-0.5265532837922535] [0.47239133419316415,0.10505127336425979,0.020977205937636967,0.402819807593744,0.13374960205894298,-0.40660489325379867]
[0.47239133419316415,0.10505127336425979,0.020977205937636967,0.402819807593744,0.13374960205894298,-0.40660489325379867] [0.5480116049670192,0.12536254563313942,0.16152701917198442,0.50701446678169,0.17322348722185626,-0.294126254494552]
[0.5480116049670192,0.12536254563313942,0.16152701917198442,0.50701446678169,0.17322348722185626,-0.294126254494552] [0.5620495537783673,0.16984859085711185,0.2714522596152502,0.5438729390576831,0.22047334150718095,-0.2071842402099744]
[0.5620495537783673,0.16984859085711185,0.2714522596152502,0.5438729390576831,0.22047334150718095,-0.2071842402099744] [0.5307448524303815,0.25212862061302166,0.38468533898006463,0.5222295769645201,0.29922060924548827,-0.1324324063564788]
[0.5307448524303815,0.25212862061302166,0.38468533898006463,0.5222295769645201,0.29922060924548827,-0.1324324063564788] [0.45957307860293967,0.3675804351279337,0.5213343039220284,0.4488606537643532,0.4199050395116888,-0.04112567107293419]
[0.45957307860293967,0.3675804351279337,0.5213343039220284,0.4488606537643532,0.4199050395116888,-0.04112567107293419] [0.314817675298155,0.48835537488508896,0.6316741484334507,0.2785219243108829,0.5653841585819304,0.04923381371510338]
[0.314817675298155,0.48835537488508896,0.6316741484334507,0.2785219243108829,0.5653841585819304,0.04923381371510338] [0.15672140776934415,0.5539081560469712,0.6811464991310601,0.08859523979472922,0.6603742462645884,0.11140434034836488]
[0.15672140776934415,0.5539081560469712,0.6811464991310601,0.08859523979472922,0.6603742462645884,0.11140434034836488] [-0.011581530010159163,0.5385573385338845,0.6263539355781225,-0.11986571370306531,0.6698309166663955,0.10138033243299116]
[-0.011581530010159163,0.5385573385338845,0.6263539355781225,-0.11986571370306531,0.6698309166663955,0.10138033243299116] [-0.16296976290064444,0.45634769324464386,0.4989209775857333,-0.309707881490079,0.5997885077041472,0.0256579140698312]
[-0.16296976290064444,0.45634769324464386,0.4989209775857333,-0.309707881490079,0.5997885077041472,0.0256579140698312] [-0.3009302315146013,0.33333362813854717,0.3485464434367067,-0.48407064180772347,0.4746966677556498,-0.07457889264932849]
[-0.3009302315146013,0.33333362813854717,0.3485464434367067,-0.48407064180772347,0.4746966677556498,-0.07457889264932849] [-0.3733667614590496,0.20830087703057254,0.20237791242410452,-0.576467872463594,0.34513489511644285,-0.17885515946870356]
[-0.3733667614590496,0.20830087703057254,0.20237791242410452,-0.576467872463594,0.34513489511644285,-0.17885515946870356] [-0.4073731263866592,0.10876977890361872,0.08596672914525172,-0.6226075788477916,0.24479822855733363,-0.2607441466762115]
[-0.4073731263866592,0.10876977890361872,0.08596672914525172,-0.6226075788477916,0.24479822855733363,-0.2607441466762115] [-0.3876735824453503,0.031873534664927095,-0.03850981329077463,-0.603992246263953,0.18337040792659715,-0.35483070131869887]
[-0.3876735824453503,0.031873534664927095,-0.03850981329077463,-0.603992246263953,0.18337040792659715,-0.35483070131869887] [-0.28893032361008103,-0.050719670632751845,-0.144312607913621,-0.48722648653360345,0.12730155928983852,-0.46256524858029113]
[-0.28893032361008103,-0.050719670632751845,-0.144312607913621,-0.48722648653360345,0.12730155928983852,-0.46256524858029113] [-0.16731958035881495,-0.16563010116803503,-0.20982628268821024,-0.340067959857278,0.027760505535824542,-0.546399065324108]
[-0.16731958035881495,-0.16563010116803503,-0.20982628268821024,-0.340067959857278,0.027760505535824542,-0.546399065324108] [-0.015584519114209851,-0.29717160385094854,-0.1541931543154913,-0.1472890298010343,-0.10631784656407486,-0.5294836483766803]
[-0.015584519114209851,-0.29717160385094854,-0.1541931543154913,-0.1472890298010343,-0.10631784656407486,-0.5294836483766803] [0.11025323659311449,-0.4216918550763493,-0.01414189804577859,0.019685063848333635,-0.24341531221359963,-0.4285333332315284]
[0.11025323659311449,-0.4216918550763493,-0.01414189804577859,0.019685063848333635,-0.24341531221359963,-0.4285333332315284] [0.21537149676075726,-0.5280318710665404,0.16859509862337774,0.16537386381437189,-0.3626600663640949,-0.2826652566610992]
[0.21537149676075726,-0.5280318710665404,0.16859509862337774,0.16537386381437189,-0.3626600663640949,-0.2826652566610992] [0.2378065337724685,-0.6075924833386572,0.3666995160262063,0.20466291486633015,-0.45763441900671764,-0.11120148055674939]
[0.2378065337724685,-0.6075924833386572,0.3666995160262063,0.20466291486633015,-0.45763441900671764,-0.11120148055674939] [0.22452601027303815,-0.6792129185719156,0.5541229842962654,0.20004037842953457,-0.545280700624307,0.04978873672790751]
[0.22452601027303815,-0.6792129185719156,0.5541229842962654,0.20004037842953457,-0.545280700624307,0.04978873672790751] [0.1513561335212815,-0.734518107734585,0.7236270022577198,0.1221171942472396,-0.6235034386314668,0.19902868289827413]
[0.1513561335212815,-0.734518107734585,0.7236270022577198,0.1221171942472396,-0.6235034386314668,0.19902868289827413] [0.034121731618342456,-0.751168411124876,0.8109088136083988,-0.0030484381451654913,-0.6694527071326349,0.29637348431082344]
[0.034121731618342456,-0.751168411124876,0.8109088136083988,-0.0030484381451654913,-0.6694527071326349,0.29637348431082344] [-0.10008904481383124,-0.7224857259651529,0.8243163430668021,-0.1466551553089291,-0.6757935329237803,0.3455768814061875]
[-0.10008904481383124,-0.7224857259651529,0.8243163430668021,-0.1466551553089291,-0.6757935329237803,0.3455768814061875] [-0.22892945824554145,-0.6270647851633483,0.7010647480642627,-0.28658398972092347,-0.6130303207019373,0.2874881140221097]
[-0.22892945824554145,-0.6270647851633483,0.7010647480642627,-0.28658398972092347,-0.6130303207019373,0.2874881140221097] [-0.3341486272251826,-0.5075093146126048,0.53766662384173,-0.4043363029364254,-0.5198249270710844,0.18454296188976294]
[-0.3341486272251826,-0.5075093146126048,0.53766662384173,-0.4043363029364254,-0.5198249270710844,0.18454296188976294] [-0.411003833611124,-0.3860793267788256,0.36716798008763174,-0.4951315081801123,-0.41225895321007805,0.05416618524138883]
[-0.411003833611124,-0.3860793267788256,0.36716798008763174,-0.4951315081801123,-0.41225895321007805,0.05416618524138883] [-0.42797812056760254,-0.3119989465925541,0.23262423087257034,-0.5261352948140091,-0.3263957192796882,-0.07789228478803878]
[-0.42797812056760254,-0.3119989465925541,0.23262423087257034,-0.5261352948140091,-0.3263957192796882,-0.07789228478803878] [-0.41992450353697197,-0.2565596750125366,0.10428180608255921,-0.5303975587960411,-0.2552611096342434,-0.20355871213552845]
[-0.41992450353697197,-0.2565596750125366,0.10428180608255921,-0.5303975587960411,-0.2552611096342434,-0.20355871213552845] [-0.36137098277561064,-0.21403908898721444,-0.047172841429130585,-0.4777904924265331,-0.20443020217619476,-0.3313892679487793]
[-0.36137098277561064,-0.21403908898721444,-0.047172841429130585,-0.4777904924265331,-0.20443020217619476,-0.3313892679487793] [-0.28342821209577995,-0.16497052797043865,-0.19939066839332042,-0.4008531371376758,-0.15967680886114924,-0.44989538527320505]
[-0.28342821209577995,-0.16497052797043865,-0.19939066839332042,-0.4008531371376758,-0.15967680886114924,-0.44989538527320505] [-0.19166611802792075,-0.10690665952716016,-0.3477417846173232,-0.3071002760097582,-0.11242230952658025,-0.5639367096858345]
[-0.19166611802792075,-0.10690665952716016,-0.3477417846173232,-0.3071002760097582,-0.11242230952658025,-0.5639367096858345] [-0.19166611802792075,-0.10690665952716016,-0.3477417846173232,-0.3071002760097582,-0.11242230952658025,-0.5639367096858345]
