[0.05298793897137879,0.19234158989981232,-0.3439315699154122,-0.037190402969935324,0.08890056860928922,-0.6833951183011218] [0.04279247500506389,0.23879503961966864,-0.30752509421289886,-0.02767390894824425,0.12630247916463452,-0.6691467007205922]
[0.04279247500506389,0.23879503961966864,-0.30752509421289886,-0.02767390894824425,0.12630247916463452,-0.6691467007205922] [0.03600632345206264,0.22910834443734818,-0.3054577529583433,-0.039931006774781445,0.11866816158501733,-0.6763461095363077]
[0.03600632345206264,0.22910834443734818,-0.3054577529583433,-0.039931006774781445,0.11866816158501733,-0.6763461095363077] [0.05218418928816492,0.18898152362726095,-0.3115925801575905,-0.03726319957281069,0.08180896493316427,-0.6825925814109599]
[0.05218418928816492,0.18898152362726095,-0.3115925801575905,-0.03726319957281069,0.08180896493316427,-0.6825925814109599] [0.11465824509224677,0.1444217316970624,-0.2931700249497933,0.022868975640216678,0.03241339541110175,-0.6607845929658795]
[0.11465824509224677,0.1444217316970624,-0.2931700249497933,0.022868975640216678,0.03241339541110175,-0.6607845929658795] [0.19450518063444053,0.1261758290176629,-0.22033621250696456,0.1186937918859609,0.016997308608636227,-0.6127449910506648]
[0.19450518063444053,0.1261758290176629,-0.22033621250696456,0.1186937918859609,0.016997308608636227,-0.6127449910506648] [0.284150657094072,0.12034865193951799,-0.1150313107500498,0.22756275909701876,0.026248412858912537,-0.5424862746265804]
[0.284150657094072,0.12034865193951799,-0.1150313107500498,0.22756275909701876,0.026248412858912537,-0.5424862746265804] [0.377064391789347,0.12365145396800364,0.004232470298946467,0.33961971036258887,0.05596254895271298,-0.4579798532601611]
[0.377064391789347,0.12365145396800364,0.004232470298946467,0.33961971036258887,0.05596254895271298,-0.4579798532601611] [0.4649944037998133,0.13198879036590544,0.11325439653618119,0.4423297189989162,0.09891100653703494,-0.37214619334764976]
[0.4649944037998133,0.13198879036590544,0.11325439653618119,0.4423297189989162,0.09891100653703494,-0.37214619334764976] [0.5320722635740174,0.1505206283767333,0.19886839546131974,0.5159022428460005,0.15181064636782032,-0.29685561744054834]
[0.5320722635740174,0.1505206283767333,0.19886839546131974,0.5159022428460005,0.15181064636782032,-0.29685561744054834] [0.5620495537783673,0.1821024770269719,0.2546449989345678,0.5438729390576831,0.21322308064854512,-0.24309004644237664]
[0.5620495537783673,0.1821024770269719,0.2546449989345678,0.5438729390576831,0.21322308064854512,-0.24309004644237664] [0.5500641561859869,0.2513867798651077,0.29631732570258684,0.5198609423757754,0.31102650402464055,-0.20514109856995244]
[0.5500641561859869,0.2513867798651077,0.29631732570258684,0.5198609423757754,0.31102650402464055,-0.20514109856995244] [0.48548874903087996,0.36884909828568424,0.3173496796276156,0.42935273173623084,0.46226693740463964,-0.17788582574087375]
[0.48548874903087996,0.36884909828568424,0.3173496796276156,0.42935273173623084,0.46226693740463964,-0.17788582574087375] [0.3730392737993452,0.47494561233084454,0.2688626459250312,0.2822974299115651,0.5968244206991627,-0.1831274128115803]
[0.3730392737993452,0.47494561233084454,0.2688626459250312,0.2822974299115651,0.5968244206991627,-0.1831274128115803] [0.24244164880266422,0.5216973141214659,0.1782565946979311,0.1173550336111559,0.6581156322859765,-0.2159870908645507]
[0.24244164880266422,0.5216973141214659,0.1782565946979311,0.1173550336111559,0.6581156322859765,-0.2159870908645507] [0.10312317126011676,0.5004695834571381,0.0655736397111113,-0.0526077544491657,0.6360418027150149,-0.2729804869227719]
[0.10312317126011676,0.5004695834571381,0.0655736397111113,-0.0526077544491657,0.6360418027150149,-0.2729804869227719] [-0.03940469446009866,0.4149088687386102,-0.05268962055247428,-0.21709299573047453,0.5409767153273765,-0.3483338558243858]
[-0.03940469446009866,0.4149088687386102,-0.05268962055247428,-0.21709299573047453,0.5409767153273765,-0.3483338558243858] [-0.1643886151913038,0.28216092237266643,-0.10989902740521096,-0.3546687849118661,0.4099340044240093,-0.41017816804899443]
[-0.1643886151913038,0.28216092237266643,-0.10989902740521096,-0.3546687849118661,0.4099340044240093,-0.41017816804899443] [-0.2691374939507061,0.14093873227613551,-0.11949441041868525,-0.4669117507762885,0.27169899209370174,-0.43869753072138806]
[-0.2691374939507061,0.14093873227613551,-0.11949441041868525,-0.4669117507762885,0.27169899209370174,-0.43869753072138806] [-0.3516414377107641,0.012128111314765377,-0.091599994060239,-0.5531405054509192,0.1440752029193947,-0.4347910375057671]
[-0.3516414377107641,0.012128111314765377,-0.091599994060239,-0.5531405054509192,0.1440752029193947,-0.4347910375057671] [-0.40563170035040974,-0.09187942445800679,-0.038808375292436637,-0.6087924996120163,0.03860952475541862,-0.4064649280585382]
[-0.40563170035040974,-0.09187942445800679,-0.038808375292436637,-0.6087924996120163,0.03860952475541862,-0.4064649280585382] [-0.42475989012892323,-0.1752789581706979,0.04644958830550827,-0.6226075788477916,-0.04653746417946568,-0.3595018176473399]
[-0.42475989012892323,-0.1752789581706979,0.04644958830550827,-0.6226075788477916,-0.04653746417946568,-0.3595018176473399] [-0.42797812056760254,-0.2512944858782227,0.1379106110257915,-0.6140483158163476,-0.1290640412667014,-0.2953077776696098]
[-0.42797812056760254,-0.2512944858782227,0.1379106110257915,-0.6140483158163476,-0.1290640412667014,-0.2953077776696098] [-0.41588706948244564,-0.33193345093567334,0.24167268839904743,-0.5841508258250465,-0.22195019926784984,-0.2028844712956337]
[-0.41588706948244564,-0.33193345093567334,0.24167268839904743,-0.5841508258250465,-0.22195019926784984,-0.2028844712956337] [-0.36708894978298484,-0.44491551973300547,0.3949101138481472,-0.513285678415794,-0.3446306579922879,-0.06910655740396088]
[-0.36708894978298484,-0.44491551973300547,0.3949101138481472,-0.513285678415794,-0.3446306579922879,-0.06910655740396088] [-0.29088434848251093,-0.5645797060335133,0.555084708911803,-0.40086108490932676,-0.48488368118379305,0.08499544896524291]
[-0.29088434848251093,-0.5645797060335133,0.555084708911803,-0.40086108490932676,-0.48488368118379305,0.08499544896524291] [-0.19341231080313964,-0.6688626845056374,0.7104329899634303,-0.25527820589826217,-0.61000954300625,0.2382323455531692]
[-0.19341231080313964,-0.6688626845056374,0.7104329899634303,-0.25527820589826217,-0.61000954300625,0.2382323455531692] [-0.07826205377721684,-0.7337424829349392,0.8304491154314926,-0.08343103607344063,-0.6819410000598644,0.3494988303189368]
[-0.07826205377721684,-0.7337424829349392,0.8304491154314926,-0.08343103607344063,-0.6819410000598644,0.3494988303189368] [0.04886010846023128,-0.7328867957835984,0.8459437219866173,0.09089025721831867,-0.6504323019494143,0.3428494038972394]
[0.04886010846023128,-0.7328867957835984,0.8459437219866173,0.09089025721831867,-0.6504323019494143,0.3428494038972394] [0.16404209492864216,-0.6803680373625242,0.7609910968773468,0.2447079733464987,-0.5508050477217749,0.24978212955380563]
[0.16404209492864216,-0.6803680373625242,0.7609910968773468,0.2447079733464987,-0.5508050477217749,0.24978212955380563] [0.26371114509117616,-0.594769273372681,0.6130582734969723,0.37341922368535707,-0.4200317966994039,0.11420838614809448]
[0.26371114509117616,-0.594769273372681,0.6130582734969723,0.37341922368535707,-0.4200317966994039,0.11420838614809448] [0.3433392612064503,-0.49270041902913264,0.43145482035603333,0.471243310388463,-0.2874373444984395,-0.029237102947586635]
[0.3433392612064503,-0.49270041902913264,0.43145482035603333,0.471243310388463,-0.2874373444984395,-0.029237102947586635] [0.3770982397222199,-0.40147186555684783,0.24324525427942767,0.5080452913629274,-0.18769849645239417,-0.1554462140523345]
[0.3770982397222199,-0.40147186555684783,0.24324525427942767,0.5080452913629274,-0.18769849645239417,-0.1554462140523345] [0.3784246287760593,-0.33291358077019023,0.07823748185778356,0.505134966543239,-0.11773050344292238,-0.2628905569203859]
[0.3784246287760593,-0.33291358077019023,0.07823748185778356,0.505134966543239,-0.11773050344292238,-0.2628905569203859] [0.3541333645949252,-0.2784093632588338,-0.08140500635186676,0.4699136679224106,-0.060713236962281696,-0.3718548916949027]
[0.3541333645949252,-0.2784093632588338,-0.08140500635186676,0.4699136679224106,-0.060713236962281696,-0.3718548916949027] [0.3087188367345539,-0.2333740291732611,-0.23999613597791658,0.4072039126944073,-0.009501643453480774,-0.485206702005887]
[0.3087188367345539,-0.2333740291732611,-0.23999613597791658,0.4072039126944073,-0.009501643453480774,-0.485206702005887] [0.25772133799729635,-0.20818216175216936,-0.32631894015731433,0.33060646666402427,0.022505906106339478,-0.5727073537771421]
[0.25772133799729635,-0.20818216175216936,-0.32631894015731433,0.33060646666402427,0.022505906106339478,-0.5727073537771421] [0.21028947174661541,-0.1863583349456023,-0.40289421621061194,0.26121552742776427,0.04172986894194587,-0.6335611911492887]
[0.21028947174661541,-0.1863583349456023,-0.40289421621061194,0.26121552742776427,0.04172986894194587,-0.6335611911492887] [0.17025271626931154,-0.16872196818877228,-0.4572431295665993,0.2048245052353779,0.05046365474002426,-0.6668564004772142]
[0.17025271626931154,-0.16872196818877228,-0.4572431295665993,0.2048245052353779,0.05046365474002426,-0.6668564004772142] [0.14125403988970076,-0.15602498665378986,-0.4785840377467512,0.16701501578423636,0.052381922844724885,-0.6741039897431005]
[0.14125403988970076,-0.15602498665378986,-0.4785840377467512,0.16701501578423636,0.052381922844724885,-0.6741039897431005] [0.14125403988970076,-0.15602498665378986,-0.4785840377467512,0.16701501578423636,0.052381922844724885,-0.6741039897431005]
