[-0.129833111953981,-0.04145040336321665,-0.3432796056535441,-0.06557622739303479,0.04500175370125187,-0.6155005788785495] [-0.033309416486337014,-0.0065197778809348295,-0.4343877924339665,0.006222340681393542,0.030597848487828608,-0.6342319433198123]
[-0.033309416486337014,-0.0065197778809348295,-0.4343877924339665,0.006222340681393542,0.030597848487828608,-0.6342319433198123] [0.10403826707669497,0.08922079010787137,-0.31683013257759995,0.1313985972803775,0.08652873278672908,-0.5515005756207758]
[0.10403826707669497,0.08922079010787137,-0.31683013257759995,0.1313985972803775,0.08652873278672908,-0.5515005756207758] [0.2732232622032007,0.20597394193235385,-0.004398978903671136,0.2911774025088023,0.17084063296802482,-0.3835453675781446]
[0.2732232622032007,0.20597394193235385,-0.004398978903671136,0.2911774025088023,0.17084063296802482,-0.3835453675781446] [0.43861042423033575,0.28185803462897385,0.3362195316192027,0.4475852870468011,0.2505123679816566,-0.1810060320496305]
[0.43861042423033575,0.28185803462897385,0.3362195316192027,0.4475852870468011,0.2505123679816566,-0.1810060320496305] [0.5508134092996539,0.28115918148735375,0.5073580439061374,0.5438729390576831,0.3019767761315004,-0.028947821318699773]
[0.5508134092996539,0.28115918148735375,0.5073580439061374,0.5438729390576831,0.3019767761315004,-0.028947821318699773] [0.5620495537783673,0.298252775273103,0.5565984683058707,0.5392158561468269,0.3852491501274444,0.0745472160852616]
[0.5620495537783673,0.298252775273103,0.5565984683058707,0.5392158561468269,0.3852491501274444,0.0745472160852616] [0.4758597090408099,0.3584681737451211,0.5139683350054067,0.4372256028947394,0.5089076426717754,0.10925486066968837]
[0.4758597090408099,0.3584681737451211,0.5139683350054067,0.4372256028947394,0.5089076426717754,0.10925486066968837] [0.3527315607548391,0.3566107062852233,0.29639709497575595,0.30437721633560094,0.5334160933966595,-0.006438653495586699]
[0.3527315607548391,0.3566107062852233,0.29639709497575595,0.30437721633560094,0.5334160933966595,-0.006438653495586699] [0.22249150699383424,0.31812317844293103,0.009451981370796503,0.17259884808082687,0.45948355460554097,-0.228706485376601]
[0.22249150699383424,0.31812317844293103,0.009451981370796503,0.17259884808082687,0.45948355460554097,-0.228706485376601] [0.10809517869490534,0.28750220838090235,-0.15408634510707664,0.05104627757713282,0.3476247726109014,-0.46657895291815876]
[0.10809517869490534,0.28750220838090235,-0.15408634510707664,0.05104627757713282,0.3476247726109014,-0.46657895291815876] [0.010023783436524337,0.28556135888182577,-0.11712032802751615,-0.05464962328309189,0.27547206411662517,-0.6029589639767767]
[0.010023783436524337,0.28556135888182577,-0.11712032802751615,-0.05464962328309189,0.27547206411662517,-0.6029589639767767] [-0.07628771276822546,0.314978990310644,0.025231343325428313,-0.21903113314717887,0.27547669466809666,-0.5800803494472291]
[-0.07628771276822546,0.314978990310644,0.025231343325428313,-0.21903113314717887,0.27547669466809666,-0.5800803494472291] [-0.15927185539651761,0.312197578210636,0.1309426878836799,-0.39359475650952697,0.2727961219577076,-0.40910229857631464]
[-0.15927185539651761,0.312197578210636,0.1309426878836799,-0.39359475650952697,0.2727961219577076,-0.40910229857631464] [-0.24460967863056474,0.23108660972417816,0.13594787325869007,-0.5429469658059948,0.22670757335286162,-0.2909903927463615]
[-0.24460967863056474,0.23108660972417816,0.13594787325869007,-0.5429469658059948,0.22670757335286162,-0.2909903927463615] [-0.2961238845314388,0.11399755996795718,0.07936503062952838,-0.6226075788477916,0.15741519737506782,-0.25748735287361857]
[-0.2961238845314388,0.11399755996795718,0.07936503062952838,-0.6226075788477916,0.15741519737506782,-0.25748735287361857] [-0.2898177915421108,0.002624291593852801,-0.03838748164371353,-0.5968182465693845,0.11174825001418154,-0.2981917945056871]
[-0.2898177915421108,0.002624291593852801,-0.03838748164371353,-0.5968182465693845,0.11174825001418154,-0.2981917945056871] [-0.23539130303850028,-0.10362144735768394,-0.2058176220906347,-0.4569656124372582,0.06811807834122661,-0.42524194898910395]
[-0.23539130303850028,-0.10362144735768394,-0.2058176220906347,-0.4569656124372582,0.06811807834122661,-0.42524194898910395] [-0.18852685302106104,-0.21750239868774957,-0.30581966689918794,-0.28929388524659394,0.00955737084772125,-0.5862525224783264]
[-0.18852685302106104,-0.21750239868774957,-0.30581966689918794,-0.28929388524659394,0.00955737084772125,-0.5862525224783264] [-0.18574361987741556,-0.3145305032849505,-0.26653524848162924,-0.19385014586541593,-0.039943974406398026,-0.6852323698083191]
[-0.18574361987741556,-0.3145305032849505,-0.26653524848162924,-0.19385014586541593,-0.039943974406398026,-0.6852323698083191] [-0.2301567181494852,-0.3865125471427002,-0.08199766133819253,-0.20810210096799264,-0.11265915437518904,-0.6444389752517301]
[-0.2301567181494852,-0.3865125471427002,-0.08199766133819253,-0.20810210096799264,-0.11265915437518904,-0.6444389752517301] [-0.31609531068678254,-0.4317058049048119,0.19171181418622218,-0.29541576235732575,-0.22570949152942624,-0.4593462649168858]
[-0.31609531068678254,-0.4317058049048119,0.19171181418622218,-0.29541576235732575,-0.22570949152942624,-0.4593462649168858] [-0.4041161783981798,-0.443670440018943,0.43871742364930366,-0.41416713034000635,-0.35087423439603976,-0.1869162252318466]
[-0.4041161783981798,-0.443670440018943,0.43871742364930366,-0.41416713034000635,-0.35087423439603976,-0.1869162252318466] [-0.42797812056760254,-0.4683653102789924,0.5713847108501975,-0.47909414291106595,-0.4559500751309177,0.04263038096237892]
[-0.42797812056760254,-0.4683653102789924,0.5713847108501975,-0.47909414291106595,-0.4559500751309177,0.04263038096237892] [-0.37191822715998235,-0.5498176081356047,0.652408333951942,-0.44256073047125116,-0.5559714285752637,0.18855194102918915]
[-0.37191822715998235,-0.5498176081356047,0.652408333951942,-0.44256073047125116,-0.5559714285752637,0.18855194102918915] [-0.2689362511053159,-0.6251839132287766,0.6226274166702019,-0.3344274958603597,-0.625123069467767,0.22282535643044543]
[-0.2689362511053159,-0.6251839132287766,0.6226274166702019,-0.3344274958603597,-0.625123069467767,0.22282535643044543] [-0.1433297428076355,-0.658342198342522,0.45816304822560294,-0.20841191362015096,-0.5992196578477328,0.07124703015032186]
[-0.1433297428076355,-0.658342198342522,0.45816304822560294,-0.20841191362015096,-0.5992196578477328,0.07124703015032186] [-0.013905201169929502,-0.6639451470617816,0.2669768622084838,-0.08820388110694447,-0.5101913212028109,-0.19647067665632711]
[-0.013905201169929502,-0.6639451470617816,0.2669768622084838,-0.08820388110694447,-0.5101913212028109,-0.19647067665632711] [0.10186814370947839,-0.6730558198338574,0.2253699819211583,0.00872544391114643,-0.44363448004550105,-0.391390617787323]
[0.10186814370947839,-0.6730558198338574,0.2253699819211583,0.00872544391114643,-0.44363448004550105,-0.391390617787323] [0.19546124194747358,-0.6990555099986534,0.3509494836087086,0.08796960279936727,-0.4530103198496126,-0.34383974640260906]
[0.19546124194747358,-0.6990555099986534,0.3509494836087086,0.08796960279936727,-0.4530103198496126,-0.34383974640260906] [0.2960538042113791,-0.705477987453549,0.5127522715051986,0.19338913444771133,-0.509302046341712,-0.10064465179670812]
[0.2960538042113791,-0.705477987453549,0.5127522715051986,0.19338913444771133,-0.509302046341712,-0.10064465179670812] [0.4025236881844632,-0.6423520980873831,0.5919880302094942,0.3217685987110625,-0.5294037947393101,0.13264533715103788]
[0.4025236881844632,-0.6423520980873831,0.5919880302094942,0.3217685987110625,-0.5294037947393101,0.13264533715103788] [0.4959255558262404,-0.5194618914286679,0.5406697387396271,0.44124327222168075,-0.47593095720720885,0.22125014198679693]
[0.4959255558262404,-0.5194618914286679,0.5406697387396271,0.44124327222168075,-0.47593095720720885,0.22125014198679693] [0.544160995294605,-0.39571915377263756,0.4034570170317515,0.5038817738386759,-0.38286885342943744,0.16421578592857689]
[0.544160995294605,-0.39571915377263756,0.4034570170317515,0.5038817738386759,-0.38286885342943744,0.16421578592857689] [0.5191172987273855,-0.31772117669966277,0.2155535140956193,0.48196762437977053,-0.30283091316186916,0.02365601402370121]
[0.5191172987273855,-0.31772117669966277,0.2155535140956193,0.48196762437977053,-0.30283091316186916,0.02365601402370121] [0.4109398890843305,-0.2454912103413726,-0.004291244523365378,0.369571857125062,-0.22880574642725326,-0.19505577058140489]
[0.4109398890843305,-0.2454912103413726,-0.004291244523365378,0.369571857125062,-0.22880574642725326,-0.19505577058140489] [0.26336936896687824,-0.15329377369355823,-0.23959178474006748,0.21608525548767243,-0.13702008257884152,-0.45220693353694497]
[0.26336936896687824,-0.15329377369355823,-0.23959178474006748,0.21608525548767243,-0.13702008257884152,-0.45220693353694497] [0.12512689451392908,-0.07389022091543274,-0.4206775357150576,0.07384307794716184,-0.060089364464472536,-0.6263350940332462]
[0.12512689451392908,-0.07389022091543274,-0.4206775357150576,0.07384307794716184,-0.060089364464472536,-0.6263350940332462] [0.027899694440478635,-0.02700731627301234,-0.4820600122652188,-0.025084524902505324,-0.015709382230159243,-0.6881077091545382]
[0.027899694440478635,-0.02700731627301234,-0.4820600122652188,-0.025084524902505324,-0.015709382230159243,-0.6881077091545382] [-0.019668572794346438,-0.012622749547390788,-0.47176652799799434,-0.07113812574254083,-0.0007607982313298095,-0.6881018091211333]
[-0.019668572794346438,-0.012622749547390788,-0.47176652799799434,-0.07113812574254083,-0.0007607982313298095,-0.6881018091211333] [-0.019668572794346438,-0.012622749547390788,-0.47176652799799434,-0.07113812574254083,-0.0007607982313298095,-0.6881018091211333]
