0, array([  -7.27704497,   17.54177962, -185.77560004,  -15.66635979,
         -4.23720492, -375.89966015])
1, array([  -4.72950373,   18.36831415, -184.74346755,   -7.58186853,
         -1.13837491, -373.67443051])
2, array([   0.95151307,   19.9227936 , -186.25542187,    4.261083  ,
          0.85227314, -375.36650864])
3, array([  13.57997335,   27.43957042, -183.87182851,   35.84772841,
         21.30353355, -370.65764743])
4, array([  29.3804497 ,   38.05872821, -179.23387614,   76.73109633,
         51.96243011, -360.65399135])
5, array([  45.43786344,   50.38368015, -172.43005226,  116.88961507,
         93.08949716, -344.07320961])
6, array([  55.5649805 ,   60.26270299, -166.47749719,  136.991105  ,
        136.89254992, -325.55595043])
7, array([  55.03984906,   63.54812109, -165.12938378,  129.04281197,
        165.80167114, -315.57125122])
8, array([  44.94838153,   60.17439771, -168.83447066,   99.71028465,
        167.57898047, -319.83127488])
9, array([  29.42459717,   54.92616477, -174.48388551,   60.64372074,
        150.72742374, -334.91138667])
10, array([  12.8488985 ,   51.16457109, -178.04937095,   19.19075468,
        131.31002172, -351.63246826])
11, array([  -1.89575871,   49.48267828, -179.20482309,  -19.82135368,
        119.63131375, -360.43902313])
12, array([ -13.27212149,   50.53203331, -177.74938674,  -56.82050517,
        121.75513308, -355.6177036 ])
13, array([ -21.5879913 ,   52.12422049, -174.36787378,  -98.06121756,
        133.26120341, -341.05092791])
14, array([ -26.73539423,   49.47296353, -174.05861672, -131.18373428,
        138.21714701, -330.59189249])
15, array([ -27.6817001 ,   41.6039063 , -176.05162092, -145.24136719,
        124.52590648, -332.23082611])
16, array([ -24.58836384,   32.25244788, -178.83374114, -130.62168189,
         98.49183622, -342.9941434 ])
17, array([ -20.18692279,   22.98899488, -181.16739559,  -92.82521604,
         70.73026743, -357.16106445])
18, array([ -18.213682  ,   14.12815483, -181.58609918,  -53.30877835,
         44.9153349 , -368.95616615])
19, array([ -22.28415163,    6.66507502, -178.27905959,  -34.24883663,
         21.85357552, -372.44801807])
20, array([ -31.70998377,    0.8078113 , -171.37760346,  -45.45085139,
         -3.26063341, -368.73693041])
21, array([ -43.24676866,   -4.23297795, -163.28324084,  -77.84993764,
        -33.97590529, -358.01413288])
22, array([ -52.25319858,   -9.07814525, -155.43468626, -114.89097513,
        -68.92177686, -342.6050847 ])
23, array([ -55.05152344,  -11.89125686, -151.39568359, -133.71748544,
        -98.46983945, -327.16414994])
24, array([ -51.0647402 ,  -10.40868293, -153.2579429 , -126.56404583,
       -113.33926366, -318.20266104])
25, array([ -41.0230865 ,   -7.41883638, -159.37706624, -102.57805896,
       -110.35467914, -321.25388209])
26, array([ -27.97491551,   -6.22968361, -165.7525088 ,  -69.67846942,
        -94.49657921, -334.07021868])
27, array([ -13.87211069,   -9.89675493, -166.78636004,  -34.01528023,
        -79.96628821, -348.40898104])
28, array([  -1.18381038,  -16.77214452, -162.88765877,   -2.62623986,
        -82.25352481, -351.42200955])
29, array([   9.10785103,  -24.94695483, -155.51589103,   24.6998331 ,
       -102.76175329, -338.91352708])
30, array([  16.9058153 ,  -31.79691891, -147.92436556,   51.50416204,
       -133.4107641 , -314.54418151])
31, array([  24.71703816,  -32.33439844, -145.96020703,   82.35668968,
       -155.22922266, -289.95591187])
32, array([  33.92111434,  -26.71000254, -149.88720418,  112.98301723,
       -154.44196297, -277.67309765])
33, array([  40.61158987,  -18.36159154, -158.75592985,  135.05143903,
       -131.94202694, -281.6596176 ])
34, array([  42.13288853,   -7.54621128, -168.59554653,  141.51322266,
        -92.61108279, -300.41392532])
35, array([  35.51333781,    4.65083653, -176.60056079,  122.36847844,
        -48.89357311, -325.86984174])
36, array([  21.64368976,   16.05390149, -181.67009244,   81.78602561,
        -12.28971749, -348.71037082])
37, array([   5.61098293,   24.46155254, -183.61709961,   36.71013043,
         12.99562605, -364.07630911])
38, array([  -7.30067646,   29.29619948, -183.50043621,    1.60455445,
         27.83381375, -371.43854695])
39, array([ -13.80416995,   31.20723804, -181.71067005,  -17.54807207,
         33.47254176, -372.88430944])
