0, array([  -1.31559033,   24.01320089, -182.35705836,    4.91820455,
          0.89732047, -370.05368429])
1, array([   2.0355279 ,   25.85698359, -181.63700094,   14.12609548,
          7.03099356, -368.90244996])
2, array([  11.70990253,   27.14204605, -180.37719297,   32.9785439 ,
          7.57917131, -368.15285006])
3, array([  25.46501392,   33.67060238, -174.52381248,   67.27647576,
         26.94759795, -360.88545888])
4, array([  40.87900449,   42.94848007, -166.1659037 ,  106.39202202,
         61.02005587, -347.91646006])
5, array([  53.06382363,   53.94659567, -158.51990582,  135.21848375,
        108.37218944, -332.53196206])
6, array([  55.5649805 ,   61.59798695, -155.48285135,  141.51322266,
        150.48268496, -323.82887773])
7, array([  48.18393438,   63.54812109, -157.9477137 ,  120.70390847,
        167.57898047, -326.74541281])
8, array([  35.18044657,   62.5412372 , -162.82617378,   81.82515158,
        166.30553497, -338.18182712])
9, array([  19.01380071,   60.06235403, -168.74752946,   34.12529446,
        158.37450666, -351.93362355])
10, array([   2.38760045,   57.40416212, -173.22924202,  -13.66962012,
        152.91951495, -358.53711991])
11, array([ -11.34156121,   55.21648422, -174.12045188,  -56.76664714,
        155.3224575 , -351.62551075])
12, array([ -21.07223163,   53.53262014, -174.12646019,  -96.85484396,
        163.1818147 , -334.92797906])
13, array([ -26.49501583,   49.00299955, -175.60263486, -126.21288763,
        162.89938079, -322.37446441])
14, array([ -26.86820072,   38.94557917, -179.1339067 , -137.57615941,
        141.738217  , -322.11546602])
15, array([ -23.48635412,   26.42763223, -181.43431521, -131.14755861,
        105.29353393, -333.04370889])
16, array([ -20.21551148,   12.9963479 , -182.22371857, -112.01327661,
         64.73218508, -350.57234958])
17, array([ -20.38364073,    0.49014396, -180.9838111 ,  -89.37958468,
         30.88460425, -367.09102317])
18, array([ -25.88484262,   -9.09844417, -176.02465335,  -79.45507304,
          9.49156899, -374.51701331])
19, array([ -35.10963785,  -15.5003584 , -168.69559579,  -88.43749411,
         -8.46090831, -372.04655768])
20, array([ -45.27382114,  -19.87738636, -160.84082205, -110.40352475,
        -31.16544452, -362.2909376 ])
21, array([ -52.65243871,  -24.29746438, -153.41345624, -133.27404938,
        -62.53230361, -345.74038222])
22, array([ -55.05152344,  -28.90480377, -147.58594935, -145.24136719,
       -100.97406944, -324.16117785])
23, array([ -51.80825182,  -30.40066598, -145.96020703, -139.62661404,
       -135.72145405, -304.29661707])
24, array([ -44.26256908,  -27.95287612, -149.47857054, -118.37342976,
       -155.22922266, -294.5382337 ])
25, array([ -34.54360589,  -22.97993871, -156.12446558,  -90.54613828,
       -150.30005269, -300.11816648])
26, array([ -23.31379311,  -18.49866836, -163.07278376,  -58.3482728 ,
       -127.20876614, -317.25778333])
27, array([ -11.89437609,  -17.30933284, -167.01793849,  -25.17140926,
       -101.59225218, -337.2164107 ])
28, array([  -1.2717658 ,  -20.17202664, -166.07246249,    5.92340688,
        -88.27803523, -349.47298152])
29, array([   7.31352143,  -26.57727825, -160.74066914,   33.92735489,
        -99.12299472, -341.70687849])
30, array([  16.70989926,  -31.81583464, -154.15297087,   63.95806996,
       -123.02240036, -318.98017739])
31, array([  26.55798486,  -32.33439844, -150.04157737,   93.55303819,
       -145.18633992, -293.40561191])
32, array([  35.82071715,  -28.24483795, -149.72006212,  118.54580686,
       -151.18033558, -277.67309765])
33, array([  42.84319092,  -21.31519046, -153.36509214,  136.10653953,
       -132.83482765, -278.56209995])
34, array([  45.5413145 ,  -13.17130101, -160.2210813 ,  141.28158784,
        -97.07722398, -295.4942607 ])
35, array([  40.2201797 ,   -4.94779387, -167.93525988,  126.78214823,
        -56.14391106, -321.35641536])
36, array([  28.9809256 ,    2.93191175, -175.47451962,   97.18029929,
        -19.45129956, -346.5021852 ])
37, array([  16.00616674,    9.55153235, -181.11078963,   62.9337609 ,
          6.86026191, -363.67084564])
38, array([   4.96226382,   15.29812224, -184.66025205,   33.72269871,
         23.95021182, -372.62591051])
39, array([  -2.02173426,   19.42588054, -186.25542187,   14.2324789 ,
         31.97070515, -375.89966015])
