0, array([ -13.49885575,   13.68132433, -186.25542187,   -6.30098871,
         -5.63251517, -371.54597846])
1, array([   2.07329041,   19.35283124, -183.44198719,   12.1681537 ,
         -3.46903462, -370.06220846])
2, array([  16.65279024,   27.2235487 , -178.66912526,   35.94107223,
         10.84510446, -366.19758657])
3, array([  32.79425317,   36.91881925, -171.60339886,   65.62114704,
         33.5611611 , -359.32807701])
4, array([  45.88835742,   46.60467429, -162.82254841,   93.84468433,
         65.43434695, -349.01715001])
5, array([  53.64070345,   55.63068815, -153.74702908,  112.2911354 ,
        104.72825534, -333.87327093])
6, array([  53.19634118,   62.14343297, -149.01121581,  112.34599112,
        142.97107647, -319.86863444])
7, array([  44.63022851,   63.54812109, -151.64628764,   96.53626465,
        167.57898047, -314.91050075])
8, array([  30.38603467,   59.19318632, -159.86389879,   70.01730831,
        162.36565473, -323.27483956])
9, array([  13.96635015,   54.24571767, -168.35966673,   39.22846808,
        139.92193196, -339.06050579])
10, array([  -1.66177811,   50.59853518, -174.88693685,    8.05279896,
        113.21735266, -356.90840524])
11, array([ -14.99936447,   48.85660596, -176.8539659 ,  -23.07826603,
         98.13784789, -367.13614165])
12, array([ -24.61629172,   50.12198641, -173.62260105,  -57.17924583,
        106.68647586, -358.18179251])
13, array([ -33.00851041,   51.0276943 , -171.01316342,  -98.39411875,
        120.19341079, -341.54061429])
14, array([ -38.98699181,   47.21830622, -172.13346515, -132.21499942,
        121.93652147, -328.11085769])
15, array([ -40.19713465,   37.32069464, -175.84811721, -145.24136719,
        102.76412329, -326.96393124])
16, array([ -36.58476254,   25.60037384, -180.23589754, -134.23465472,
         73.90581548, -336.90021973])
17, array([ -29.44382911,   13.93812751, -184.17745306, -100.91662461,
         43.75038804, -354.09332053])
18, array([ -24.39295255,    2.9038405 , -185.43137991,  -61.70858933,
         19.12551545, -370.04825036])
19, array([-2.56480174e+01, -6.41187190e+00, -1.81855255e+02, -4.39088215e+01,
        2.52235334e-01, -3.75899660e+02])
20, array([ -32.57019368,  -13.40147972, -174.52862842,  -53.72029429,
        -21.90077159, -373.94723103])
21, array([ -43.0560898 ,  -19.85571554, -165.07235674,  -81.57317912,
        -51.79941077, -362.19018123])
22, array([ -52.37020715,  -27.1846509 , -154.18001486, -110.95276707,
        -91.49693551, -340.34719874])
23, array([ -55.05152344,  -31.90757454, -147.120116  , -124.14748364,
       -130.42990118, -317.77084513])
24, array([ -48.74196453,  -31.3258272 , -147.96741149, -112.20491673,
       -153.13709334, -305.44562522])
25, array([ -36.04432919,  -28.09669417, -154.47636071,  -84.09653341,
       -153.31734954, -309.13644214])
26, array([ -20.58828741,  -25.40467828, -161.16951496,  -50.81110443,
       -137.35918906, -324.61727037])
27, array([  -5.65783487,  -24.5917625 , -164.2868724 ,  -19.25942489,
       -120.24667267, -340.52024208])
28, array([   6.13230949,  -27.39323751, -161.63949422,    7.08872459,
       -118.25399749, -344.27887258])
29, array([  16.92408824,  -32.3054699 , -153.9053766 ,   34.74161193,
       -137.33722419, -326.08970951])
30, array([  28.55220114,  -32.33439844, -147.53977265,   68.41574053,
       -155.22922266, -299.79400498])
31, array([  40.35532857,  -26.14346089, -145.96020703,  102.62991573,
       -154.44679936, -281.23803906])
32, array([  50.80555286,  -16.71117205, -149.47291674,  129.58320615,
       -132.14211066, -277.67309765])
33, array([  55.5649805 ,   -5.69721647, -156.64708448,  141.51322266,
        -95.68849174, -290.81118825])
34, array([  51.37454866,    4.45506041, -165.11843416,  132.47632489,
        -59.47530831, -313.35991949])
35, array([  37.34132676,   11.84837876, -173.32602613,  102.41463721,
        -32.36869248, -337.64448158])
36, array([  18.49222465,   16.90529549, -179.99006487,   61.68127829,
        -16.46868528, -354.9337197 ])
37, array([ 1.71842259e-01,  2.09459093e+01, -1.83590271e+02,  2.48594524e+01,
       -5.94626505e+00, -3.65060863e+02])
38, array([ -14.21951984,   23.61471799, -184.55221873,   -2.38870482,
          1.48831589, -370.51365559])
39, array([ -22.15557642,   24.84962895, -183.92546926,  -17.18660438,
          6.20421428, -371.97514203])
