0, array([  -3.18277695,   16.77831726, -181.74813244,   25.07535005,
         10.80636711, -362.92862792])
1, array([  -4.94139737,   15.3694115 , -185.51987586,    1.99189989,
          9.42899874, -371.6377004 ])
2, array([  -2.67972203,   14.76188553, -186.95198058,   -5.24032884,
          6.60558777, -375.37939151])
3, array([ 2.68192388e+00,  1.49549481e+01, -1.86367880e+02,  3.41964536e-01,
        3.43301698e+00, -3.74984517e+02])
4, array([  10.22321516,   15.94780788, -184.09100744,   15.70208072,
          1.00816915, -371.28389228])
5, array([  19.02382661,   17.73967365, -180.44479637,   37.80332041,
          0.42792703, -365.10833328])
6, array([  28.16343303,   20.32975412, -175.75268016,   63.60898428,
          2.78917341, -357.28865558])
7, array([  35.77861985,   23.37217974, -170.16756182,   92.56592183,
         11.38293637, -352.2454807 ])
8, array([  40.65852466,   29.01778587, -162.83380621,  112.70442805,
         27.09970967, -342.8582865 ])
9, array([  45.29481667,   33.51009223, -157.50369007,  131.26517089,
         48.21475206, -329.16140657])
10, array([  47.40838476,   41.83869442, -154.40908621,  132.96036747,
         73.41672926, -323.73735147])
11, array([  45.43846631,   47.32628067, -151.36987964,  121.73717337,
        101.68818943, -319.28896668])
12, array([  38.25679855,   52.82849591, -151.11102175,   93.86198233,
        131.41306316, -317.89780344])
13, array([  28.25016472,   58.09063702, -153.60287515,   63.02590887,
        144.68277895, -317.33711867])
14, array([  15.88681936,   63.63988906, -157.22617012,   28.51489474,
        153.53503492, -319.78658406])
15, array([   0.81066943,   62.24459757, -161.6458572 ,  -14.09578289,
        152.28087863, -326.19535094])
16, array([ -13.58457943,   54.57080313, -165.60180086,  -49.74050172,
        146.87350012, -333.67258392])
17, array([ -27.92364863,   48.99859868, -166.99595626,  -87.08039039,
        132.52639742, -337.88532271])
18, array([ -37.93231092,   38.78035263, -167.85847502, -114.77639506,
        101.82918863, -345.70129731])
19, array([ -47.99675806,   25.02320183, -165.18240407, -126.12281296,
         69.70387969, -353.87060434])
20, array([ -53.6013358 ,   11.48402315, -162.24030224, -140.38859012,
         33.21071128, -351.41675368])
21, array([ -51.84592544,   -1.15855059, -164.09403549, -127.2689986 ,
         -4.24290067, -344.2515484 ])
22, array([ -46.24116196,  -12.02948634, -165.92771644, -131.63718456,
        -39.35468638, -338.95914939])
23, array([ -41.11841704,  -21.57445263, -164.46842579, -120.96920938,
        -71.77335139, -327.8257621 ])
24, array([ -33.94032792,  -27.46258428, -163.89862487, -104.69336435,
        -96.47758679, -313.3242054 ])
25, array([ -27.47409619,  -30.77091872, -161.50001577,  -72.06101667,
       -131.60501858, -303.5873039 ])
26, array([ -17.64069228,  -33.90068971, -161.80450447,  -39.0391415 ,
       -139.10547914, -293.90696783])
27, array([  -7.17922268,  -32.76094746, -161.48426145,   -0.99091043,
       -144.00254928, -287.31800718])
28, array([   0.8756418 ,  -28.05079799, -163.59874712,   34.35657069,
       -137.49216359, -287.42817687])
29, array([   7.68486898,  -21.0553372 , -165.02624657,   53.8641283 ,
       -123.20302928, -293.38897096])
30, array([  14.02759752,  -13.53306955, -167.06649738,   77.37081788,
       -105.24111365, -306.02945802])
31, array([  16.42386694,   -7.96555963, -168.04573845,   90.91854908,
        -82.89075088, -321.53055752])
32, array([  23.37372342,   -1.09348778, -172.52045447,   84.86840863,
        -58.5836298 , -334.71301997])
33, array([  22.94811446,    3.0181217 , -178.50045442,   87.39200433,
        -35.19871749, -347.12660754])
34, array([  19.34903545,    7.118325  , -181.12804589,   60.29893267,
        -15.00740705, -359.29351794])
35, array([  15.27606937,   11.04639243, -182.88098359,   33.26080423,
          1.93665225, -369.28573582])
36, array([  11.84171715,   15.00644119, -183.67653915,   12.37022753,
         14.42728704, -376.12497458])
37, array([  10.1584797 ,   19.20258846, -183.43198421,    3.71981111,
         21.25832394, -378.83294766])
38, array([  11.33885795,   23.83895146, -182.06459039,   13.40216352,
         21.22358955, -376.43136847])
39, array([  16.49535281,   29.11964736, -179.49162931,   47.5098933 ,
         13.11691052, -367.94195043])
