0, array([ -16.24587796,   24.79372869, -186.25542187,  -46.88195177,
          3.362888  , -375.89966015])
1, array([  -5.62874595,   26.83318718, -182.72160543,  -16.64230131,
          9.45434216, -372.35479226])
2, array([   5.37750374,   29.41091697, -178.83344824,   14.12021411,
         18.06227473, -368.19884971])
3, array([  17.919424  ,   33.41227459, -173.88672628,   47.83118187,
         33.13506497, -362.358608  ])
4, array([  28.75708135,   38.26431589, -168.41005608,   76.93869923,
         52.12802736, -355.53405579])
5, array([  38.45090723,   43.68730123, -162.57770633,  102.95656926,
         73.75204869, -348.04887471])
6, array([  40.9865588 ,   49.20137066, -157.35209156,  110.76518844,
         97.60839411, -340.1180088 ])
7, array([  40.65911172,   54.59581284, -152.34893153,  110.93121302,
        121.38762488, -332.45570825])
8, array([  31.55634388,   59.05437405, -148.37789071,   87.2069162 ,
        142.11975316, -326.6696694 ])
9, array([  18.45743145,   62.03886239, -146.25656159,   53.2981269 ,
        157.54339903, -323.43127961])
10, array([   1.7010082 ,   63.54812109, -145.96020703,   10.07635071,
        167.57898047, -322.71157493])
11, array([ -15.8599049 ,   61.90635402, -148.86698391,  -37.46795755,
        166.28920022, -326.38414494])
12, array([ -33.02703211,   59.1021615 , -152.80930384,  -84.50531141,
        160.67228242, -331.58977669])
13, array([ -45.5470394 ,   53.28036244, -158.58451632, -118.94088774,
        143.07291163, -340.28815946])
14, array([ -53.5347903 ,   46.88823344, -164.08375693, -140.9556307 ,
        122.55695458, -348.84587475])
15, array([ -55.05152344,   39.37863706, -169.3944185 , -145.24136719,
         96.82530021, -357.54331485])
16, array([ -47.43638385,   31.59865992, -172.62245182, -124.21096923,
         69.93078902, -362.87852302])
17, array([ -35.84921109,   23.69907581, -174.93643144,  -92.20824176,
         42.53023022, -366.72294349])
18, array([ -15.56809457,   15.42178254, -174.19707267,  -40.85380712,
         14.41082176, -363.80609913])
19, array([   5.24307186,    7.0424172 , -172.46764176,   12.12521627,
        -14.10739013, -358.64253315])
20, array([  26.51701611,   -1.25819647, -168.44753741,   66.93760197,
        -42.47997896, -348.32843344])
21, array([  42.56407227,   -9.07620857, -163.3685703 ,  108.18395011,
        -69.09819878, -335.04941835])
22, array([  55.5649805 ,  -16.78609318, -157.44492512,  141.51322266,
        -95.27411303, -319.43097836])
23, array([  55.31612162,  -22.68280326, -152.12165259,  138.46742003,
       -116.35668998, -304.42258526])
24, array([  51.1736229 ,  -27.83868434, -147.66427977,  125.28873149,
       -135.08082546, -290.78119392])
25, array([  38.00132732,  -30.87215992, -146.32426837,   89.47464307,
       -146.71510376, -282.31492563])
26, array([  22.24178438,  -32.33439844, -147.03683403,   46.40512192,
       -153.52200981, -277.87671192])
27, array([   4.0723755 ,  -32.14931361, -149.8576766 ,   -3.44114363,
       -155.22922266, -277.67309765])
28, array([ -12.46203703,  -29.45426961, -154.84152976,  -50.13628045,
       -149.13768472, -283.72633917])
29, array([ -27.55145132,  -25.88400006, -160.30004054,  -93.41665028,
       -140.31109476, -291.63283888])
30, array([ -35.37379078,  -19.24914981, -166.17089586, -119.18073722,
       -122.20269726, -303.91191056])
31, array([ -38.89457239,  -11.81460624, -171.497756  , -133.68197083,
       -101.8240106 , -316.53113986])
32, array([ -36.00620552,   -3.18855175, -176.01408518, -131.40200528,
        -78.06268428, -329.65719036])
33, array([ -27.60155742,    4.61745417, -178.92637294, -114.98308408,
        -56.26194975, -340.86747679])
34, array([ -16.68297396,   12.26057604, -181.23235895,  -92.23990045,
        -34.77758187, -351.5336595 ])
