0, array([  10.25087596,   19.47409692, -185.56652731,    8.23066485,
         12.451825  , -375.89966015])
1, array([  20.97189992,   22.06682067, -183.5468433 ,   33.02096082,
         20.99094927, -373.29608668])
2, array([  31.73143122,   25.44331453, -180.6943072 ,   58.25518195,
         32.37319605, -368.75676702])
3, array([  42.99697296,   30.24053514, -176.36235561,   85.25440741,
         48.87346507, -360.8650198 ])
4, array([  50.46786204,   36.31695734, -170.83421975,  104.56466308,
         70.0909047 , -349.64813704])
5, array([  55.5649805 ,   42.71128214, -165.04193898,  118.34692325,
         92.54614749, -337.41912437])
6, array([  53.81189885,   49.32801877, -159.26904011,  114.16804693,
        116.10245027, -323.95125674])
7, array([  47.19401125,   55.07142109, -154.07485913,   97.67574885,
        136.83206705, -311.13974853])
8, array([  36.34893329,   59.94931671, -149.47556746,   70.47993722,
        154.72740732, -299.10940947])
9, array([  18.68361026,   62.39970012, -147.05343059,   27.58223366,
        163.35725129, -291.99677835])
10, array([-2.14955793e-01,  6.35481211e+01, -1.45960207e+02, -1.77451337e+01,
        1.67578980e+02, -2.87831536e+02])
11, array([ -20.00442796,   62.19403789, -147.5040326 ,  -64.10775852,
        163.6152805 , -289.50955948])
12, array([ -36.67223995,   58.66826452, -150.81894094, -103.16647758,
        152.17842552, -296.23869247])
13, array([ -51.03700733,   53.8863153 , -155.12177314, -136.78505972,
        136.47778005, -305.79941322])
14, array([ -55.05152344,   46.29471335, -161.0992167 , -145.24136719,
        112.28963813, -320.03458915])
15, array([ -53.64629684,   37.93854598, -166.88115699, -139.2658702 ,
         86.06143148, -333.94966083])
16, array([ -44.79854689,   28.70549769, -172.27091072, -113.51964381,
         57.57686858, -347.12824252])
17, array([ -27.19102214,   20.22756253, -175.46181818,  -66.09061563,
         30.01125412, -354.10608841])
18, array([  -7.6046357 ,   12.14287195, -177.69572665,  -13.3690365 ,
          3.1808561 , -357.83013567])
19, array([  13.45160142,    4.33094183, -178.1839018 ,   45.02403893,
        -23.62086031, -354.0486595 ])
20, array([  30.98235222,   -3.27774929, -177.29803535,   93.05464708,
        -50.79666113, -345.24517002])
21, array([  45.68633476,  -10.6219727 , -175.42919388,  132.83033949,
        -77.82569924, -332.93461096])
22, array([  49.58416412,  -17.19909855, -171.72701951,  141.51322266,
       -102.08554946, -316.39695533])
23, array([  48.36698808,  -23.06128801, -168.07769696,  136.77908199,
       -123.7035834 , -300.90306619])
24, array([  38.45557934,  -27.5477673 , -164.77108218,  109.54650382,
       -140.23192579, -288.0696496 ])
25, array([  23.32592866,  -30.43192305, -163.15588027,   68.85867806,
       -149.79188094, -281.1541085 ])
26, array([   6.14676618,  -32.33439844, -162.48300166,   22.79862955,
       -155.22922266, -277.67309765])
27, array([ -10.78808428,  -31.53324142, -163.90019765,  -23.46350006,
       -150.07110262, -282.65639824])
28, array([ -25.35245514,  -29.43747159, -166.19250622,  -64.19842382,
       -139.59538917, -291.47319377])
29, array([ -37.00115147,  -25.92308767, -169.4286091 ,  -98.01778125,
       -123.32503466, -304.4455253 ])
30, array([ -40.73535257,  -20.5958872 , -173.02452392, -110.88995249,
       -101.6904301 , -319.98887237])
31, array([ -41.04154495,  -14.59720739, -176.68544241, -114.85462899,
        -78.52605967, -335.97464474])
32, array([ -34.20054223,   -7.68702837, -180.16000624, -100.26009425,
        -54.47551165, -351.14943334])
33, array([ -25.10387278,   -1.59714685, -183.27760705,  -77.47998955,
        -34.1464338 , -363.1522861 ])
34, array([ -14.39878594,    4.14445623, -186.25542187,  -49.12072074,
        -15.58119186, -373.51769596])
