0, array([ -13.12526133,    8.28382098, -182.8857806 ,  -20.26523595,
         12.44635106, -376.8600631 ])
1, array([ -11.79816248,   13.16892184, -184.53637952,  -24.61001452,
        -17.52520486, -376.42277782])
2, array([  -7.37739611,   17.15079266, -184.51513439,  -17.80971904,
        -32.55942968, -374.39483801])
3, array([  -0.59750329,   20.44573239, -183.12049708,   -2.34356035,
        -35.00662688, -370.98400493])
4, array([   7.80697492,   23.27003999, -180.65091944,   19.30925074,
        -27.21709995, -366.39803987])
5, array([  17.10149744,   25.84001443, -177.40485334,   44.66950337,
        -11.54115237, -360.8447041 ])
6, array([  26.5515232 ,   28.37195467, -173.68075066,   71.25798674,
          9.67091239, -354.53175887])
7, array([  35.24310726,   31.63292247, -169.37666915,   97.13426337,
         30.39658142, -348.01655809])
8, array([  42.76707638,   34.46725062, -165.82180368,  115.54709374,
         53.78338222, -341.35867546])
9, array([  47.30670574,   40.73959453, -163.01433847,  134.16800043,
         76.40178104, -329.51009775])
10, array([  50.70727866,   43.5658491 , -161.3822111 ,  134.40450419,
        100.62802269, -319.92832221])
11, array([  47.38314809,   50.9116298 , -160.61101367,  120.46229272,
        127.65074427, -314.24937857])
12, array([  41.74675381,   53.54704899, -161.12653161,   98.16416193,
        143.57874673, -311.29369538])
13, array([  30.85946495,   58.30623093, -160.99719705,   65.39155229,
        154.6732534 , -312.28555875])
14, array([  18.57790379,   60.08614932, -163.22660633,   25.76138093,
        151.52134631, -313.87362168])
15, array([   4.2221501 ,   60.14202169, -164.54708621,  -14.40316215,
        145.11142376, -320.07776588])
16, array([ -11.41885975,   55.86304925, -167.10336037,  -49.16492547,
        126.65170193, -329.60973204])
17, array([ -26.56878317,   50.86186474, -168.29322216,  -87.85647905,
        105.2006609 , -336.26811554])
18, array([ -37.61929771,   45.06951199, -168.12982702, -112.73146653,
         70.22238149, -346.49766593])
19, array([ -45.87685559,   36.31356929, -167.51429414, -124.93646087,
         27.05753112, -350.25188945])
20, array([ -52.21623046,   26.91339628, -167.66610277, -133.14844061,
        -10.90338207, -348.99412928])
21, array([ -53.1366226 ,   15.71994693, -168.31526788, -124.70736874,
        -42.72630857, -339.13542803])
22, array([ -50.63775171,    3.34493398, -166.43507749, -123.63512059,
        -72.56881986, -329.22408117])
23, array([ -47.3598066 ,   -6.40029961, -165.17914269, -113.06898301,
        -96.4776759 , -318.08477887])
24, array([ -38.8604714 ,  -16.35285276, -162.86333524,  -92.47203587,
       -121.8464702 , -308.30786893])
25, array([ -29.19144204,  -21.70115223, -160.62296836,  -60.43329273,
       -135.67303986, -298.2655356 ])
26, array([ -20.4825374 ,  -25.79557125, -157.99219688,  -29.56486531,
       -133.06849746, -289.98390072])
27, array([  -7.62077273,  -25.20604656, -156.76837409,    4.4782698 ,
       -134.54865649, -288.01167839])
28, array([   5.24040536,  -24.40348066, -155.62186106,   40.12638735,
       -133.20614016, -288.9640882 ])
29, array([  14.85288137,  -20.94254455, -156.08575804,   68.79017045,
       -115.7060096 , -295.90589237])
30, array([  23.48862159,  -13.52653129, -157.96024424,   95.61404613,
       -101.19100852, -308.1325366 ])
31, array([  24.63281921,   -6.91019909, -161.37306251,  107.55305483,
        -82.89198344, -319.17615906])
32, array([  26.23577218,    0.96626863, -167.41730166,  103.95910672,
        -56.97283431, -332.35888335])
33, array([  29.12197834,    6.46301674, -173.00818818,   94.27762154,
        -31.43040628, -344.59839481])
34, array([  25.69826218,   11.23510364, -177.55046853,   66.90663885,
        -14.26246706, -355.55523572])
35, array([  20.45179248,   14.64999119, -181.35134697,   37.72803476,
         -1.07740949, -364.86989105])
36, array([  13.82019322,   16.31703326, -184.07513069,   11.44229044,
          7.19248297, -371.89887726])
37, array([   6.24108835,   15.84558372, -185.38612689,   -7.25011291,
          9.61492689, -375.99871084])
38, array([  -1.84789818,   12.84499642, -184.94864275,  -13.64869411,
          5.2576388 , -376.52590827])
39, array([ -10.00914241,    6.92462524, -182.42698547,   -3.05297197,
         -6.81166473, -372.836986  ])
