0, array([ -19.98475242,   17.84945386, -190.8573927 ,  -21.45405448,
         -2.25963085, -379.84356411])
1, array([  -0.61060119,   20.75361095, -182.39923503,   15.96156414,
         25.47046285, -372.58684144])
2, array([  16.12343946,   25.61262617, -175.18223654,   48.86557229,
         52.04616288, -363.98259347])
3, array([  29.83228433,   31.76283449, -169.24274038,   76.33761128,
         76.82470349, -354.80520755])
4, array([  40.13084825,   38.5405709 , -164.6170897 ,   97.45732243,
         99.1633189 , -345.82907104])
5, array([  46.63404603,   45.28217037, -161.34162766,  111.30434705,
        118.41924334, -337.8285713 ])
6, array([  48.95679248,   51.32396787, -159.45269742,  116.95832646,
        133.94971106, -331.57809567])
7, array([  45.04798957,   53.59851464, -159.53290635,  112.39962078,
        144.85263363, -331.81578848])
8, array([  34.93683996,   55.9665535 , -161.71293239,   92.72361799,
        150.2628347 , -335.11211374])
9, array([  21.1195708 ,   56.32016863, -163.80410471,   61.73556654,
        147.1044544 , -334.10698195])
10, array([   2.20638886,   55.42405248, -166.78017526,   24.00607613,
        141.69715053, -338.20663811])
11, array([ -15.28611314,   51.66361594, -168.17248091,  -16.03821503,
        135.26783954, -343.9579305 ])
12, array([ -26.56819605,   47.89120783, -169.95664573,  -53.41827847,
        129.20578939, -346.96981558])
13, array([ -34.10690215,   44.30892699, -172.31026786,  -87.68261979,
        124.63233783, -347.14061528])
14, array([ -35.6379632 ,   37.91943038, -174.06961908, -107.18868477,
        113.59496146, -345.09569302])
15, array([ -34.88876147,   31.7240755 , -174.06016221, -109.41410708,
         98.29587086, -347.48959094])
16, array([ -33.40101855,   23.72291338, -173.64063812, -102.61507762,
         81.76394058, -348.92868745])
17, array([ -31.86931459,   14.41386352, -173.82604391, -104.66619519,
         57.41419626, -353.77204529])
18, array([ -32.61093733,    4.34354877, -172.84115423,  -97.95223747,
         27.2927683 , -355.75604971])
19, array([ -36.39543548,   -5.02939818, -170.87327721,  -93.56376992,
        -10.09320166, -356.07004595])
20, array([ -37.65113874,  -11.69788177, -168.06519736,  -92.77686767,
        -43.40111067, -351.9862366 ])
21, array([ -43.56113255,  -16.1861059 , -163.62410262,  -95.87933735,
        -73.00393885, -340.42834424])
22, array([ -46.69649172,  -20.1498771 , -160.32551983,  -94.05814785,
        -96.96128792, -334.64346381])
23, array([ -46.5780553 ,  -21.00660586, -158.98978622,  -92.67610732,
       -107.3374126 , -331.13295109])
24, array([ -41.75737697,  -20.76351885, -159.30188097,  -87.57485116,
       -116.57441964, -323.30823285])
25, array([ -36.02193488,  -22.24549515, -160.91652566,  -72.45248394,
       -119.13134408, -321.86425705])
26, array([ -24.01940756,  -24.2218292 , -161.46230664,  -41.44398843,
       -127.45032294, -324.02052162])
27, array([ -12.20468988,  -26.14612374, -159.74288424,   -7.90203233,
       -133.33277456, -327.06583374])
28, array([-2.52209282e-01, -2.81359383e+01, -1.58297929e+02,  2.47833190e+01,
       -1.28649244e+02, -3.22706539e+02])
29, array([  11.61443798,  -28.89864465, -157.36951638,   54.86108292,
       -127.12721592, -317.13946825])
30, array([  20.40209187,  -30.07876261, -156.08797697,   85.27006143,
       -122.7725674 , -307.4418658 ])
31, array([  26.98699158,  -27.39841298, -155.60249326,  104.53809632,
       -124.48074163, -301.60931827])
32, array([  33.4478219 ,  -23.88656605, -156.71407741,  111.8684833 ,
       -113.98305754, -298.72762781])
33, array([  33.08559204,  -18.17298905, -159.55769365,  111.75772946,
       -101.60299236, -300.23336904])
34, array([  33.87837238,   -9.58204397, -165.36216438,  104.95201457,
        -81.00141031, -308.97925561])
35, array([  31.63200823,   -0.72322178, -171.49586334,   92.56377164,
        -57.99865169, -321.01479596])
36, array([  25.68783303,    7.55936486, -177.24360651,   75.44591762,
        -33.8756103 , -335.62938962])
37, array([  15.38718021,   14.42160329, -181.89020986,   54.45136949,
         -9.91317992, -352.11243614])
38, array([ 7.13832055e-02,  1.90193809e+01, -1.84720489e+02,  3.04330442e+01,
        1.26077456e+01, -3.69753335e+02])
39, array([ -20.91822456,   20.50858489, -185.01926101,    4.2438588 ,
         32.4062726 , -387.84148588])
