0, array([  -7.1896766 ,   22.11468567, -186.25542187,  -28.89169756,
          9.04765654, -375.89966015])
1, array([ 4.10856037e+00,  2.42604828e+01, -1.83205372e+02, -1.53222988e-01,
        1.63125412e+01, -3.72327571e+02])
2, array([  15.12867818,   27.16237563, -179.55507569,   28.35317325,
         26.41551464, -367.46156112])
3, array([  26.097544  ,   32.02416882, -174.27426013,   57.88664051,
         43.83144559, -359.24708076])
4, array([  33.24793522,   37.91533988, -168.28295386,   77.54160302,
         65.28798436, -349.44276905])
5, array([  37.83552272,   44.49738718, -161.81479531,   90.56651786,
         89.45641356, -338.57142768])
6, array([  34.00837924,   50.81370971, -155.87122259,   81.20570215,
        113.07489968, -328.19190774])
7, array([  27.44905441,   56.76595651, -150.41731445,   64.98772105,
        135.60776136, -318.52718438])
8, array([  13.66383485,   60.87960765, -147.17497745,   31.16470514,
        152.19912123, -312.3355302 ])
9, array([  -2.18001251,   63.13267626, -145.96020703,   -7.52726962,
        162.85035307, -309.26095924])
10, array([ -19.76133125,   63.54812109, -146.72797573,  -50.30896073,
        167.57898047, -309.25371688])
11, array([ -34.29755493,   60.3075573 , -150.31351541,  -87.20246454,
        160.56655379, -314.0924566 ])
12, array([ -47.22392457,   55.83456619, -154.81850717, -120.52406546,
        149.39400569, -320.69269966])
13, array([ -53.56719852,   48.83005801, -161.04837135, -137.41885467,
        128.44475671, -331.789781  ])
14, array([ -55.05152344,   41.24947362, -166.83327348, -141.266998  ,
        105.40541329, -342.79555797])
15, array([ -49.30825779,   32.49409523, -172.18781874, -125.70288326,
         78.28669284, -354.11543482])
16, array([ -34.9122667 ,   23.83865262, -175.40032232,  -87.99583985,
         50.7456954 , -360.70581916])
17, array([ -16.78829449,   15.22893098, -177.66200682,  -40.7457185 ,
         23.02468145, -365.19897413])
18, array([   5.14515556,    7.1278579 , -175.49159493,   16.59172444,
         -4.21713188, -360.17084635])
19, array([  25.56545699,   -0.99652837, -172.26363237,   69.73611685,
        -31.90874641, -352.69007899])
20, array([  41.5992681 ,   -8.86445125, -166.6418907 ,  110.85737052,
        -59.60788938, -339.65752298])
21, array([  50.75109432,  -15.78574188, -160.77760023,  132.41277396,
        -84.94204554, -325.32325483])
22, array([  55.5649805 ,  -22.26505064, -154.59138405,  141.51322266,
       -109.39173388, -309.72953189])
23, array([  50.48949296,  -26.86351932, -150.36616459,  124.52885725,
       -128.27898783, -296.87514066])
24, array([  42.48622606,  -30.67377494, -147.0736876 ,  100.08708658,
       -144.44060474, -285.66604892])
25, array([  27.7398546 ,  -32.23184467, -146.54211078,   58.92546141,
       -152.35570694, -279.72779815])
26, array([  11.22811679,  -32.33439844, -147.77022629,   12.7823176 ,
       -155.22922266, -277.67309765])
27, array([  -6.83201794,  -30.93181189, -150.79550307,  -37.73759234,
       -152.84730927, -279.66402582])
28, array([ -22.17533097,  -27.29270741, -155.76940712,  -80.86830978,
       -142.73383458, -287.34722422])
29, array([ -35.80092846,  -22.96766493, -161.21034359, -119.39313411,
       -130.2388374 , -296.65943988])
30, array([ -41.83671255,  -16.60198499, -167.48385574, -138.14745564,
       -111.01262622, -309.77444005])
31, array([ -43.33844777,   -9.85587749, -173.18410288, -145.24136719,
        -90.88223367, -322.64465801])
32, array([ -38.08463228,   -2.54294821, -178.03020816, -134.96173616,
        -69.4046472 , -335.15016033])
33, array([ -28.04940845,    3.95796812, -180.8944588 , -111.39414819,
        -50.72678871, -344.91007402])
34, array([ -15.77111955,   10.26899116, -182.99251096,  -81.6934936 ,
        -32.79065855, -353.74337628])
