0, array([  25.9404851 ,   26.41907453, -179.06152107,   32.96300302,
         17.35806354, -370.65177696])
1, array([  36.84160294,   29.54374823, -175.91394612,   61.58504885,
         30.40769672, -364.03871289])
2, array([  46.70652353,   33.05756315, -172.47085177,   87.64231176,
         45.03910826, -356.60179741])
3, array([  52.72374355,   37.89402368, -168.03645113,  104.14800039,
         65.04089353, -346.36466991])
4, array([  55.5649805 ,   43.15625724, -163.23344763,  111.92256037,
         86.65582908, -334.91769075])
5, array([  53.81319332,   48.89797752, -158.02131229,  107.07126591,
        110.04691645, -322.02357982])
6, array([  45.77124482,   54.21620248, -153.34248536,   86.01491132,
        130.92262112, -310.32039533])
7, array([  34.08809028,   59.28927735, -148.97237643,   55.57788104,
        150.34223806, -299.30660627])
8, array([  15.52857316,   61.73685416, -147.1771485 ,   11.83488279,
        160.08283534, -294.25105871])
9, array([  -4.5282474 ,   63.54812109, -145.96020703,  -34.87614855,
        167.57898047, -290.56165372])
10, array([ -22.35793612,   61.29246681, -147.62748495,  -75.59316202,
        161.73178293, -294.42742499])
11, array([ -38.33743148,   58.3032898 , -150.05332845, -111.64148242,
        153.23512209, -300.32292392])
12, array([ -49.23044206,   53.29753896, -154.56459341, -134.85480069,
        137.45465145, -311.79847638])
13, array([ -54.91868945,   47.37477768, -159.42507434, -145.24136719,
        118.34757304, -324.90109943])
14, array([ -55.05152344,   40.22165022, -164.84873918, -141.80509523,
         94.86355312, -340.28101449])
15, array([ -46.61850818,   32.56807844, -169.68612825, -115.64995108,
         69.31895497, -353.20987754])
16, array([ -34.21568029,   24.68257749, -174.25180989,  -78.96582571,
         42.81938908, -365.00280917])
17, array([ -14.32925416,   16.90442604, -177.3374159 ,  -23.80650672,
         16.55805622, -368.29811931])
18, array([   5.81023264,    9.25491177, -179.9122783 ,   31.70709121,
         -9.26983821, -369.47149933])
19, array([  24.26043693,    1.33944464, -179.86154396,   81.64245122,
        -35.88171126, -360.42519498])
20, array([  39.15497202,   -6.41602554, -179.12214724,  121.95722739,
        -62.21009939, -348.54232808])
21, array([  46.3772744 ,  -13.82626283, -176.8967917 ,  141.51322266,
        -87.92679894, -330.53887828])
22, array([  45.97138619,  -20.10619855, -174.51240937,  141.35116599,
       -110.19074924, -313.45813444])
23, array([  38.66177509,  -25.57123108, -171.90613712,  123.37283949,
       -130.0664909 , -296.65034581])
24, array([  25.64558812,  -29.23224597, -170.49843469,   92.73949146,
       -143.47929312, -286.03540664])
25, array([  10.55365152,  -32.23705495, -169.52670837,   57.50291782,
       -154.54122078, -277.67309765])
26, array([  -4.02460501,  -32.33439844, -170.18172829,   21.49233343,
       -155.22922266, -278.28066445])
27, array([ -17.8061152 ,  -31.74861669, -171.12483577,  -13.1198202 ,
       -153.56928931, -280.71428164])
28, array([ -28.86688328,  -28.14867934, -173.30068441,  -43.64556662,
       -141.70085169, -290.95292032])
29, array([ -37.56824128,  -23.71485078, -175.60164034,  -68.93696756,
       -127.05737139, -303.34293139])
30, array([ -42.19373276,  -17.8404802 , -178.11871835,  -85.18606857,
       -107.62002175, -319.44942517])
31, array([ -41.893657  ,  -11.40876751, -180.45653262,  -89.02799132,
        -86.70174733, -335.52719371])
32, array([ -38.14109421,   -4.69483254, -182.62888617,  -84.09539881,
        -65.09846339, -351.31229357])
33, array([ -29.25618205,    1.42777528, -184.49035774,  -66.76384741,
        -45.81996115, -364.0634798 ])
34, array([ -18.96871982,    7.35468657, -186.25542187,  -46.02423096,
        -27.28796491, -375.89966015])
