0, array([  -1.31283977,   36.6424547 , -182.04205303,   -1.32892323,
         28.41476689, -374.61248841])
1, array([  -2.45198628,   40.04824704, -180.94837434,    1.01050575,
         37.31491932, -373.28332118])
2, array([  -3.21020787,   39.35194602, -180.89306315,   -2.00264277,
         35.49505878, -373.95186718])
3, array([  -1.4026433 ,   36.39764026, -181.06429276,   -1.34681874,
         26.72797722, -374.53728434])
4, array([   5.57762788,   33.18964744, -180.54569237,   13.43540607,
         15.01114501, -372.66135373])
5, array([  14.49898341,   32.16006836, -178.56755498,   36.99191255,
         11.43725513, -368.99703492])
6, array([  24.51513696,   32.4503863 , -175.72740288,   63.75504794,
         14.060044  , -363.99414268])
7, array([  34.89645533,   34.11088461, -172.34906167,   91.30188187,
         23.03766893, -358.04916241])
8, array([  44.7209388 ,   37.31477817, -168.85598393,  116.55096743,
         38.97492912, -351.65198375])
9, array([  52.21559632,   42.85679327, -165.37311658,  134.63721797,
         63.58671004, -344.70435948])
10, array([  55.5649805 ,   49.4108943 , -162.48881787,  141.51322266,
         92.52582516, -337.74251777])
11, array([  54.22584341,   56.15479226, -160.61718009,  135.6103806 ,
        123.1902797 , -331.49083984])
12, array([  47.01078673,   61.65329525, -160.58603279,  113.36084928,
        151.15724355, -327.39308266])
13, array([  34.44672602,   63.54812109, -163.11485098,   77.21041033,
        165.58165572, -327.85142922])
14, array([  19.85495946,   62.61797361, -166.25240639,   36.66280711,
        167.57898047, -330.91736212])
15, array([   4.2888058 ,   59.21352647, -169.66016239,   -5.11895335,
        158.58029236, -336.16204599])
16, array([ -11.63593514,   53.45507767, -173.33829172,  -45.55417467,
        139.9801415 , -343.73157631])
17, array([ -25.60047847,   45.35544294, -175.65334221,  -79.37427573,
        115.53012338, -351.43937018])
18, array([ -37.30414602,   36.18507847, -176.9982029 , -106.96683741,
         87.31066365, -357.52760405])
19, array([ -46.52237098,   26.29425781, -177.37921474, -128.16435491,
         56.01826057, -361.36638461])
20, array([ -52.55474184,   16.03113394, -176.49426507, -141.84522186,
         22.63336381, -361.82467658])
21, array([ -54.69194823,    6.02202491, -172.90434729, -145.24136719,
        -10.44991532, -355.92022942])
22, array([ -55.05152344,   -3.33999185, -168.37241764, -143.13725322,
        -41.93533276, -345.41984334])
23, array([ -53.70058151,  -11.9953706 , -163.26218874, -135.78758705,
        -71.61965966, -331.01006929])
24, array([ -48.24833261,  -20.19015366, -157.10784931, -118.36688773,
       -100.25854472, -313.98609009])
25, array([ -39.73393771,  -26.37668099, -152.30783431,  -90.72967673,
       -125.37303247, -298.96012985])
26, array([ -28.84331685,  -30.54314118, -148.51895202,  -54.9412018 ,
       -144.58804138, -286.45571304])
27, array([ -15.97749583,  -32.33439844, -145.96020703,  -12.69620591,
       -155.22922266, -277.75072384])
28, array([  -1.77404524,  -30.95152882, -146.04631927,   30.15700098,
       -149.95179022, -277.67309765])
29, array([  11.09532094,  -27.63069918, -148.40512337,   67.96983663,
       -134.8923546 , -283.78403737])
30, array([  22.23141557,  -22.83860704, -152.38605701,   99.61077809,
       -113.70400731, -294.14944345])
31, array([  31.12832225,  -16.80137928, -157.70527047,  123.65876297,
        -88.07675219, -307.92572464])
32, array([  34.90023718,  -10.20275473, -163.99702447,  132.70575246,
        -59.76473654, -324.30680131])
33, array([  35.04843559,   -4.44607504, -169.76846164,  131.99031059,
        -34.29055739, -339.46172463])
34, array([  32.33435517,    0.53842537, -175.12867669,  123.33189847,
        -12.47723862, -352.83274652])
35, array([  27.26015734,    4.67944904, -179.99821496,  107.91603009,
          4.70012332, -363.80066909])
36, array([  21.56217013,    6.96669157, -182.29303786,   89.08616633,
         13.65741977, -370.25507205])
37, array([  16.2625736 ,    8.79592569, -184.31571639,   72.02787002,
         18.27078133, -374.15689104])
38, array([  11.78923811,   10.19308216, -185.73965927,   58.16532864,
         20.07515334, -375.89966015])
39, array([   8.54919516,   11.16410782, -186.25542187,   48.8706645 ,
         20.30656531, -375.74440815])
