0, array([  -9.92386374,   26.91512145, -184.48050609,    3.05401597,
          8.33879921, -377.57344629])
1, array([  10.46997804,   26.23033145, -180.2380801 ,   41.45766935,
         13.86909418, -371.15417993])
2, array([  27.19380688,   27.87535648, -175.56262324,   73.48746069,
         26.06843247, -363.22697472])
3, array([  40.05980971,   31.31775267, -170.66597072,   98.29912811,
         43.28067107, -354.28280057])
4, array([  48.88017345,   36.02507618, -165.75995774,  115.04840973,
         63.84966695, -344.81262739])
5, array([  53.46708501,   41.46488313, -161.05641949,  122.89104367,
         86.11927708, -335.30742508])
6, array([  53.63273133,   47.10472966, -156.76719118,  120.98276804,
        108.43335845, -326.25816356])
7, array([  47.56154631,   51.89180383, -153.46452111,  106.33039243,
        127.23078762, -316.66775057])
8, array([  32.99848077,   56.28348185, -149.2267026 ,   70.82349899,
        143.1375622 , -309.90240453])
9, array([  17.22627912,   59.03736298, -148.21206259,   28.24902231,
        156.75844189, -307.94798659])
10, array([  -0.78039745,   59.45124593, -148.79608155,  -19.82772261,
        161.13728638, -309.17398843])
11, array([ -15.94529124,   59.47176819, -151.0108689 ,  -57.79970912,
        153.15884605, -313.45808047])
12, array([ -28.80164499,   56.82333331, -153.27674894,  -95.48059104,
        145.43583821, -319.42727756])
13, array([ -36.23557331,   50.49416734, -155.90007092, -120.44516863,
        132.21144815, -326.08624058])
14, array([ -39.37651063,   44.08713077, -160.97262347, -131.20987652,
        111.7529226 , -337.39102622])
15, array([ -39.9143268 ,   36.40561494, -165.25174292, -113.52521426,
         87.42523725, -348.73504996])
16, array([ -34.64990426,   28.19904031, -167.8909904 ,  -92.68608131,
         56.39874542, -353.13995284])
17, array([ -26.73906887,   18.96581226, -171.03838303,  -57.99062489,
         24.39266554, -355.45835933])
18, array([  -7.98614678,    8.92244847, -172.85873181,  -16.08044962,
         -6.25158956, -354.26994369])
19, array([ 5.76082934e+00, -1.42904688e-01, -1.72410421e+02,  2.12522206e+01,
       -3.51135519e+01, -3.46775622e+02])
20, array([  15.71729117,   -8.17794329, -170.28413894,   51.47886218,
        -67.58049236, -337.34440805])
21, array([  21.26134986,  -15.41129826, -168.46275623,   87.82177199,
        -92.80726005, -326.99213574])
22, array([  24.82130211,  -22.11049034, -164.09850407,  106.13339046,
       -116.97109945, -314.86304751])
23, array([  22.68018249,  -24.88226844, -161.67315505,  119.97014461,
       -133.06661629, -301.98958535])
24, array([  16.13845084,  -29.66813147, -158.0202815 ,  111.81056409,
       -144.36534361, -290.55467816])
25, array([   8.24588856,  -31.66001607, -155.87370547,   80.91951696,
       -149.30476835, -280.87294035])
26, array([  -4.82060074,  -28.67738702, -156.02595528,   39.74611501,
       -147.35583734, -280.84122167])
27, array([ -19.55035192,  -26.5070713 , -156.76915126,    7.09670336,
       -148.89923483, -281.96142084])
28, array([ -30.99226384,  -21.69681457, -159.17752047,  -33.36780332,
       -146.20051777, -288.85173042])
29, array([ -34.74722714,  -16.42261979, -163.82717468,  -69.30817275,
       -135.95648033, -300.32245275])
30, array([ -36.30276787,  -11.08892999, -169.08720447,  -94.87947721,
       -121.4198619 , -314.03489726])
31, array([ -36.08640595,   -6.24475989, -174.49112249, -105.06551107,
       -102.82540655, -329.02145338])
32, array([ -34.5256613 ,   -2.43912419, -179.57244137,  -94.85006873,
        -80.40785836, -344.31451051])
33, array([-3.20480538e+01, -2.21037616e-01, -1.83864674e+02, -5.92169446e+01,
       -5.44019614e+01, -3.58946458e+02])
34, array([-2.90811035e+01, -1.39514882e-01, -1.86901332e+02,  6.85006701e+00,
       -2.50424598e+01, -3.71949685e+02])
