0, array([ -10.63308989,   11.69150503, -186.25542187,  -28.60195098,
        -20.32142747, -375.89966015])
1, array([ 3.18195742e-01,  1.28126171e+01, -1.84008553e+02, -1.84952982e+00,
       -1.65487114e+01, -3.73223160e+02])
2, array([  11.43997028,   14.58400344, -181.46953374,   25.80782295,
        -10.40469191, -370.24719997])
3, array([  23.58358818,   18.00085592, -178.09467403,   57.15072509,
          1.72223652, -366.39380388])
4, array([  35.07479984,   22.87546418, -174.03425233,   87.41371207,
         19.40100514, -360.89764084])
5, array([  46.12814313,   28.72845839, -169.51370952,  116.95190426,
         40.80594145, -354.2989199 ])
6, array([  52.22719088,   36.52000024, -163.84048379,  133.02732012,
         69.3821545 , -344.61977194])
7, array([  55.5649805 ,   44.5595875 , -158.04318232,  141.51322266,
         98.88898118, -334.28111636])
8, array([  49.32514978,   52.19561584, -152.65841809,  123.65842142,
        126.97434772, -323.30058168])
9, array([  37.42154757,   58.18549613, -148.62340533,   91.65779144,
        148.69157352, -314.22836414])
10, array([  20.22667731,   62.4850817 , -145.96020703,   46.47831316,
        163.89333952, -307.14996991])
11, array([   0.55089435,   63.54812109, -146.12661099,   -4.79156508,
        167.57898047, -305.64161137])
12, array([ -19.29582817,   63.34539283, -147.37202795,  -56.31451606,
        166.8011788 , -306.34528865])
13, array([ -35.67608392,   59.51573101, -151.58698379,  -97.97770431,
        153.46824531, -313.59784041])
14, array([ -48.08670989,   54.57832092, -156.13609994, -128.97430229,
        136.34239733, -322.15631726])
15, array([ -55.05152344,   47.77693555, -161.37289575, -145.24136719,
        112.8252986 , -333.02443892])
16, array([ -52.88672954,   39.3260874 , -166.42746998, -135.91642729,
         82.86302369, -341.82874492])
17, array([ -46.76342504,   30.15799597, -171.39134305, -115.49355599,
         50.11022541, -349.70198582])
18, array([ -33.37745978,   19.55945454, -174.71335195,  -74.58523279,
         13.17811912, -351.401613  ])
19, array([ -19.63166595,    8.67709393, -176.93139027,  -32.68704194,
        -24.35283503, -349.75799868])
20, array([  -5.55704228,   -2.46309177, -176.43601769,    9.95890916,
        -61.86833806, -340.21818601])
21, array([   3.84809376,  -11.9935404 , -174.25672077,   38.15472773,
        -93.10216821, -326.97659299])
22, array([  10.39720901,  -20.71122575, -170.89526401,   57.48750216,
       -121.0015998 , -310.90535425])
23, array([   7.39650429,  -26.35240342, -167.26096191,   47.63201853,
       -137.88585412, -296.72924628])
24, array([   1.8245039 ,  -30.86486232, -163.95847375,   30.57703337,
       -151.1594386 , -284.43403056])
25, array([  -9.316283  ,  -32.33439844, -162.09544812,   -0.97945259,
       -155.22922266, -278.69487332])
26, array([ -21.62797788,  -32.13108678, -161.46276461,  -35.99043022,
       -153.68212247, -277.67309765])
27, array([ -34.94401436,  -30.20324409, -162.11146679,  -73.98633895,
       -146.35900397, -281.5410233 ])
28, array([ -44.67612841,  -25.92080197, -164.85816626, -101.90551549,
       -131.65645308, -291.96962903])
29, array([ -52.55829817,  -20.94402413, -168.11885023, -124.79518532,
       -114.82813335, -304.19304054])
30, array([ -52.62488457,  -14.00874331, -171.93707911, -127.45502656,
        -92.12569433, -320.27422056])
31, array([ -49.2819961 ,   -6.9682742 , -175.66100147, -120.7957358 ,
        -69.8057745 , -335.61247927])
32, array([-4.08591270e+01,  2.28921246e-01, -1.79244411e+02, -1.00251313e+02,
       -4.80557929e+01, -3.49843815e+02])
33, array([ -30.29032322,    6.17923609, -181.87645645,  -73.34518125,
        -30.66968068, -360.33761022])
34, array([ -18.57360507,   11.74408225, -184.16996714,  -43.13905067,
        -14.7127124 , -369.50500697])
