0, array([   5.47311395,   21.8220966 , -184.10459473,    4.75594328,
          6.08802739, -374.53300717])
1, array([  17.12371457,   24.36665968, -181.1738267 ,   34.1899804 ,
         14.95565722, -370.70706651])
2, array([  28.525972  ,   27.6298433 , -177.66321665,   63.44610989,
         26.59787248, -365.6781514 ])
3, array([  39.47021037,   32.36226619, -173.02969842,   92.31735039,
         43.80987696, -358.44411995])
4, array([  47.09137315,   37.91813757, -167.98216937,  113.18991484,
         64.57342691, -349.67046072])
5, array([  51.55868083,   43.91737778, -162.7683967 ,  125.80385551,
         87.42726697, -339.95640981])
6, array([  50.35094232,   49.99522697, -157.73308678,  123.43984041,
        111.04175816, -329.6680555 ])
7, array([  44.25779832,   55.48987183, -153.27406489,  107.63784434,
        132.88402651, -319.94887786])
8, array([  32.32597738,   59.65796875, -150.11503227,   76.57492248,
        150.07805882, -312.17197137])
9, array([  16.0708959 ,   62.13869103, -148.496481  ,   34.59672732,
        161.02502257, -307.25862086])
10, array([  -2.08570925,   62.58905358, -148.66358737,  -11.92510476,
        164.57553298, -306.11080849])
11, array([ -19.7317402 ,   60.53411882, -150.97757082,  -56.80266525,
        159.34183776, -309.37401787])
12, array([ -35.05187515,   56.7862158 , -154.57538167,  -95.52131717,
        148.09271012, -315.79602368])
13, array([ -45.32733065,   51.12138333, -159.30621852, -121.03457613,
        130.06851897, -325.24521746])
14, array([ -50.01250307,   44.15007127, -164.31158646, -131.70176089,
        107.8034188 , -336.17346775])
15, array([ -48.04890145,   36.09348188, -168.99157074, -124.62075466,
         82.07359226, -346.8985665 ])
16, array([ -40.20714695,   27.45405269, -172.79931299, -101.68802436,
         54.37889489, -355.72430514])
17, array([ -26.71324542,   18.67797048, -175.29616024,  -63.42713504,
         25.71817682, -360.59311908])
18, array([ -10.46726718,   10.05465701, -176.15499897,  -18.35385462,
         -2.84474132, -360.72685874])
19, array([   6.59564964,    1.5158641 , -175.13798524,   28.69506013,
        -31.71790169, -355.2056453 ])
20, array([  21.18613721,   -6.72750109, -172.56763853,   68.88298761,
        -60.04079264, -344.99303136])
21, array([  30.79724192,  -14.26314204, -168.64332239,   95.16771886,
        -86.61114894, -330.97638703])
22, array([  34.4080679 ,  -20.91367625, -163.92981544,  104.39089498,
       -110.76463867, -314.89070447])
23, array([  30.712517  ,  -26.03380591, -159.59569596,   93.29647484,
       -129.82898613, -299.98200489])
24, array([  22.42060615,  -29.81321759, -156.16364546,   69.81210964,
       -144.25094549, -287.8015536 ])
25, array([   9.59019929,  -31.65691901, -154.58457452,   33.97296627,
       -151.81034773, -280.85571685])
26, array([  -4.51949744,  -31.69241762, -154.79094795,   -5.5821829 ,
       -152.86039534, -279.1784711 ])
27, array([ -18.45524407,  -29.95665826, -156.73837017,  -44.74282439,
       -147.56961441, -282.67914087])
28, array([ -29.70272614,  -26.31639937, -160.2166867 ,  -77.56879679,
       -135.51315875, -291.53026697])
29, array([ -37.47772279,  -21.3189934 , -164.60753077, -101.2657839 ,
       -118.89961229, -303.71020094])
30, array([ -39.60805817,  -14.96700662, -169.51531994, -110.3348106 ,
        -98.09468483, -318.44937518])
31, array([ -37.71970825,   -8.07849534, -174.40048905, -108.54602615,
        -75.91378774, -333.62943015])
32, array([ -31.3176041 ,   -1.18853326, -178.7397571 ,  -94.21211336,
        -54.42832467, -347.65316909])
33, array([ -22.41032708,    4.89365249, -182.07418127,  -72.4917577 ,
        -36.05178291, -358.8764366 ])
34, array([ -12.55799935,   10.47674166, -184.84339287,  -47.8406529 ,
        -19.58399792, -368.47530278])
