0, array([  -9.79513854,   19.80365857, -184.93821561,   -1.96615597,
          7.69909318, -372.15769573])
1, array([  -4.84231549,   21.02337663, -184.33550122,    6.89903506,
          9.58317032, -371.74494466])
2, array([   6.08362893,   24.30495092, -182.69081252,   27.84153603,
         15.26898999, -370.22385924])
3, array([  21.50400569,   31.66463785, -177.27978237,   61.27785332,
         34.62263955, -363.32716214])
4, array([  37.60126417,   41.56202911, -169.163495  ,   97.11690691,
         65.36953992, -351.10821171])
5, array([  50.23760021,   52.29058633, -160.3768582 ,  124.80131051,
        105.07675782, -335.12932899])
6, array([  54.44646624,   60.15455276, -154.6588705 ,  132.44401927,
        142.51997439, -321.98426713])
7, array([  49.12215346,   62.34914994, -154.71910104,  118.17390999,
        162.90868139, -318.52328816])
8, array([  37.2310299 ,   59.79822899, -159.50102579,   89.63403477,
        161.082043  , -326.02799649])
9, array([  21.6868799 ,   55.2865524 , -166.26871847,   53.9270363 ,
        144.60806719, -340.63201557])
10, array([   5.36666928,   51.25288047, -171.64756479,   16.38515716,
        125.78413859, -355.09751241])
11, array([  -9.7525549 ,   49.22415037, -173.44993867,  -21.08605079,
        116.41275092, -360.65736491])
12, array([ -22.48424423,   49.33515098, -171.82047863,  -61.62463871,
        119.31114519, -354.2391719 ])
13, array([ -32.36397941,   49.089179  , -169.64432424, -102.7234606 ,
        125.37734996, -342.10473592])
14, array([ -38.35278141,   45.02262843, -169.76896527, -132.52353713,
        122.65999395, -333.90034353])
15, array([ -39.10895701,   36.78861565, -172.2198447 , -141.34040837,
        105.0073164 , -334.7743976 ])
16, array([ -35.38743196,   26.32003014, -175.97087171, -126.53130357,
         76.26985654, -344.22570652])
17, array([ -30.30178793,   15.4487671 , -179.19800334,  -95.65643962,
         45.5693765 , -358.02994271])
18, array([ -27.80924581,    5.24282658, -179.86303217,  -65.29342873,
         18.8109886 , -369.25016496])
19, array([ -30.4399853 ,   -3.28434553, -176.79284961,  -52.3737377 ,
         -3.57942033, -372.13226575])
20, array([ -37.88153971,  -10.16242772, -170.18827787,  -64.52986842,
        -28.81786009, -364.92632874])
21, array([ -46.98328753,  -16.58277107, -161.7518971 ,  -88.51063698,
        -61.46299198, -348.62024869])
22, array([ -53.1179783 ,  -22.25302088, -154.00625866, -109.29231153,
        -96.14973216, -328.55523246])
23, array([ -52.99077041,  -25.38270579, -150.28142518, -114.8069463 ,
       -123.64542622, -312.24359102])
24, array([ -46.29344567,  -24.99509777, -151.89158133, -101.01775709,
       -135.49275072, -306.27062159])
25, array([ -35.33206273,  -22.75906772, -156.88268804,  -74.69218209,
       -129.93349842, -312.84133339])
26, array([ -22.53253117,  -21.02058291, -162.10104457,  -44.12660777,
       -114.46076707, -327.20535994])
27, array([ -10.07445134,  -21.41448102, -164.42648345,  -14.7259536 ,
       -101.9074695 , -339.67746381])
28, array([   0.96103541,  -24.36706101, -162.46989785,   12.397441  ,
       -103.21570299, -340.21021984])
29, array([  10.8815    ,  -28.89182644, -156.93301492,   40.28132903,
       -120.0125132 , -325.42237787])
30, array([  20.6230629 ,  -31.54430047, -151.43734806,   70.65226185,
       -140.35701558, -303.11143379])
31, array([  29.82699559,  -29.96839873, -149.47669585,   99.78089909,
       -149.85689759, -285.47577149])
32, array([  37.37415893,  -24.45561175, -152.19187681,  122.05347242,
       -140.63648178, -281.08350381])
33, array([  41.2192578 ,  -16.42937663, -158.42113018,  132.50376514,
       -114.51214138, -291.49791061])
34, array([  39.26807758,   -7.21167168, -166.56591411,  126.86627857,
        -79.3776993 , -312.58097754])
35, array([  30.65559569,    1.92283958, -174.30324202,  104.38487305,
        -44.68661816, -336.31539902])
36, array([  18.0318548 ,    9.59121844, -179.98911605,   72.42670365,
        -17.34859775, -355.01379284])
37, array([   5.31906404,   15.42270509, -183.16246276,   41.48394442,
          1.46442186, -366.1407426 ])
38, array([  -4.69741308,   19.27591663, -184.36586351,   17.84978608,
         12.87245411, -371.21581966])
39, array([ -10.69784942,   21.09315593, -184.32509714,    3.63680367,
         17.91211693, -372.66490742])
