0, array([ -10.27387955,   14.93985106, -177.15113938,  -23.29404271,
          6.41245878, -360.89784174])
1, array([   0.8377919 ,   16.58167073, -173.25916458,    5.96044168,
          7.25405584, -357.21043799])
2, array([  10.03328154,   18.87939662, -169.59354728,   28.16136875,
         13.89487694, -353.25785677])
3, array([  17.27997486,   21.62729876, -166.27952077,   43.77082383,
         24.85886924, -349.27944192])
4, array([  22.54525734,   24.61964714, -163.44231835,   53.25089224,
         38.66997986, -345.5145373 ])
5, array([  25.79651446,   27.65071178, -161.20717328,   57.06365931,
         53.85215595, -342.20248675])
6, array([  27.0011317 ,   30.51476268, -159.69931887,   55.67121037,
         68.92934465, -339.58263413])
7, array([  26.4580782 ,   33.37768232, -159.85559461,   51.61566887,
         79.60164034, -338.69549599])
8, array([  22.05724855,   35.08049476, -161.31183923,   40.22657587,
         89.22512099, -339.04188947])
9, array([  15.28542037,   34.99987457, -162.18216508,   25.32261966,
         93.83247267, -339.86630773])
10, array([   6.75410147,   35.37198705, -163.32528391,    3.30806395,
         93.9254862 , -342.60523661])
11, array([  -1.05612839,   34.9419982 , -164.13148758,  -23.50570551,
         89.74590284, -343.40440279])
12, array([  -7.09401512,   33.49647148, -164.79848886,  -46.54363703,
         82.25530286, -344.53299647])
13, array([ -11.11819102,   30.40541031, -165.64579342,  -64.71553781,
         76.07524065, -344.24667828])
14, array([ -13.70648473,   26.27849682, -166.11021685,  -74.53822746,
         63.31304962, -345.34043464])
15, array([ -13.80896132,   22.07435627, -166.35838091,  -78.63795875,
         52.86630899, -346.15060113])
16, array([ -12.28217067,   17.05260553, -165.98504276,  -76.2368149 ,
         37.37521393, -346.91550174])
17, array([ -11.16821249,   12.36737748, -165.80731315,  -74.12754696,
         23.96801961, -348.19621837])
18, array([ -11.90039323,    7.45903559, -165.82034196,  -71.41173476,
         10.43227727, -350.24148893])
19, array([ -11.93516325,    3.61549206, -165.7267149 ,  -66.5589934 ,
         -3.90409076, -350.12024882])
20, array([-1.49954878e+01,  2.91786416e-01, -1.64816767e+02, -6.78428774e+01,
       -1.66657536e+01, -3.46286052e+02])
21, array([ -17.19453325,   -2.90432832, -161.84789633,  -64.79088124,
        -33.93578338, -342.61477474])
22, array([ -18.57652972,   -4.36446425, -160.18112166,  -65.11283483,
        -50.58562516, -339.95030512])
23, array([ -19.68002158,   -5.42476743, -159.45027623,  -66.48854359,
        -60.56240699, -337.32705922])
24, array([ -17.87719104,   -6.58038985, -159.05192805,  -63.78486452,
        -68.58503016, -334.11557668])
25, array([ -15.17540985,   -8.83573299, -158.93726579,  -59.05141321,
        -73.5590362 , -333.6469571 ])
26, array([  -9.34591919,  -10.63611323, -158.40075453,  -44.59112074,
        -79.12135231, -332.92690261])
27, array([  -3.70769319,  -13.54385996, -157.87076613,  -25.69037605,
        -83.39263128, -332.87374034])
28, array([   2.78278208,  -15.27406102, -157.19127467,   -4.95835499,
        -89.17610455, -330.87560266])
29, array([   9.98042107,  -15.38894509, -156.96358644,   17.02259974,
        -86.18627309, -330.50471023])
30, array([  16.6259089 ,  -14.82171025, -157.31197034,   33.60801477,
        -79.34140152, -330.40766079])
31, array([  21.1814711 ,  -12.9947133 , -158.0510597 ,   46.73033555,
        -70.74939555, -328.93721508])
32, array([  23.83833668,   -9.85353736, -159.79236065,   57.79664979,
        -59.0598036 , -327.74200856])
33, array([  24.76983401,   -6.49837432, -161.52175201,   64.45663553,
        -52.01595668, -330.51061651])
34, array([  23.41350474,   -0.77398592, -165.53676454,   63.54440292,
        -37.2117108 , -336.47561288])
35, array([  20.33596077,    5.0889308 , -169.4788832 ,   57.39235419,
        -22.88982812, -343.11374876])
36, array([  15.60743195,   10.54199937, -172.81051103,   45.95547027,
        -10.62357533, -349.69512461])
37, array([   9.29814812,   15.03684335, -174.99405105,   29.18873209,
         -1.98621913, -355.48984093])
38, array([   1.47833916,   18.02508627, -175.4919063 ,    7.04712055,
          1.44897378, -359.76799819])
39, array([  -7.78176509,   18.95835167, -173.76647981,  -20.5143834 ,
         -1.89126328, -361.79969688])
