0, array([  -0.89343082,   17.70532539, -172.72245976,   -8.03466829,
         14.33807506, -358.61838277])
1, array([   3.19058936,   18.55313319, -174.45835647,   -0.84908012,
         13.08112344, -359.33461744])
2, array([   9.10820958,   21.67632903, -171.03769993,   12.82542752,
         19.04242066, -357.47472389])
3, array([  16.90105459,   25.60895544, -165.86713715,   32.81003685,
         30.23727556, -352.11985213])
4, array([  25.11723609,   28.16956103, -160.16332703,   54.55379599,
         43.64007089, -343.83931315])
5, array([  31.01235967,   28.34889379, -156.41585512,   70.42556931,
         55.6751646 , -335.4933769 ])
6, array([  31.34270687,   29.9054751 , -154.76120917,   72.26550294,
         69.79474357, -330.83219203])
7, array([  27.24620077,   33.4379553 , -154.76268136,   61.84772582,
         87.37591262, -329.98436621])
8, array([  20.75738657,   35.10198718, -157.49859872,   44.61256822,
         95.8818066 , -334.3335037 ])
9, array([  12.97199596,   34.15849506, -162.06239578,   24.80716407,
         88.57270149, -343.56368251])
10, array([   5.02608668,   31.95733018, -166.49998548,    6.01544948,
         73.58059804, -353.42279128])
11, array([  -1.5983677 ,   30.41329609, -168.04089498,  -10.6401532 ,
         66.01273858, -356.63881086])
12, array([  -6.75974364,   29.95811261, -166.73478952,  -29.88312039,
         68.90079464, -350.96925112])
13, array([ -11.02836595,   29.22476121, -165.23309191,  -55.17197457,
         70.87877648, -341.49242374])
14, array([ -14.56236713,   26.40183908, -165.14728259,  -78.33021885,
         61.61427709, -334.89878358])
15, array([ -15.94347221,   22.20782655, -165.83311818,  -91.13186272,
         46.0945222 , -333.74434063])
16, array([ -15.38091447,   17.26833598, -167.25096746,  -88.8933531 ,
         36.147729  , -336.20859176])
17, array([ -13.45130758,   11.65935035, -169.0883902 ,  -72.86681848,
         26.99003252, -342.97741188])
18, array([ -11.47756281,    5.86857106, -170.28089305,  -48.72451259,
         14.64607321, -352.40084052])
19, array([ -10.93900542,    0.60140299, -169.75845587,  -27.41478265,
          2.72422664, -358.75106869])
20, array([ -12.64706598,   -2.80543176, -167.06612774,  -24.0432495 ,
         -9.26334228, -360.70087106])
21, array([ -16.32155198,   -4.07913013, -162.91495529,  -33.36276472,
        -23.53371376, -355.52598015])
22, array([ -20.57429461,   -4.13087146, -158.99259508,  -48.92290542,
        -41.3545821 , -345.34870212])
23, array([ -23.41011238,   -4.31979226, -156.09855606,  -62.35841831,
        -60.63472712, -332.85765281])
24, array([ -23.4139932 ,   -5.72887115, -154.37015635,  -68.4238056 ,
        -75.9091265 , -323.4647936 ])
25, array([ -20.0223787 ,   -8.65625319, -154.18267111,  -63.81310966,
        -86.62898753, -319.65179075])
26, array([ -14.43436548,  -11.15169347, -156.65546533,  -51.20738799,
        -88.44481517, -322.97992774])
27, array([  -7.98393983,  -12.75238717, -160.04099179,  -34.86807023,
        -80.43054661, -332.80378999])
28, array([  -1.95567197,  -13.69012563, -162.56583292,  -17.80395274,
        -68.96922793, -344.08310835])
29, array([   2.90527568,  -14.87311922, -163.04872366,   -1.27906347,
        -64.41269659, -349.16498381])
30, array([   7.23556675,  -17.8068612 , -159.09423593,   17.82249268,
        -75.79770071, -339.10414662])
31, array([  11.21009285,  -19.73618587, -154.95294195,   38.99201866,
        -85.4828087 , -324.69116036])
32, array([  14.97255801,  -18.246854  , -154.09604109,   57.50458232,
        -80.33170011, -317.29253224])
33, array([  18.26156949,  -14.34093203, -156.75607827,   71.02673842,
        -62.71779925, -318.28885843])
34, array([  19.88439288,   -9.37530748, -161.00916707,   76.11495852,
        -44.84834826, -323.77560878])
35, array([  17.67360482,   -4.78925348, -166.32714538,   68.73884997,
        -34.15203771, -331.60462882])
36, array([ 1.20117946e+01, -1.50966960e-01, -1.71845681e+02,  5.07958982e+01,
       -2.27200569e+01, -3.43221213e+02])
37, array([   5.0101419 ,    3.64188918, -175.27859577,   29.36953847,
        -12.47324172, -353.36428248])
38, array([  -1.27558521,    5.96164539, -175.68877238,   12.06916106,
         -7.17994526, -357.48264814])
39, array([  -5.30576346,    6.87240329, -175.00078656,    1.30127199,
         -5.09327013, -358.89551272])
