0, array([   3.38235961,   12.68024778, -175.34684745,   -1.62911574,
          6.12764885, -360.98425904])
1, array([   5.07391648,   13.77330961, -175.83998902,    3.61297537,
          9.24988937, -360.06664946])
2, array([   9.80437716,   15.82487331, -175.34803876,   14.9619347 ,
         11.55682947, -359.14480344])
3, array([  16.91933543,   20.29016598, -172.17684319,   35.64460652,
         24.03924419, -352.82540082])
4, array([  24.73166404,   24.28292991, -167.76098113,   58.42759695,
         39.51089223, -343.24240257])
5, array([  30.63365569,   25.74234589, -164.30930867,   74.60597695,
         51.77026899, -334.73610269])
6, array([  31.34270687,   27.21152346, -163.10149285,   76.11495852,
         65.72923687, -330.6133565 ])
7, array([  27.43194961,   30.87302796, -163.518385  ,   63.45555332,
         85.85034083, -330.09001295])
8, array([  20.94319006,   33.90541891, -165.28086182,   43.22214235,
         95.56974388, -335.20414183])
9, array([  13.51642492,   35.97835963, -167.08610522,   21.07528701,
         91.80339024, -344.91606659])
10, array([ 6.46359128e+00,  3.81254182e+01, -1.66839124e+02, -2.86418244e-02,
        8.55216698e+01, -3.52838800e+02])
11, array([   0.70739621,   40.1496791 , -165.10991269,  -17.94977142,
         87.79241785, -352.40188341])
12, array([  -4.48942054,   41.51894723, -163.00180042,  -39.67015269,
         97.13897235, -343.95300273])
13, array([  -9.35741884,   39.80659548, -162.16345957,  -65.60886049,
         94.18666943, -335.94710688])
14, array([ -12.50845947,   34.47841447, -163.14120706,  -85.37039384,
         74.13641521, -333.57759323])
15, array([ -12.39060524,   27.96596762, -165.23323913,  -91.13186272,
         56.0011228 , -335.45316024])
16, array([  -9.6316784 ,   21.0099027 , -167.77112904,  -79.75650733,
         45.5481795 , -341.15094066])
17, array([  -7.26316069,   14.01151966, -169.57183298,  -61.4824499 ,
         28.9794914 , -349.89643771])
18, array([  -6.73036949,    7.43898286, -169.77726815,  -44.57663431,
          9.95936686, -356.8215816 ])
19, array([  -9.4241137 ,    2.56172977, -167.41486311,  -39.59557882,
         -5.32431661, -356.73570961])
20, array([ -15.24857749,    0.37233511, -163.06869882,  -54.8390943 ,
        -20.44021071, -349.52861388])
21, array([ -21.01738682,   -0.44725448, -159.35178087,  -72.83289838,
        -35.37251663, -338.36729486])
22, array([ -23.4139932 ,   -1.33341438, -157.17419599,  -82.99897133,
        -46.84523126, -329.91579552])
23, array([ -21.65613885,   -4.0114658 , -155.77599092,  -79.86477284,
        -61.68946637, -324.5896465 ])
24, array([ -17.00284431,   -7.293779  , -155.85948562,  -65.81493052,
        -77.34642522, -322.82174625])
25, array([  -9.88051279,   -9.9919381 , -157.36860378,  -44.82396363,
        -78.6392897 , -328.12492778])
26, array([  -1.90242332,  -12.04057989, -158.96122315,  -24.19426607,
        -65.33023167, -338.68368154])
27, array([   5.00679492,  -13.96630805, -158.53484839,   -9.49578259,
        -53.40217101, -347.03021154])
28, array([  10.70597971,  -16.29899402, -155.66870475,    1.6099224 ,
        -55.93385587, -346.28313705])
29, array([  16.15663147,  -18.17982496, -151.72308544,   14.72242812,
        -72.1363082 , -335.88129974])
30, array([  21.4836308 ,  -16.01322396, -150.89310931,   31.54160151,
        -86.05123417, -323.49628298])
31, array([  25.63529814,  -10.95393204, -152.54993191,   47.5074766 ,
        -87.69589794, -316.11936943])
32, array([  28.52977411,   -5.10519456, -155.85999755,   60.28808418,
        -75.36217515, -315.68330351])
33, array([ 2.97283816e+01,  2.97128505e-02, -1.59688727e+02,  6.74776864e+01,
       -5.64319642e+01, -3.20581710e+02])
34, array([  27.87376786,    3.93078057, -163.59095704,   64.72155682,
        -41.57693973, -328.06087043])
35, array([  22.98345278,    8.42818946, -167.42896051,   51.073592  ,
        -28.3471084 , -337.53428488])
36, array([  16.93652725,   13.31679697, -170.66016106,   32.74091101,
        -12.9792277 , -346.50486744])
37, array([  11.6184708 ,   17.70605796, -172.48288182,   15.72208627,
          3.27264824, -353.16369236])
38, array([   7.70269642,   21.12479069, -173.07485729,    2.39980693,
         17.54603845, -357.5385846 ])
39, array([   5.27278701,   23.03619749, -173.0291656 ,   -6.81708369,
         26.45492134, -359.55254187])
