0, array([  21.98036534,   15.39902621, -173.6953906 ,   -9.75241382,
          9.84106106, -361.60545247])
1, array([  25.43614112,   12.54544817, -170.66254702,   13.53037267,
         14.35416951, -357.69548168])
2, array([  27.99247076,   12.56813486, -167.78198646,   32.5588177 ,
         22.08156418, -353.30134165])
3, array([  29.54644582,   14.82703519, -165.07666948,   47.05325477,
         32.15744741, -348.62359529])
4, array([  29.9951579 ,   18.68209806, -162.56955659,   56.73401736,
         43.71602152, -343.86280546])
5, array([  29.23569856,   23.49327237, -160.28360834,   61.32143897,
         55.89148884, -339.21953506])
6, array([  27.16515939,   28.62050703, -158.24178526,   60.53585308,
         67.81805171, -334.89434696])
7, array([  21.94380208,   32.39577893, -155.71810368,   51.8234644 ,
         79.13158183, -330.54611577])
8, array([  17.64124066,   35.82414733, -154.60926416,   34.39320782,
         87.34843869, -328.16632158])
9, array([   9.91328095,   36.85341898, -153.30577396,   13.98521147,
         90.82784337, -326.36471668])
10, array([   2.1077883 ,   35.76518578, -153.05266694,  -11.36760757,
         92.01894613, -326.05488036])
11, array([  -4.89658881,   34.57282209, -154.18069473,  -38.59786407,
         90.00243592, -326.58833353])
12, array([ -10.75384187,   33.14163536, -156.27419454,  -57.74570175,
         83.85874503, -328.02676697])
13, array([ -16.50799794,   29.07861759, -158.37328629,  -66.30819818,
         71.90123811, -332.03401057])
14, array([ -17.85638986,   23.920348  , -160.7599214 ,  -83.49772029,
         61.30433491, -336.41899363])
15, array([ -19.59163645,   20.20768895, -163.501002  ,  -83.63374359,
         46.11816489, -340.57543012])
16, array([ -17.90600392,   15.63300363, -166.4610971 ,  -74.03224703,
         27.10178955, -345.63733644])
17, array([ -13.1268716 ,   11.64033102, -167.96213019,  -61.32379471,
         12.78836209, -347.35728664])
18, array([  -8.38247492,    8.67507113, -167.89301989,  -34.49244706,
         -1.96186943, -348.74266271])
19, array([  -2.09732957,    4.73444453, -167.18445814,   -9.61193087,
        -14.6594951 , -346.76195356])
20, array([   5.57989246,   -0.41967728, -165.91970296,   13.99407425,
        -28.27629627, -344.08786613])
21, array([  12.08100465,   -6.14107424, -163.40614795,   33.56095786,
        -42.98476951, -337.82521201])
22, array([  17.37569803,  -10.5586896 , -161.26059731,   39.32577646,
        -56.79335797, -330.1502272 ])
23, array([  19.32513085,  -14.06261928, -160.12854249,   38.96551417,
        -71.38263141, -323.62681999])
24, array([  18.94208456,  -15.52897634, -158.53879164,   34.30676677,
        -82.53620675, -317.0421955 ])
25, array([  15.24026851,  -17.10781724, -157.77103324,   18.34651366,
        -89.03639949, -314.46169035])
26, array([  11.33692024,  -16.64937211, -158.08455643,   -6.27480427,
        -90.3579004 , -314.10039981])
27, array([   2.52976844,  -14.69445524, -159.189675  ,  -23.94729401,
        -88.85812627, -315.63589033])
28, array([  -4.10372514,  -12.60293758, -160.4069777 ,  -41.65246708,
        -83.41687756, -318.15331195])
29, array([ -10.79519924,   -7.93944825, -162.15692506,  -53.35776491,
        -71.87121545, -323.06162254])
30, array([ -15.46457369,   -3.04502423, -164.1856291 ,  -61.53649709,
        -59.00843936, -329.10223587])
31, array([ -17.05325354,    1.50511657, -166.39824441,  -65.67279887,
        -46.3088936 , -335.97400299])
32, array([ -14.50264383,    5.13575624, -168.69992559,  -65.25080551,
        -35.25292244, -343.37577499])
33, array([  -6.7541496 ,    7.27167688, -170.99582723,  -59.75465225,
        -27.32087017, -351.00640291])
34, array([   7.25082411,    7.33766056, -173.19110393,  -48.66847435,
        -23.99308108, -358.56473783])
