0, array([  -8.28843779,   15.77593043, -172.8160195 ,  -34.18778063,
         28.72229343, -358.75403161])
1, array([  -9.3314818 ,   18.51212314, -171.9738204 ,  -35.19470421,
         35.83232739, -357.79259895])
2, array([  -9.48375793,   18.48822294, -172.0365149 ,  -35.79367026,
         35.44243951, -357.90049466])
3, array([  -8.7244947 ,   16.7725973 , -172.57392851,  -35.06216278,
         30.4047948 , -358.53357199])
4, array([  -6.80632706,   13.98980606, -173.22056283,  -31.6621502 ,
         22.42874136, -359.20957033])
5, array([  -1.83771958,    9.31581284, -173.56647585,  -20.35825871,
          8.39800578, -359.20614233])
6, array([   3.43757243,    6.66230469, -172.93214821,   -6.20748933,
         -0.91095284, -357.52059314])
7, array([   9.36766344,    5.82854975, -170.75806001,   10.62061613,
         -6.09417414, -354.26777067])
8, array([  16.034816  ,    6.86161759, -167.04855148,   29.90914252,
         -6.55202677, -349.64348319])
9, array([  22.59543741,    9.88149334, -162.73309107,   49.12612195,
         -0.58455156, -344.60508723])
10, array([  27.66633792,   14.50261931, -158.89086463,   64.71420859,
         11.34650197, -340.08571601])
11, array([  30.68625354,   18.69992799, -156.63863965,   74.06883613,
         23.67064137, -336.8486409 ])
12, array([  31.34270687,   23.11285592, -155.06308819,   76.11495852,
         37.77415415, -334.66133304])
13, array([  29.29548543,   29.22054905, -153.39820696,   69.80390021,
         58.58992238, -332.95660426])
14, array([  23.70487288,   36.02211266, -152.79982815,   52.10586536,
         85.28598695, -332.51413596])
15, array([  16.53595511,   40.29389773, -154.08911447,   29.85948129,
        105.91482719, -333.8438089 ])
16, array([   8.60334005,   40.57114503, -157.30660701,    5.54425462,
        114.10076475, -336.84351585])
17, array([ 3.05425914e-01,  3.67834154e+01, -1.61847839e+02, -1.95977240e+01,
        1.07955338e+02, -3.40849987e+02])
18, array([  -7.46770657,   30.16343362, -165.77213524,  -42.46234126,
         89.84616027, -344.52230613])
19, array([ -13.88871701,   22.83775881, -167.45823761,  -61.98194175,
         65.64729553, -346.51756133])
20, array([ -18.73765231,   16.30761245, -167.53649723,  -77.15271202,
         41.41625873, -346.78060454])
21, array([ -22.02699882,   11.06960198, -166.59236685,  -87.5582886 ,
         20.24922258, -345.64227962])
22, array([ -23.4139932 ,    7.14805923, -165.01766722,  -91.13186272,
          3.40869556, -343.62447906])
23, array([ -22.73393321,    3.1148151 , -163.32916523,  -87.93032621,
        -13.47361719, -340.41613612])
24, array([ -20.6083827 ,   -2.07096012, -161.31356884,  -79.846015  ,
        -34.34049905, -335.4032827 ])
25, array([ -17.10695032,   -8.43666189, -158.87286511,  -66.4917498 ,
        -59.84439777, -328.08602758])
26, array([ -12.44371158,  -14.86667076, -156.43826356,  -47.90367345,
        -85.92124332, -319.57124002])
27, array([  -6.57486224,  -18.92011866, -154.85255998,  -22.59974229,
       -102.25557983, -312.59416989])
28, array([  -0.59888311,  -20.1319227 , -154.33207899,    3.26353153,
       -103.51030422, -309.6707309 ])
29, array([   4.81972057,  -18.50577937, -155.26859598,   26.36302871,
        -90.36777601, -311.54887788])
30, array([   9.2906396 ,  -14.59057155, -157.74611291,   44.71333218,
        -67.76053625, -317.25458906])
31, array([  11.48277091,   -9.30357619, -161.57269733,   52.86704457,
        -44.6384951 , -324.58216876])
32, array([  11.63534678,   -4.40207268, -165.55154365,   52.56960975,
        -25.84540947, -332.15819961])
33, array([ 1.02187790e+01, -2.00096456e-01, -1.69236747e+02,  4.62312564e+01,
       -9.88879982e+00, -3.39785213e+02])
34, array([   7.51194875,    3.31746575, -172.45764789,   34.94568752,
          4.45221337, -347.5628145 ])
35, array([   4.02154339,    5.73509131, -174.65427069,   20.23127102,
         15.08826719, -354.13376816])
36, array([   0.62960823,    6.77080484, -175.51978287,    5.45349828,
         19.84778087, -358.07964579])
37, array([  -2.33075123,    7.49945468, -175.61800414,   -6.7245537 ,
         21.83886297, -360.25024009])
38, array([  -4.77363817,    8.08111555, -175.20619666,  -15.8365183 ,
         22.08981511, -360.94317346])
39, array([  -6.49431954,    8.5194316 , -174.546673  ,  -21.17644812,
         21.44986195, -360.38259593])
