0, array([  -4.84832339,   11.74918964, -171.64587714,   -3.00365479,
         15.3479158 , -357.75620154])
1, array([  -5.59041629,   11.83989914, -174.59317644,  -10.15386536,
         15.03099593, -359.03198252])
2, array([  -4.39041178,   12.06218694, -175.45716024,   -9.89274707,
         12.53117423, -359.10641862])
3, array([  -1.60892707,   12.45522567, -174.66769395,   -3.83197841,
          8.79945232, -358.15724187])
4, array([   2.39342064,   13.05818796, -172.65464294,    6.41676213,
          4.78683183, -356.36218428])
5, array([   7.25601412,   13.91024642, -169.84787262,   19.24179605,
          1.44431438, -353.89897787])
6, array([ 1.26182362e+01,  1.50505737e+01, -1.66677248e+02,  3.30314449e+01,
       -2.77098384e-01, -3.50945355e+02])
7, array([  18.85145357,   16.63308592, -164.77410812,   46.9135667 ,
         -2.62914946, -347.94606617])
8, array([  23.794362  ,   18.38232685, -161.9296727 ,   56.81373424,
          7.61859458, -345.1282776 ])
9, array([  30.42582552,   21.84547617, -160.82407824,   57.91770831,
         20.5539576 , -341.29774175])
10, array([  32.38832965,   24.84482612, -161.33412029,   55.14546832,
         40.03226816, -336.61743234])
11, array([  31.3523946 ,   27.78013611, -160.6212429 ,   53.57750539,
         58.86934289, -333.59266981])
12, array([  26.857752  ,   30.32339108, -160.14747991,   42.09108452,
         79.05457317, -330.18913814])
13, array([  20.68050859,   33.0011833 , -160.57042949,   30.76999892,
         89.98712018, -330.15462835])
14, array([  13.35809948,   34.55337111, -161.93545157,   15.24953674,
         94.01951992, -330.69059499])
15, array([   5.23852977,   34.44701488, -162.56777445,   -5.70573945,
         90.27949858, -332.70857768])
16, array([  -3.02325009,   32.59973654, -162.63265028,  -26.11182359,
         79.30165065, -334.98436289])
17, array([ -10.30085287,   26.94567146, -162.30760742,  -43.45853406,
         65.54274812, -337.84431589])
18, array([ -16.84897819,   22.52165079, -162.79057117,  -57.61094972,
         46.52395614, -339.43806087])
19, array([ -20.31026446,   16.76576074, -162.42380406,  -68.28165188,
         22.06642798, -341.25867906])
20, array([ -21.39359404,   10.75399874, -162.75306009,  -84.20221642,
          5.96997587, -341.80684448])
21, array([ -20.22734508,    5.86034695, -163.43512174,  -90.57578203,
        -11.95702839, -339.58236779])
22, array([-1.97705383e+01, -9.00680881e-02, -1.64639348e+02, -8.71211671e+01,
       -2.68296735e+01, -3.35259395e+02])
23, array([ -18.20733209,   -5.12488676, -162.40367751,  -77.49223434,
        -42.13442292, -330.45992401])
24, array([ -15.53925427,   -9.9601001 , -161.7256284 ,  -70.52074845,
        -53.16919487, -324.38601784])
25, array([ -11.02748078,  -12.19915401, -159.41614159,  -50.83286041,
        -69.41416338, -321.06461622])
26, array([  -5.41106601,  -14.52617061, -159.25662814,  -28.59155701,
        -80.82290891, -317.03057249])
27, array([   1.49113715,  -14.37756694, -157.66025643,   -8.21261569,
        -81.52131492, -315.28255256])
28, array([   9.31955564,  -12.85938946, -157.70031696,   12.84084876,
        -76.3687312 , -315.78822007])
29, array([  15.68252695,  -11.17081791, -158.1034513 ,   34.36487937,
        -67.91996488, -319.07404729])
30, array([  19.43639189,   -7.64131058, -160.09830364,   48.76654276,
        -50.79363345, -323.15297603])
31, array([  22.54158895,   -3.70359438, -161.37529289,   58.46364579,
        -33.94500219, -330.03920282])
32, array([  22.71510623,    0.60240281, -164.90000209,   51.77179543,
        -11.41658813, -337.50125276])
33, array([  23.674118  ,    2.1155875 , -167.53604434,   47.76018462,
          2.18251296, -344.79874935])
34, array([  20.37869469,    3.51296402, -170.17494746,   36.55140446,
         11.58841921, -351.08741771])
35, array([  16.08482301,    4.80649393, -172.44704512,   24.0632098 ,
         17.32992281, -356.31851824])
36, array([  11.3234212 ,    6.20973504, -174.14277109,   12.12538108,
         19.0688971 , -360.06007561])
37, array([   6.6254075 ,    7.93624518, -175.05255919,    2.56769869,
         16.46721546, -361.88011447])
38, array([   2.52170015,   10.19958216, -174.9668432 ,   -2.78005696,
          9.18675127, -361.34665949])
39, array([  -0.45678261,   13.21330379, -173.67605691,   -2.08810546,
         -3.11062212, -358.02773533])
