0, array([  -7.80242423,   16.14560375, -173.11561344,  -27.89789745,
         17.44284175, -359.14007384])
1, array([  -8.42710038,   16.91517181, -172.17265596,  -27.67465027,
         20.26896539, -358.15648886])
2, array([  -6.89470994,   16.32617338, -173.13743034,  -24.85351691,
         17.13943591, -358.95745934])
3, array([  -3.61047433,   14.75393475, -175.31082905,  -19.45224869,
          9.82055698, -360.84161989])
4, array([   0.58358748,   14.60828965, -175.19521765,   -8.88169735,
          6.40019354, -360.32856615])
5, array([   5.87345049,   15.10136571, -173.69666276,    5.68193284,
          5.25855556, -357.63596343])
6, array([  11.86407908,   16.22881202, -170.88870017,   22.63015724,
          6.82877435, -352.92995161])
7, array([  18.28525733,   18.33264531, -166.58493282,   40.64717501,
         12.99966529, -346.04685595])
8, array([  23.94873501,   20.70974953, -162.16074469,   56.26990474,
         21.80984977, -339.02285019])
9, array([  28.50453914,   22.49514002, -158.78028527,   68.65404683,
         30.0760041 , -333.21322982])
10, array([  31.34270687,   23.98099262, -156.60480563,   76.11495852,
         38.25081035, -328.78031566])
11, array([  31.09583418,   26.78017496, -154.97004819,   73.49210924,
         52.32732389, -324.33818429])
12, array([  28.87442652,   31.052136  , -153.2196888 ,   64.94895989,
         71.64876232, -319.14566445])
13, array([  24.6187099 ,   36.11631072, -151.93001876,   50.47270818,
         94.22941569, -313.85743433])
14, array([  17.96254909,   39.13263833, -152.79859569,   28.92201895,
        108.09093907, -313.11697382])
15, array([  10.34419382,   39.11154367, -155.37686474,    4.98773102,
        110.71246716, -316.30548248])
16, array([   2.13551533,   35.96733179, -159.1587293 ,  -20.18975371,
        101.56100815, -322.79145888])
17, array([  -5.77983617,   29.63426389, -162.95808753,  -43.46158415,
         80.61503732, -331.0634753 ])
18, array([ -12.51871505,   22.35338653, -165.38673436,  -62.39374752,
         55.76462656, -337.26958687])
19, array([ -18.13537483,   15.55209315, -166.34353638,  -77.65263868,
         31.7920627 , -341.02881365])
20, array([ -21.87940133,   10.27707377, -165.66831875,  -87.64680259,
         12.06319715, -342.00256725])
21, array([ -23.4139932 ,    5.89901929, -164.36404951,  -91.13186272,
         -4.47821659, -341.38234112])
22, array([ -23.15995493,    1.52709557, -162.98003805,  -89.32870666,
        -21.09949861, -339.9856462 ])
23, array([ -20.6561558 ,   -4.07078663, -161.22632333,  -80.85143519,
        -41.98279947, -336.79443792])
24, array([ -15.60755737,  -10.53352711, -158.96262487,  -65.17555539,
        -65.09273224, -330.68811156])
25, array([  -9.40809646,  -16.210881  , -156.86873424,  -45.66587904,
        -86.38358338, -323.18673513])
26, array([  -2.2366959 ,  -19.9287007 , -155.58261585,  -22.69831289,
       -101.62594875, -315.69526354])
27, array([   5.50776178,  -19.89037915, -155.49975363,    1.84733174,
       -103.6538409 , -313.72274252])
28, array([  12.48105945,  -16.94553927, -156.57007103,   23.0591504 ,
        -94.50840253, -315.29686671])
29, array([  18.49213422,  -12.01741259, -158.4762352 ,   40.57061186,
        -77.85240826, -319.50022307])
30, array([  22.3400593 ,   -6.10720463, -161.18774591,   51.42055973,
        -57.10018076, -325.83341147])
31, array([  23.8300931 ,   -0.96526551, -163.74408151,   55.40115594,
        -39.30115906, -332.05655366])
32, array([  23.49646712,    3.52758726, -166.30332571,   54.05199895,
        -23.80186851, -338.39178016])
33, array([  21.00070172,    7.28123462, -168.94395764,   46.35255186,
        -10.70825167, -345.1064586 ])
34, array([ 1.72581001e+01,  1.02069788e+01, -1.71348233e+02,  3.51657813e+01,
       -5.46044115e-02, -3.51343183e+02])
35, array([  13.26051496,   12.70015077, -173.50580197,   23.32531664,
          8.87306952, -356.58665642])
36, array([   9.46401153,   14.5983515 , -175.31525383,   12.16027968,
         14.84570351, -359.91143957])
37, array([   6.57807009,   15.88256123, -175.72767698,    4.10850552,
         17.5494031 , -360.83839173])
38, array([   4.37180727,   16.9707592 , -175.84200222,   -1.87718483,
         19.21086195, -360.98762826])
39, array([   2.94888597,   17.88884882, -175.84113533,   -5.54942087,
         20.02600414, -360.58715076])
