0, array([   6.11924673,   17.13716648, -172.41457575,   -4.3535295 ,
          4.52642528, -355.74896897])
1, array([  12.18963157,   14.97199127, -171.55063278,   10.54105348,
         -0.71935345, -355.13860715])
2, array([  17.12496371,   16.78091203, -168.81203014,   26.84767555,
          7.39057882, -352.80344209])
3, array([  22.77350945,   19.96111671, -164.41183759,   46.49305507,
         22.45753576, -347.61012133])
4, array([  27.92458051,   23.43686317, -159.92135242,   65.43212866,
         38.9427974 , -340.23562522])
5, array([  31.34270687,   25.96874371, -156.57174633,   76.11495852,
         52.91453447, -333.93309605])
6, array([  31.21279803,   29.2568021 , -154.30266253,   72.67301908,
         71.64450572, -330.64085809])
7, array([  27.26122564,   34.07634577, -153.41737037,   58.14746488,
         90.65692436, -330.66092453])
8, array([  20.86713288,   37.14947368, -154.9892421 ,   36.91210264,
         96.01696479, -335.92743717])
9, array([  13.31702919,   37.60497698, -158.94709027,   13.85985662,
         88.05543771, -345.0286258 ])
10, array([   5.89016363,   36.21815214, -163.32901162,   -8.5050849 ,
         78.50124061, -351.84841213])
11, array([  -0.88535229,   35.72442296, -164.46507578,  -29.64946427,
         77.74172767, -349.01484009])
12, array([  -6.86903357,   35.79777581, -163.05771929,  -52.56208275,
         80.69013586, -339.24472794])
13, array([ -12.05905673,   34.46982091, -161.71785162,  -74.40473318,
         73.97759928, -330.87472216])
14, array([ -15.55288735,   30.35818917, -162.22825068,  -88.95637816,
         56.91433887, -329.10791531])
15, array([ -16.4758692 ,   24.88100142, -164.28484576,  -91.13186272,
         42.6149903 , -331.5011615 ])
16, array([ -14.40767518,   18.65656346, -167.55646655,  -79.18719999,
         31.41217275, -337.95118365])
17, array([ -10.90083231,   11.38038301, -171.19251338,  -59.56877439,
         15.1156095 , -348.79281567])
18, array([  -8.77996174,    3.8454219 , -172.80329586,  -44.39937255,
         -0.85601074, -357.39972883])
19, array([  -9.85470916,   -2.05687353, -170.7156634 ,  -43.30470897,
        -13.15111082, -358.40791898])
20, array([ -14.1178199 ,   -5.55093606, -165.62589961,  -55.50025214,
        -26.79009945, -350.03331842])
21, array([ -19.29856379,   -7.07960204, -160.11507308,  -71.60676506,
        -41.39965028, -337.9952348 ])
22, array([ -22.86367153,   -6.91107547, -156.74291681,  -82.35377574,
        -51.96759304, -328.66030345])
23, array([ -23.4139932 ,   -7.52331623, -155.37768632,  -82.92132803,
        -63.01008111, -323.19182865])
24, array([ -20.40361738,  -10.16707876, -155.54825921,  -72.54399949,
        -75.21693386, -321.86899052])
25, array([ -14.91957801,  -11.94863153, -158.41345755,  -56.32431342,
        -75.7258386 , -328.09316026])
26, array([  -8.6733023 ,  -11.77056136, -162.96677794,  -39.33320714,
        -63.27964709, -340.07862372])
27, array([  -2.79483964,  -11.2954571 , -166.58256096,  -22.84884171,
        -51.57092992, -350.05472167])
28, array([   2.76446949,  -12.50023718, -166.01406682,   -6.46021368,
        -52.11402802, -350.91966263])
29, array([   8.20461695,  -15.40940831, -161.19455833,   11.08506104,
        -65.29704681, -342.25112943])
30, array([  13.55415378,  -17.78466362, -155.30292681,   29.64325398,
        -80.83813883, -329.15544005])
31, array([  18.29829062,  -17.55612525, -151.94670897,   46.7227097 ,
        -86.71817465, -319.040073  ])
32, array([  22.52422604,  -14.11240044, -152.1360319 ,   61.71893502,
        -76.6307892 , -315.98916732])
33, array([  25.13149312,   -8.4740178 , -154.87031546,   70.42185363,
        -57.42148763, -320.06258617])
34, array([  24.54105364,   -2.72843215, -159.14536936,   69.44848637,
        -40.70731858, -327.16583165])
35, array([  20.03721117,    2.83905943, -164.82750821,   56.82196448,
        -26.36383929, -336.83900314])
36, array([  13.80084528,    8.11184387, -169.5594076 ,   38.36118448,
        -10.88621613, -347.70775655])
37, array([   7.10225236,   12.10956976, -173.0937755 ,   18.87226978,
          2.59757514, -356.57000253])
38, array([   1.54914277,   13.91935406, -174.85272844,    2.98484483,
          9.03750521, -360.89496262])
39, array([  -1.70550225,   13.97140486, -175.66154628,   -5.20264167,
          8.45300061, -360.73107097])
