0, array([ 2.78283259e-01,  1.52696341e+01, -1.75768959e+02, -2.32720513e+01,
        7.35941842e+00, -3.60730574e+02])
1, array([   5.87106689,   16.69431284, -173.79730038,   -6.51061593,
         12.31121095, -359.1514027 ])
2, array([  11.3261777 ,   18.43054772, -171.17329571,   10.115462  ,
         18.97058074, -356.29643037])
3, array([  16.75591806,   21.01861519, -167.47042444,   27.34056909,
         29.52341025, -351.32204947])
4, array([  20.29546065,   23.89211716, -163.69750203,   38.80413451,
         41.39332892, -345.92671967])
5, array([  22.56637995,   26.94164937, -160.02324353,   46.40078922,
         53.84997734, -340.5721976 ])
6, array([  20.67189096,   31.1930995 , -156.47196219,   40.94118464,
         69.7099234 , -335.93220581])
7, array([  17.42493441,   35.8642306 , -152.81296047,   31.48220514,
         86.92393132, -331.26226302])
8, array([  10.60105998,   40.17826061, -150.0497135 ,   11.75526059,
        102.8243391 , -327.8338069 ])
9, array([   2.7581363 ,   42.20214577, -149.00927418,  -10.81145679,
        111.69618137, -326.09692316])
10, array([  -5.94485975,   41.14609963, -150.06553805,  -35.76346139,
        110.88083857, -326.43067437])
11, array([ -13.14049161,   36.43876966, -153.30986664,  -57.28123811,
         97.56019986, -329.42784127])
12, array([ -19.53922345,   30.21757556, -156.95697846,  -76.71573725,
         78.26607525, -332.88538687])
13, array([ -22.67923183,   24.7104161 , -160.30846295,  -86.56945849,
         59.70827307, -336.99510069])
14, array([ -23.4139932 ,   21.12245114, -162.71398591,  -88.8138506 ,
         47.75171348, -340.55366592])
15, array([ -20.57099723,   18.75084817, -165.24793873,  -79.73623229,
         40.80512296, -345.6353299 ])
16, array([ -13.44478244,   15.6747767 , -167.75410124,  -57.74396653,
         31.95546081, -350.87224683])
17, array([  -4.47316541,   10.78186036, -169.88418279,  -30.18579352,
         16.59393517, -354.93602886])
18, array([   6.38419586,    5.47002951, -168.6601517 ,    3.25571155,
         -1.58202829, -352.68677459])
19, array([  16.49252762,    0.87928284, -166.24053012,   34.25166074,
        -18.25859516, -347.72760236])
20, array([  24.42948599,   -1.85352725, -162.70918021,   58.23523138,
        -29.27204008, -340.52490669])
21, array([  28.9597666 ,   -3.05421411, -159.99835114,   70.80721046,
        -35.51898421, -334.77134951])
22, array([  31.34270687,   -3.8947428 , -157.82039545,   76.11495852,
        -41.62047083, -329.91451459])
23, array([  28.83027031,   -8.13369779, -155.21818451,   66.20899284,
        -59.25311991, -324.16275456])
24, array([  24.86854245,  -13.03299769, -152.38342788,   51.95356818,
        -78.62475735, -317.55112428])
25, array([  17.56888453,  -17.79429612, -150.46285545,   27.94645126,
        -95.76633203, -312.07312766])
26, array([   9.39534584,  -20.0508342 , -150.36165238,    1.03391212,
       -103.72707846, -309.61977484])
27, array([   0.45532924,  -19.36787871, -152.27614895,  -28.43133324,
       -100.29330283, -311.07722773])
28, array([  -7.13982302,  -15.61628862, -155.90882262,  -53.58690405,
        -85.26673734, -316.72207218])
29, array([ -13.88468231,  -10.58376415, -159.64004538,  -76.05613257,
        -64.45229677, -323.35642803])
30, array([ -16.87247896,   -5.75091887, -163.15124429,  -86.99440791,
        -46.21144196, -329.48779798])
31, array([ -17.61585867,   -1.9510383 , -166.08301864,  -91.13186272,
        -34.08435575, -333.97665835])
32, array([ -15.0151473 ,    1.10767707, -169.03368265,  -85.13636805,
        -28.91384517, -338.21550168])
33, array([ -10.04757265,    4.04550251, -171.41181866,  -71.39080194,
        -25.13017149, -342.79927186])
34, array([  -3.96964975,    7.61362291, -173.36670053,  -54.06818447,
        -18.24110069, -347.93122508])
