0, array([  16.46337958,   20.50457631, -169.37719042,   25.64583836,
         17.00727297, -354.83395139])
1, array([  21.89416105,   22.03696724, -167.20784184,   42.70715798,
         24.82246506, -350.90712955])
2, array([  26.52420422,   23.04224677, -165.13131029,   57.83880108,
         31.69110704, -346.46575736])
3, array([  30.40657076,   23.33418534, -163.31795059,   71.21027207,
         36.36831188, -341.93472652])
4, array([  31.34270687,   24.59687861, -162.28971099,   76.11495852,
         42.0960903 , -338.69548157])
5, array([  30.53722438,   27.1419555 , -161.45392121,   75.44227995,
         50.97820218, -336.16304215])
6, array([  28.13891973,   30.96510952, -160.64759908,   69.50531767,
         64.78839744, -333.57997532])
7, array([  22.66659722,   36.10590755, -160.14489184,   52.44399804,
         86.20762845, -330.20652343])
8, array([  15.40549252,   40.27047892, -160.02003188,   28.95273097,
        104.51653502, -326.89609678])
9, array([   6.70911235,   42.39287422, -160.40309566,    0.38185143,
        114.64555178, -324.53576539])
10, array([  -2.69748211,   40.87250199, -161.61492457,  -30.6193658 ,
        108.81195051, -325.53448931])
11, array([ -10.48685337,   36.55378981, -163.00884064,  -56.54045947,
         91.59603941, -328.58562036])
12, array([ -16.82964438,   30.85445526, -164.25154181,  -78.08742899,
         68.50297893, -332.33877031])
13, array([ -19.57267584,   26.08161871, -165.32283491,  -88.93784483,
         49.15310342, -335.77548633])
14, array([ -19.54414145,   22.47869318, -166.44117635,  -91.13186272,
         36.94853044, -338.74921885])
15, array([ -17.64540624,   19.18120767, -167.67945909,  -86.79967808,
         28.23400295, -342.13825144])
16, array([ -13.30191635,   15.41860702, -168.77717518,  -72.47058502,
         18.76156237, -346.58715616])
17, array([  -6.84448422,   10.85078804, -169.22175508,  -50.29018185,
          4.84136949, -350.37801232])
18, array([   0.57179128,    5.79582794, -168.74981868,  -24.50159192,
        -12.05009095, -352.1223426 ])
19, array([   9.01778142,    0.94526888, -166.91292506,    5.14798795,
        -28.68125741, -350.06578397])
20, array([  15.18107013,   -2.94472922, -164.08598593,   27.7531798 ,
        -41.54927869, -344.05025614])
21, array([  19.10017015,   -6.22360042, -160.93132916,   43.28251041,
        -51.64341115, -336.97593833])
22, array([  19.0859246 ,   -9.87744584, -157.23716298,   46.14384935,
        -63.39835066, -329.22727651])
23, array([  14.54510698,  -14.46247156, -153.54218345,   34.11912675,
        -80.0492849 , -321.38467931])
24, array([   8.30916424,  -18.34430925, -150.49489445,   15.87841487,
        -95.32368247, -314.19458564])
25, array([   0.4426845 ,  -20.28257978, -149.07219289,   -8.83280822,
       -104.08463519, -309.53572573])
26, array([  -7.58489097,  -18.31625236, -150.50040443,  -35.45178155,
        -98.89957041, -310.81376876])
27, array([ -14.7456456 ,  -13.82713512, -153.35679455,  -59.61433471,
        -83.69275232, -315.73477859])
28, array([ -20.79180211,   -7.48329625, -157.07433988,  -80.42657206,
        -60.73255047, -323.25588355])
29, array([ -23.23614267,   -2.23417964, -160.23293438,  -88.52001033,
        -42.43132023, -329.80576087])
30, array([ -23.4139932 ,    1.34767929, -162.80331728,  -89.15818477,
        -30.28069032, -335.22441815])
31, array([ -21.05762666,    4.30250592, -165.66135873,  -81.55893829,
        -21.01676066, -341.28758871])
32, array([ -16.15193021,    7.67152059, -169.11174733,  -64.84907796,
        -11.3238457 , -348.47146989])
33, array([-1.12797538e+01,  1.15341408e+01, -1.72398184e+02, -4.79241395e+01,
       -3.86946005e-02, -3.55098875e+02])
34, array([  -6.43725536,   15.18294796, -175.21203019,  -30.75156206,
         10.38264438, -360.38046413])
