0, array([   6.15320643,   18.24965743, -173.81281197,  -30.19835235,
         16.1360849 , -360.47846111])
1, array([  13.05736316,   15.82674605, -172.66253919,    6.44472919,
         11.41142248, -356.93701975])
2, array([  19.0860778 ,   15.55086516, -170.76785235,   34.23780834,
         14.8447545 , -352.87784254])
3, array([  24.01401823,   16.99535528, -168.32999827,   53.6588618 ,
         24.52270415, -348.50072588])
4, array([  27.61585232,   19.73355692, -165.55022377,   65.18586626,
         38.53189463, -344.00546621])
5, array([  29.66624798,   23.33881063, -162.62977566,   69.29679843,
         54.9589491 , -339.59185993])
6, array([  29.93987307,   27.38445692, -159.76990077,   66.46963499,
         71.89049077, -335.45970347])
7, array([  27.64853518,   31.8156785 , -157.66050488,   57.18808271,
         83.73887223, -332.38938336])
8, array([  20.94458673,   34.78870871, -155.78036486,   39.0155001 ,
         93.39550827, -329.19840075])
9, array([  15.0805526 ,   36.02360469, -154.1481732 ,   14.08219355,
         99.59363157, -326.61554977])
10, array([   6.6521657 ,   36.73936107, -153.42588168,   -9.45451642,
         99.84585071, -325.69496933])
11, array([  -2.10124751,   35.79516946, -153.45133958,  -37.7332798 ,
         94.53325463, -325.87986669])
12, array([ -10.32514129,   33.30553597, -155.07572003,  -60.49623912,
         81.70721372, -329.05513432])
13, array([ -17.2667775 ,   29.5519554 , -157.73963388,  -72.90609193,
         67.98103139, -333.16764637])
14, array([ -20.76265092,   25.87229281, -160.78450882,  -79.21762247,
         53.76127866, -337.61052226])
15, array([ -17.99311017,   21.61620147, -162.90204104,  -70.78548254,
         38.85654653, -343.21405807])
16, array([ -15.20309268,   17.11290396, -165.22959069,  -56.37164187,
         25.53615478, -347.08832558])
17, array([  -7.84098902,   12.80913005, -167.1850367 ,  -40.06020044,
         11.65713474, -349.58114701])
18, array([-2.87074605e+00,  9.79301543e+00, -1.68602027e+02, -1.22594480e+01,
        3.22275396e-01, -3.48664516e+02])
19, array([   4.40418182,    5.75916881, -167.22106367,   15.04207557,
        -14.3330099 , -345.68854888])
20, array([ 1.06339739e+01,  3.32102868e-01, -1.65844434e+02,  3.38951352e+01,
       -3.06995495e+01, -3.40064317e+02])
21, array([  18.10340244,   -5.1702941 , -164.03884007,   41.01388674,
        -45.54399732, -333.46200387])
22, array([  19.48742259,   -9.42811391, -161.58661302,   45.69537537,
        -62.64934149, -326.54387368])
23, array([  18.87950548,  -13.50299219, -160.00345557,   39.07619186,
        -77.25031997, -320.89101379])
24, array([  15.0906826 ,  -16.13941077, -158.76687024,   33.19962148,
        -83.82362412, -316.53177802])
25, array([   7.93150274,  -17.03369498, -158.48320467,   14.65195554,
        -90.15596152, -312.69934568])
26, array([   1.13792123,  -16.31942085, -158.10295314,   -7.85937698,
        -92.63582645, -312.72883205])
27, array([  -5.76116863,  -16.24502302, -158.57170109,  -26.42653463,
        -89.74809453, -315.59522932])
28, array([ -11.03560856,  -14.67630015, -160.53715528,  -45.45933475,
        -80.72174679, -320.56475593])
29, array([ -16.19529988,  -12.02840043, -163.0968672 ,  -57.73330536,
        -69.18350525, -326.32505783])
30, array([ -19.23564243,   -8.57499251, -165.86495943,  -65.13035696,
        -56.23056451, -333.10286503])
31, array([ -19.34783099,   -4.38970781, -168.60367557,  -66.49827179,
        -42.9476775 , -340.62559673])
32, array([ -15.72306034,    0.45382227, -171.07525923,  -60.68483208,
        -30.41959717, -348.62067213])
33, array([  -7.55252525,    5.88196632, -173.04195403,  -46.53782008,
        -19.73107644, -356.81551044])
34, array([   5.97257951,   11.82109293, -174.26600358,  -22.90501802,
        -11.96686825, -364.93753087])
