0, array([ 7.29333031,  2.92335926,  2.02896838, 18.37338286, 10.36763462,
        1.48919004])
1, array([ 6.90347457,  3.01623271,  2.41929143, 17.73297357, 11.76529736,
        2.37980542])
2, array([ 6.38559179,  3.00835535,  2.64786105, 16.79234977, 12.5833286 ,
        3.24605015])
3, array([ 5.40914329,  2.75557652,  2.57302615, 14.80800018, 12.42926834,
        3.84400094])
4, array([ 4.05339884,  2.65431718,  2.25778759, 11.7902106 , 12.17688359,
        3.75436951])
5, array([ 2.61872998,  2.97274913,  2.11521665,  9.02306843, 13.27991856,
        3.51660312])
6, array([ 2.96319873,  3.81925053,  2.31334664, 11.66801379, 15.81428404,
        3.58427333])
7, array([ 4.25818642,  4.69678667,  2.76697165, 15.73654485, 18.60182799,
        4.36450748])
8, array([ 5.87660764,  4.28840258,  2.83901392, 20.16440686, 16.67574389,
        4.98294329])
9, array([ 6.63866516,  2.69141008,  2.74954344, 22.14592035, 10.51352399,
        5.56799073])
10, array([ 6.76248231,  1.25793715,  2.92088515, 22.11060923,  4.58993369,
        5.78884348])
11, array([ 6.00696126,  2.77968557,  3.23965831, 19.8659653 , 10.15730085,
        6.16105672])
12, array([ 4.98901331,  4.14205754,  3.41377972, 16.88758335, 15.32144793,
        6.05589178])
13, array([ 4.27028971,  4.08495928,  3.08710359, 14.83919149, 15.00006229,
        5.61863793])
14, array([ 4.79086241,  3.21449911,  2.70112091, 16.19645155, 11.45047034,
        5.04471413])
15, array([ 6.37865177,  2.62658187,  2.42639433, 20.93894953,  9.40910304,
        4.6529483 ])
16, array([ 8.03758058,  3.10497523,  2.1843815 , 25.7412885 , 11.01636852,
        4.26968711])
17, array([ 9.37681737,  3.63808675,  2.02768406, 29.39406047, 12.5538952 ,
        3.91097337])
18, array([ 9.6341072 ,  3.7426966 ,  1.97135726, 29.54807118, 12.37431012,
        3.75779395])
19, array([ 9.35984021,  3.27276699,  2.28975127, 27.78407651, 10.09629189,
        4.39131641])
20, array([ 8.39682544,  2.70662615,  2.99931356, 23.85776564,  8.20085203,
        5.34485587])
21, array([ 7.18186372,  2.92697328,  3.58543767, 19.31908693, 10.19490157,
        5.35803399])
22, array([ 6.61361244,  3.85503885,  4.01790947, 17.5444981 , 14.13635582,
        5.04984861])
23, array([ 6.56315135,  3.88281971,  4.48830805, 18.53874907, 14.79982942,
        4.74740005])
24, array([ 7.44501683,  3.21402285,  4.94767288, 21.85972451, 13.10868148,
        4.11001334])
25, array([ 8.20046842,  1.7817641 ,  5.02994353, 24.17900706,  8.243985  ,
        2.78464133])
26, array([ 8.73305382,  1.69580975,  4.78756379, 25.3013501 ,  6.40982678,
        2.1952348 ])
27, array([ 8.75637888,  3.4234424 ,  4.24756621, 25.12174399, 11.51318244,
        3.72242087])
28, array([ 8.23414239,  4.54783967,  3.52969218, 23.01261549, 15.47761165,
        5.02463112])
29, array([ 7.3770283 ,  4.91048681,  2.89090155, 20.09482278, 16.64347514,
        5.59919103])
30, array([ 6.21329619,  4.27053598,  2.42469346, 16.22341667, 14.24811089,
        5.55972423])
31, array([ 5.65968396,  3.56602917,  2.15456998, 14.97411329, 11.42195536,
        5.6713742 ])
32, array([ 5.32826208,  3.08354355,  1.92434864, 15.1804753 ,  9.23380035,
        5.9860905 ])
33, array([ 5.38166571,  2.93343966,  1.67060399, 16.23679155,  8.75092609,
        6.10284422])
34, array([ 5.39953779,  2.89238962,  1.36831042, 17.08600818,  8.31845144,
        5.74752104])
