0, array([   0.41563354,   12.51142199, -157.60433385,  -27.70395712,
         -7.18683564, -347.49398461])
1, array([   5.20587126,   14.26058197, -155.88583473,  -15.42434584,
         -3.29200125, -346.75274781])
2, array([  10.29752878,   16.71951283, -153.70120357,   -2.28774559,
          3.16847688, -345.65430564])
3, array([  15.48315076,   19.83908051, -151.15094946,   11.27430361,
         12.05328934, -344.23656938])
4, array([  19.87688607,   23.76931355, -148.45061606,   23.4723607 ,
         24.14931248, -342.47562397])
5, array([  22.67920298,   27.830206  , -146.07482066,   31.95601752,
         38.06147176, -340.50588561])
6, array([  24.08746791,   31.8119293 , -144.04772913,   36.93369667,
         52.59316298, -338.49525183])
7, array([  23.83766149,   35.66127607, -142.43801537,   37.59406292,
         67.55186057, -336.48566031])
8, array([  20.52913987,   38.56911443, -141.68544336,   29.92865242,
         80.77867902, -334.75147021])
9, array([  15.3015488 ,   40.38216725, -141.59098091,   16.75569234,
         90.69497642, -333.40053311])
10, array([   8.48268715,   40.9776542 , -142.16975708,   -0.95347447,
         96.70613202, -332.54478849])
11, array([   0.71852832,   39.14141723, -144.01067944,  -20.31854309,
         94.69731557, -333.14039733])
12, array([  -5.89778473,   36.1606394 , -146.17648884,  -37.06152533,
         88.47687576, -334.54644066])
13, array([ -11.12772581,   32.23331016, -148.47149419,  -50.56633247,
         79.10165832, -336.54947654])
14, array([ -14.13635926,   27.27739916, -150.66721526,  -58.80347472,
         66.91436209, -339.06612866])
15, array([ -14.32940242,   21.01265012, -152.52780133,  -60.0502322 ,
         51.92020985, -341.81951428])
16, array([ -12.60905281,   14.19144103, -153.97333689,  -56.17909719,
         35.24817796, -344.33125892])
17, array([  -8.97566316,    7.08320828, -154.88794805,  -47.01989462,
         17.30214425, -346.36987145])
18, array([-3.29673054e+00,  1.63565280e-01, -1.55209663e+02, -3.23215972e+01,
       -5.60738517e-01, -3.47085578e+02])
19, array([   2.50482245,   -6.37999045, -154.88901465,  -16.98000833,
        -17.94067766, -346.72997051])
20, array([   8.04163076,  -12.60258882, -153.8485812 ,   -2.04720125,
        -35.07041989, -345.1709747 ])
21, array([  11.39046563,  -18.14433276, -151.57421045,    7.38998216,
        -51.52233869, -341.52681075])
22, array([  11.55256027,  -22.59016524, -148.78640351,    7.78604158,
        -65.87935758, -337.08514179])
23, array([   9.60144965,  -26.22608408, -146.05981013,    2.36861978,
        -78.26260217, -332.64042155])
24, array([   5.35831861,  -28.92079935, -143.7877523 ,   -9.17282869,
        -87.98718598, -328.69675905])
25, array([  -0.38620508,  -29.92773968, -142.85894391,  -25.44888058,
        -92.05546743, -326.5908104 ])
26, array([  -6.06066433,  -29.87030707, -142.87837582,  -41.93807139,
        -92.50121126, -325.82706226])
27, array([ -11.46341181,  -28.80512694, -143.77783058,  -58.07653725,
        -89.55193269, -326.35127962])
28, array([ -15.15121736,  -26.27465204, -145.60041107,  -70.03856039,
        -82.03731162, -328.74603108])
29, array([ -16.55821105,  -22.66816885, -147.88327034,  -75.79567596,
        -72.17153288, -331.94521657])
30, array([ -16.11496299,  -18.37506691, -150.49211059,  -76.37309396,
        -60.82247404, -335.66220555])
31, array([ -13.53845081,  -13.45773231, -153.49363924,  -70.79004742,
        -48.08029817, -339.87940193])
32, array([  -9.82000405,   -8.9854096 , -156.0918226 ,  -61.12920498,
        -36.88618852, -343.63649269])
33, array([  -5.87951077,   -5.12502099, -158.1242022 ,  -50.37623622,
        -27.67746166, -346.62225652])
34, array([  -2.00356694,   -2.00341814, -159.48597527,  -39.41635312,
        -20.80382383, -348.66601218])
