0, array([   8.08364136,    8.00121908, -159.14539857,   -7.64092919,
         -4.32956377, -350.11423854])
1, array([   8.23059388,    6.5196766 , -159.23878454,   -8.79631467,
         -7.956964  , -350.18919971])
2, array([   9.2573744 ,    5.54834172, -159.16990706,   -6.39371457,
        -11.15508284, -349.79151479])
3, array([  11.06704316,    5.07180009, -158.85409011,   -0.78660374,
        -13.83380212, -348.94222092])
4, array([  13.87369923,    5.31141555, -157.50955405,    8.94750796,
        -15.35546355, -347.31695816])
5, array([  17.21293034,    6.28809376, -155.67477154,   20.60894748,
        -14.00371299, -345.29418639])
6, array([  20.79963721,    7.92039091, -153.54042711,   33.00252453,
         -9.98322821, -343.04179198])
7, array([  24.27330554,   10.4948691 , -151.2527673 ,   44.44584834,
         -1.87794894, -340.71693839])
8, array([  26.58915276,   13.7622845 , -149.20900635,   51.95836196,
         10.23815887, -338.47882925])
9, array([  27.65220441,   17.2141611 , -147.6007619 ,   55.38957853,
         24.51934985, -336.41323287])
10, array([  26.91781525,   20.64960473, -146.70151629,   53.05948489,
         40.8440387 , -334.62254282])
11, array([  23.70743147,   23.06935869, -146.91460907,   41.99428295,
         55.15853645, -333.8171512 ])
12, array([  19.15253589,   24.32386235, -147.77024338,   26.8746053 ,
         65.8201927 , -333.79781506])
13, array([  13.33147607,   24.20214381, -149.26848376,    8.16013973,
         71.85134331, -334.64394633])
14, array([   6.08874478,   21.58013159, -151.42185112,  -14.12372682,
         69.6203497 , -336.83836187])
15, array([  -0.99614162,   18.03136106, -153.73877175,  -35.28440309,
         63.24998213, -339.33429323])
16, array([  -7.70957017,   13.69564238, -156.0336068 ,  -54.72424609,
         53.05704933, -341.99047708])
17, array([ -13.25385015,    8.30429457, -157.3845472 ,  -69.76893659,
         36.80407017, -344.36137143])
18, array([ -17.28130428,    2.56696293, -158.07722124,  -79.94652591,
         17.7780117 , -345.67016958])
19, array([ -19.93817462,   -3.24899407, -158.2781297 ,  -85.84292004,
         -2.87523112, -345.96370534])
20, array([ -20.5007432 ,   -8.66702421, -157.92966837,  -85.44780468,
        -24.05038863, -344.62580344])
21, array([ -19.2758859 ,  -13.29298506, -157.37328727,  -79.11682888,
        -43.38272946, -341.62825551])
22, array([ -16.90086165,  -17.05409425, -156.78358508,  -68.99754178,
        -60.3578298 , -337.65212926])
23, array([ -13.27906184,  -19.59508816, -156.24637342,  -54.78168565,
        -73.87487862, -332.68171243])
24, array([  -8.63957052,  -20.18030352, -155.81106622,  -37.66706896,
        -81.57659104, -328.35995787])
25, array([  -3.86664397,  -19.79315856, -155.50499182,  -19.51522173,
        -85.9435183 , -325.03595228])
26, array([   0.82602245,  -18.45731194, -155.35656167,   -0.83339814,
        -86.80471975, -322.96966519])
27, array([   4.90977323,  -16.23618747, -155.53852046,   14.10139769,
        -80.3485636 , -323.73722712])
28, array([   8.38451994,  -13.43715029, -155.94185651,   25.73641256,
        -70.25452767, -326.01439949])
29, array([  11.14152146,  -10.16343099, -156.5189279 ,   33.74259967,
        -57.23929022, -329.58395742])
30, array([  12.27881523,   -6.28964775, -157.17066436,   34.21754053,
        -41.98933327, -334.5042971 ])
31, array([  12.10261682,   -2.89815272, -157.69833229,   29.83372206,
        -28.59347534, -339.25391396])
32, array([ 1.09412048e+01, -1.14171130e-01, -1.58140037e+02,  2.20210483e+01,
       -1.73283566e+01, -3.43650071e+02])
33, array([   8.69200083,    1.39983987, -158.49518508,   10.95781845,
        -10.26509137, -347.08413856])
34, array([   6.01552676,    2.08540985, -158.99659929,   -0.84357736,
         -6.44335506, -349.37622366])
35, array([   3.29736788,    2.33642647, -159.48207362,  -12.19455533,
         -4.77736076, -350.82967005])
36, array([   0.72798269,    2.2170009 , -159.85277227,  -22.30296178,
         -5.46225684, -351.30436696])
37, array([  -1.26188543,    1.77702385, -160.13746608,  -29.47745205,
         -7.76340486, -351.24129659])
38, array([  -2.92363276,    1.24154437, -160.34681912,  -34.77331299,
        -10.43645496, -351.01453982])
39, array([  -4.21679157,    0.64269681, -160.46774826,  -37.98446818,
        -13.28771458, -350.66348168])
