0, array([  -3.4906702 ,   14.30791568, -160.36893899,  -13.0422356 ,
         25.72442916, -351.53505265])
1, array([   3.49791285,   14.61854328, -162.41868311,   -4.24010894,
         15.22827359, -351.61031293])
2, array([   8.65433587,   16.96858267, -162.48543017,    2.56253866,
         13.02760285, -350.71594961])
3, array([  12.11724204,   20.81904618, -160.99116857,    7.29853365,
         17.48361711, -349.08118332])
4, array([  14.02527456,   25.63094613, -158.35788672,    9.90070246,
         26.95751653, -346.93523469])
5, array([  14.51707659,   30.86529485, -155.00757302,   10.30187155,
         39.81050127, -344.50732437])
6, array([  13.73129134,   35.98310466, -151.36221587,    8.43486737,
         54.4037715 , -342.02667296])
7, array([  11.15501228,   40.25716619, -147.17593751,    1.61210248,
         65.73346321, -340.14787262])
8, array([   9.36352925,   42.39054438, -146.05062468,   -4.84494408,
         79.9376293 , -339.10666689])
9, array([   4.57287438,   41.66897267, -144.60092544,  -13.67781472,
         92.60521997, -337.06650101])
10, array([  -0.82081127,   41.22981876, -145.1735405 ,  -23.52803168,
         93.32604904, -336.18276779])
11, array([  -4.68106788,   40.74746091, -146.52969227,  -37.22087737,
         91.89889101, -336.65660416])
12, array([  -8.50576635,   39.64362036, -148.62964206,  -48.36480558,
         86.37016144, -337.18259132])
13, array([ -11.70374442,   36.23800675, -151.9892451 ,  -60.72792494,
         78.90481742, -339.18857869])
14, array([ -13.51776699,   30.93447175, -154.58577729,  -65.98158537,
         66.04825482, -340.99429311])
15, array([ -13.08748092,   25.02738782, -156.99549956,  -67.46787093,
         50.44159024, -343.28453771])
16, array([ -13.0702064 ,   18.03931411, -158.11551423,  -64.71468049,
         33.86223013, -344.72335598])
17, array([ -10.22577278,   11.21952061, -158.68511299,  -54.83114372,
         16.64027855, -346.2558453 ])
18, array([  -6.69418822,    5.00695016, -158.2889962 ,  -45.46745426,
         -3.53112268, -346.50298846])
19, array([  -1.77566043,   -3.26871593, -157.45630346,  -29.39955519,
        -22.29103637, -346.83122231])
20, array([   3.21533782,  -11.20578325, -157.45284688,  -13.34129925,
        -37.39415372, -345.19618365])
21, array([   6.10070913,  -18.78501372, -154.37737446,   -0.54892729,
        -52.09550737, -341.7468597 ])
22, array([   6.57017117,  -23.32463522, -152.40652551,    4.32354755,
        -68.58351604, -338.766522  ])
23, array([   6.14126774,  -27.78146723, -150.66005313,    1.3121129 ,
        -78.84396415, -335.91655184])
24, array([   4.5491014 ,  -29.56527313, -150.16400876,   -5.92755987,
        -87.00415963, -331.97566328])
25, array([   1.59962093,  -30.76809657, -149.94697417,  -17.43087292,
        -89.85764478, -329.96968186])
26, array([  -2.15401613,  -29.76368448, -149.41724162,  -31.63033048,
        -88.42062053, -329.81560391])
27, array([  -5.40102374,  -28.24093089, -150.31545508,  -43.82519611,
        -84.19288213, -330.96740201])
28, array([  -8.30820475,  -25.02479384, -151.01055897,  -56.3234735 ,
        -78.37214014, -332.54557256])
29, array([ -10.18148998,  -20.17044273, -153.64006263,  -64.94788681,
        -70.24289177, -336.2274383 ])
30, array([ -11.38569942,  -14.65900611, -156.37381523,  -70.22346857,
        -60.12377348, -340.32489818])
31, array([ -11.83802783,   -8.84776236, -158.8369957 ,  -71.27019549,
        -48.22585171, -344.4200034 ])
32, array([ -11.45566993,   -3.09398986, -160.65478297,  -67.20804425,
        -34.7601929 , -348.09480521])
33, array([ -10.15582047,    2.24503304, -161.45235598,  -57.15699157,
        -19.93786349, -350.93135484])
34, array([  -7.85567417,    6.81202796, -160.85489365,  -40.23701413,
         -3.96992992, -352.5117035 ])
