0, array([  -4.47922962,    3.30465166, -162.84253696,  -22.68698824,
         13.67549135, -352.00544533])
1, array([  -5.24114791,    2.40863983, -161.36204508,  -35.3226578 ,
          6.01518597, -349.67230929])
2, array([  -4.20399848,    1.5231529 , -160.437144  ,  -38.65077673,
         -1.2641912 , -348.37577587])
3, array([  -1.76481175,    0.77323352, -159.89890304,  -34.51446233,
         -7.62953479, -347.81936117])
4, array([ 1.67938183e+00,  2.83924339e-01, -1.59578392e+02, -2.47568319e+01,
       -1.25477394e+01, -3.47706581e+02])
5, array([ 5.73155183e+00,  1.80268031e-01, -1.59306679e+02, -1.12210026e+01,
       -1.54856997e+01, -3.47740952e+02])
6, array([   9.99466781,    0.58730725, -158.91483419,    4.24990816,
        -15.91031029, -347.62599015])
7, array([  14.33250136,    1.76250142, -157.31121346,   20.46098528,
        -11.89535276, -345.49530705])
8, array([  18.71914437,    3.99933496, -155.38377748,   29.34519287,
         -2.39599806, -343.62923894])
9, array([  19.03961714,    7.27809674, -152.80150989,   40.38424438,
         11.5091005 , -340.40980154])
10, array([  17.51982466,   12.57235468, -151.4979167 ,   48.22661574,
         23.12507563, -338.01300061])
11, array([  15.66549515,   16.57412396, -150.64166028,   47.06486725,
         38.03820757, -336.59129073])
12, array([  15.8352189 ,   18.92416286, -151.32742903,   39.99696086,
         51.94069173, -335.15646422])
13, array([  13.90090145,   19.68199829, -151.55103671,   27.37726471,
         62.67510313, -335.02036528])
14, array([   9.62255362,   19.97711691, -152.68779395,   11.53750483,
         65.40193611, -334.76747272])
15, array([   3.56603453,   18.91289373, -153.73233885,   -9.41094007,
         67.21192887, -335.53461114])
16, array([  -1.89574257,   16.95485925, -155.09272848,  -30.23498652,
         60.71064579, -337.77540556])
17, array([  -8.26134027,   13.62699011, -156.87030105,  -50.2343621 ,
         43.03392941, -340.17134951])
18, array([ -13.1494102 ,    7.91071554, -157.68717589,  -66.85313804,
         27.78745088, -342.49629794])
19, array([ -15.75971668,    4.39320617, -156.77902208,  -83.96864045,
          8.63450851, -342.19863519])
20, array([ -18.99362843,   -2.47975403, -155.4531314 ,  -90.84379102,
        -10.05082301, -342.309646  ])
21, array([ -22.30982669,   -8.03178831, -153.85132952,  -89.41515977,
        -27.55792899, -340.54548827])
22, array([ -21.92891387,  -11.49522548, -153.25057613,  -84.23171694,
        -46.83679138, -338.85298078])
23, array([ -18.64899977,  -16.08080378, -152.91383758,  -82.48950376,
        -60.43850923, -337.27099224])
24, array([ -13.24887145,  -20.43301908, -153.34572683,  -70.04541799,
        -71.97075875, -334.07411313])
25, array([  -9.41565996,  -22.67979411, -152.37031787,  -60.1191369 ,
        -81.9493374 , -331.27690942])
26, array([  -5.11804708,  -22.78155935, -152.31695007,  -43.70974709,
        -84.62031213, -328.35221965])
27, array([   0.4710999 ,  -21.71580743, -152.85349907,  -24.13108038,
        -81.0437195 , -326.92848293])
28, array([   4.53563306,  -19.89362807, -153.07626656,   -7.65410863,
        -81.73753649, -326.71392661])
29, array([   8.39685222,  -18.14037441, -154.22916767,    6.03791699,
        -77.45374293, -328.0088738 ])
30, array([  11.35580919,  -14.48143898, -154.34035487,   15.32864946,
        -67.7232556 , -329.95994317])
31, array([  13.88340211,  -11.43726881, -155.60106477,   21.09153832,
        -54.08422151, -333.50367741])
32, array([  13.05952684,  -11.53373095, -156.60432   ,   25.24042042,
        -39.95738666, -337.65832324])
33, array([  11.12110568,   -8.92293208, -157.84131922,   20.57659067,
        -28.19126433, -341.82581868])
34, array([   8.6115072 ,   -7.4306045 , -159.43469325,   14.55303487,
        -18.86687929, -346.17018265])
35, array([   6.19042652,   -5.79611509, -160.87716239,    5.71119117,
        -11.55645116, -349.85204823])
36, array([   4.3822263 ,   -3.88110079, -162.00002806,   -5.60337373,
         -6.76064547, -352.42939816])
37, array([   3.7112692 ,   -1.54719853, -162.63459168,  -19.04509315,
         -4.98012777, -353.4602152 ])
38, array([   4.70191788,    1.34395474, -162.61215467,  -34.26840038,
         -6.71556359, -352.50248209])
39, array([   7.878535  ,    4.9307221 , -161.76401844,  -50.92772873,
        -12.46761846, -349.11418159])
