0, array([ -12.42820838,   15.59848401, -165.82523849,  -23.98192561,
         -7.35174452, -355.89948507])
1, array([  -2.21994761,   13.50560461, -164.24891378,  -13.01113417,
          3.89840792, -353.66624323])
2, array([   5.49119753,   14.11815051, -161.9439997 ,   -4.82995098,
         16.7302267 , -351.07481087])
3, array([  10.90250314,   16.87402504, -159.13965417,    0.60347315,
         30.45629952, -348.29183226])
4, array([  14.21124531,   21.21113156, -156.06503513,    3.33098738,
         44.38921412, -345.48395168])
5, array([  15.61470016,   26.56737341, -152.94930049,    3.39444088,
         57.84155822, -342.81781342])
6, array([  15.31014377,   32.38065393, -150.02160818,    0.83568283,
         70.12591953, -340.46006174])
7, array([  13.80082913,   38.63363799, -147.80182125,   -6.0507219 ,
         80.52440775, -339.27529914])
8, array([   9.81576062,   43.50758145, -146.15603173,  -14.48052839,
         89.1617551 , -338.17474753])
9, array([   4.68369802,   45.07922235, -145.09795218,  -25.28084449,
         93.62465428, -337.87956894])
10, array([  -0.69526785,   46.00037915, -144.98818528,  -39.26771144,
         86.06026907, -337.65788624])
11, array([  -6.34096927,   46.49204636, -146.46040251,  -49.01445925,
         86.87083977, -338.83923988])
12, array([ -10.75340078,   43.00667793, -147.93368157,  -55.64722084,
         80.39717014, -340.44211791])
13, array([ -14.00221341,   38.24942257, -150.10134022,  -63.33744362,
         69.34329402, -343.01164108])
14, array([ -17.36174362,   31.33450137, -153.43238406,  -67.10552345,
         55.57123804, -345.0926903 ])
15, array([ -17.04330238,   24.32592371, -155.78712086,  -67.61799378,
         43.06124673, -346.56862016])
16, array([ -13.50727967,   17.88205734, -156.5826122 ,  -63.63808176,
         31.05375732, -348.4727314 ])
17, array([  -9.8451719 ,   10.25060957, -158.73500106,  -51.25899593,
         16.49044184, -347.98819751])
18, array([  -6.13555959,    3.61314222, -159.8910906 ,  -40.67833579,
         -0.5153527 , -347.71447096])
19, array([  -2.02536367,   -2.05242088, -160.25198561,  -29.24587897,
        -15.1366466 , -346.03070556])
20, array([   2.5279168 ,   -8.0158022 , -159.9539768 ,  -17.52580775,
        -29.19762411, -343.41936338])
21, array([   5.42069003,  -14.50590516, -157.04521407,   -2.90925275,
        -45.42414797, -339.73632687])
22, array([   6.94059088,  -18.71342736, -153.65900872,    3.43063199,
        -63.57672476, -336.64263005])
23, array([   6.59585172,  -21.96301872, -151.66519685,    5.35880635,
        -72.50891783, -334.38890231])
24, array([   5.67913173,  -25.99818659, -149.88067341,    1.0130039 ,
        -80.84151305, -331.8550419 ])
25, array([   2.62483088,  -27.5567041 , -148.50195767,  -10.96782216,
        -88.12176844, -331.14836453])
26, array([  -3.04724048,  -28.21027495, -148.2370552 ,  -23.58504063,
        -89.0875978 , -330.797014  ])
27, array([  -6.34410968,  -26.79046499, -148.39822248,  -36.89702511,
        -84.23163707, -331.51366465])
28, array([  -8.54602915,  -24.10240348, -149.65242518,  -50.2633198 ,
        -80.04917013, -333.69094138])
29, array([ -12.03849145,  -19.77299342, -153.32430399,  -60.52217766,
        -74.18884309, -336.48821896])
30, array([ -14.56573877,  -14.89621317, -157.25175824,  -67.18017849,
        -66.32967597, -339.61645912])
31, array([ -15.60542732,   -9.88275264, -160.89736911,  -68.96988938,
        -56.46471863, -342.83403541])
32, array([ -14.63521331,   -5.14330175, -163.72371778,  -64.62387744,
        -44.58702095, -345.89932138])
33, array([ -11.13275293,   -1.0885504 , -165.19338544,  -52.87470975,
        -30.68963281, -348.57069058])
34, array([  -4.5757024 ,    1.8708115 , -164.76895328,  -32.45495343,
        -14.76560406, -350.60651656])
