0, array([  -4.75992855,    4.85822307, -166.37643741,  -22.03125587,
         -3.1412589 , -354.03863958])
1, array([  -2.50538878,    5.5788712 , -166.14023875,  -17.40809133,
         -2.24377193, -353.90496691])
2, array([   2.52495169,    7.50626964, -165.51147042,   -6.28311514,
          0.51275421, -353.456458  ])
3, array([   9.65378587,   11.84485145, -163.38278149,   11.50449337,
          9.95755311, -351.51456644])
4, array([  17.10396011,   17.68050126, -160.17838081,   30.583647  ,
         24.97204433, -348.11482082])
5, array([  22.97909344,   23.9981835 , -156.71496204,   45.34578805,
         44.3477244 , -343.71259041])
6, array([  24.96386722,   28.62878151, -154.46477531,   49.46476159,
         62.63234058, -340.11770618])
7, array([  22.52130614,   29.91789288, -154.4898215 ,   41.95412788,
         72.61187187, -339.20627319])
8, array([  17.02680676,   28.40453689, -156.35888449,   26.82848258,
         71.73205953, -341.31468416])
9, array([   9.81870706,   25.73351635, -158.99222021,    7.86475691,
         63.69217892, -345.33002685])
10, array([   2.23821631,   23.35565618, -161.07272122,  -12.09484548,
         54.47891204, -349.27507747])
11, array([  -4.77589618,   22.16589201, -161.75542538,  -32.03013274,
         49.85727603, -350.75333824])
12, array([ -10.67255478,   22.2370584 , -161.10219671,  -53.653963  ,
         51.24045894, -348.97738449])
13, array([ -15.24640983,   22.10405538, -160.23930313,  -75.67291509,
         54.17906294, -345.70491391])
14, array([ -18.03281997,   19.72524883, -160.30244397,  -91.70542917,
         52.85704334, -343.55380857])
15, array([ -18.39104912,   14.89042487, -161.27751215,  -96.55634726,
         44.27764366, -343.89290744])
16, array([ -16.67474361,    8.74241236, -162.74791885,  -88.78375971,
         30.29031689, -346.53442812])
17, array([ -14.34172695,    2.35491192, -163.99406182,  -72.365573  ,
         15.30855376, -350.29348045])
18, array([ -13.22265747,   -3.6488212 , -164.21811168,  -56.10417576,
          2.20644152, -353.28759672])
19, array([ -14.47325818,   -8.66861607, -162.93782446,  -49.06668291,
         -8.74589818, -353.93917158])
20, array([ -17.95499655,  -12.72857449, -160.23974564,  -55.39892724,
        -21.10101157, -351.80271378])
21, array([ -22.19574532,  -16.53034449, -156.80986527,  -68.0986887 ,
        -37.0871165 , -347.19057288])
22, array([ -25.03439224,  -19.88567095, -153.70380302,  -79.14512599,
        -54.01859987, -341.64785213])
23, array([ -24.95084668,  -21.74298898, -152.25590235,  -82.10998839,
        -67.39270142, -337.26937594])
24, array([ -21.82577951,  -21.53524718, -152.94442379,  -74.82357901,
        -73.11937974, -335.7854182 ])
25, array([ -16.73940112,  -20.25237204, -154.94407252,  -60.84756004,
        -70.41636391, -337.70111606])
26, array([ -10.81271508,  -19.2661564 , -156.99679157,  -44.59213503,
        -62.94036795, -341.62139847])
27, array([  -5.04475151,  -19.52990464, -157.85357184,  -28.94507444,
        -56.93014274, -344.81348856])
28, array([ 7.90257195e-02, -2.12893411e+01, -1.57000371e+02, -1.45095757e+01,
       -5.77062696e+01, -3.44557069e+02])
29, array([   4.69364053,  -23.95498851, -154.76378832,    0.34965106,
        -65.99275993, -340.11266369])
30, array([   9.21725172,  -25.50343712, -152.63294736,   16.56049923,
        -75.93839245, -333.84093596])
31, array([  13.47292303,  -24.56113927, -151.96085105,   32.10677947,
        -80.52772033, -329.10912   ])
32, array([  16.95498188,  -21.30083466, -153.1462018 ,   43.98283479,
        -75.95747608, -328.17092913])
33, array([  18.71286329,  -16.56298588, -155.71715418,   49.52723563,
        -63.13951775, -331.36829806])
34, array([  17.78621232,  -11.11981915, -159.01563185,   46.47678075,
        -45.91969572, -337.45101275])
35, array([  13.80492237,   -5.71714642, -162.10485454,   34.47084608,
        -28.92901999, -344.12411704])
36, array([   7.99464973,   -1.17653023, -164.36074468,   17.4500596 ,
        -15.53601064, -349.29441711])
37, array([   2.14850185,    2.27763781, -165.62158061,    0.99696615,
         -6.3056471 , -352.34250458])
38, array([  -2.45719202,    4.55870607, -166.09734727,  -11.55715363,
         -0.69541609, -353.7359593 ])
39, array([  -5.21339902,    5.63051894, -166.07923227,  -19.09893946,
          1.79749284, -354.1319279 ])
