0, array([  -3.64855965,   -2.97464893, -168.29485126,  -37.58012945,
        -12.50632876, -355.82542796])
1, array([   2.41722453,    3.75593285, -165.88774249,  -13.41505064,
         -4.12312892, -353.888381  ])
2, array([   8.21757029,    9.54253088, -163.75516396,    5.00775807,
          6.4011353 , -351.65243887])
3, array([  13.42425589,   14.41276345, -161.91008958,   18.07193908,
         18.23333673, -349.29100068])
4, array([  17.70905958,   18.39424883, -160.36549326,   26.1611348 ,
         30.54034821, -346.97746556])
5, array([  20.74375963,   21.51460528, -159.13434893,   29.65898761,
         42.48904255, -344.88523262])
6, array([  22.20013429,   23.8014511 , -158.2296305 ,   28.94913993,
         53.2462926 , -343.18770099])
7, array([  19.76083637,   25.0491513 , -157.59625053,   28.75622365,
         60.09627097, -342.54670068])
8, array([  15.4243744 ,   26.172202  , -157.03973419,   21.49807993,
         63.84333117, -342.51729941])
9, array([  10.52268947,   26.77076038, -157.40951969,    3.9274989 ,
         66.77908963, -343.4516128 ])
10, array([   3.93811592,   26.16114889, -158.44081749,  -15.72381938,
         65.10641266, -344.81708764])
11, array([  -3.22795989,   24.74704901, -159.7918525 ,  -37.3629507 ,
         64.29728059, -345.47524844])
12, array([  -9.11248452,   24.17251063, -159.87264326,  -56.18046857,
         61.28011206, -346.80922381])
13, array([ -12.40045029,   22.1198301 , -160.62393046,  -69.82669354,
         56.58153584, -346.88326593])
14, array([ -15.47287931,   19.62594161, -161.05467291,  -77.16937021,
         50.06022898, -347.29677136])
15, array([ -16.66263117,   16.02528738, -162.6385566 ,  -80.98044211,
         46.26179897, -348.7330259 ])
16, array([ -16.52842868,   10.33014775, -163.26073933,  -78.46740867,
         35.59234626, -350.35955146])
17, array([ -15.85553931,    3.77525592, -162.91046324,  -73.97132617,
         19.68885382, -350.48433379])
18, array([ -16.08918815,   -3.82604869, -161.85006978,  -74.37927638,
          4.8205619 , -351.15381996])
19, array([ -18.5409602 ,   -9.79762148, -159.89028048,  -67.73238713,
        -12.30429636, -350.06474943])
20, array([ -19.53360018,  -15.23700011, -157.14235332,  -66.56611119,
        -29.57707297, -348.77942658])
21, array([ -20.00984288,  -18.90754524, -155.78431152,  -69.12837765,
        -42.60031264, -346.49657173])
22, array([ -20.54895149,  -22.07718143, -153.71686757,  -70.3988913 ,
        -52.99578235, -343.61914554])
23, array([ -19.54457513,  -22.44326398, -152.88160525,  -71.81309979,
        -57.90471709, -342.17453494])
24, array([ -18.96339262,  -22.07575646, -152.57753532,  -69.09269259,
        -61.35466604, -340.94520517])
25, array([ -15.70303602,  -21.96643057, -152.95937526,  -61.37541382,
        -65.15511091, -341.97879005])
26, array([ -12.23186215,  -22.62521809, -153.52758851,  -52.8684104 ,
        -68.50649304, -343.97209097])
27, array([  -6.61529296,  -22.53947275, -154.74975329,  -38.60051622,
        -68.92761808, -345.59415274])
28, array([  -0.9557728 ,  -21.68989974, -154.71358781,  -19.7267621 ,
        -73.56622683, -344.93538241])
29, array([   3.0848226 ,  -21.27695897, -155.12237815,   -2.54243932,
        -76.60082617, -342.39471765])
30, array([   7.81499985,  -20.07392801, -154.71018431,   11.91161491,
        -74.8291058 , -339.99267177])
31, array([  11.23770255,  -18.3892033 , -155.13477521,   26.75475706,
        -73.06781364, -337.21101846])
32, array([  13.21450884,  -16.54256577, -155.73298262,   34.95906731,
        -68.67054685, -336.23028328])
33, array([  14.90926118,  -14.44452458, -157.66937826,   37.43909298,
        -58.43483102, -335.77788737])
34, array([  14.84554197,  -10.78590619, -159.77055055,   38.44373555,
        -44.10575551, -337.50861067])
35, array([  13.57018492,   -6.96084997, -161.82244377,   35.45654889,
        -29.18466333, -340.25414316])
36, array([  11.04567802,   -3.24556417, -163.59876807,   28.12317578,
        -15.07300676, -343.86934867])
37, array([ 7.23450931e+00,  8.37429534e-02, -1.64873234e+02,  1.60892590e+01,
       -3.17223811e+00, -3.48209091e+02])
38, array([   2.09916679,    2.75086315, -165.41955049,   -0.99955856,
          5.11619033, -353.128234  ])
39, array([  -4.39786153,    4.47958818, -165.01142892,  -23.49763419,
          8.39082628, -358.48164145])
