0, array([  -8.76278229,   -1.92887571, -161.3223454 ,  -43.10047543,
         -1.15687549, -351.83302645])
1, array([  -9.7744542 ,    0.44866168, -160.88605979,  -44.04520549,
          4.27538224, -351.29449852])
2, array([  -9.92215025,    0.44138491, -160.9370259 ,  -44.60717587,
          4.01768556, -351.3815976 ])
3, array([-9.18572372e+00, -1.06741218e+00, -1.61207888e+02, -4.39208506e+01,
        1.57919195e-01, -3.51733618e+02])
4, array([  -7.32524967,   -3.46687722, -161.46177948,  -40.7308428 ,
         -5.99056224, -352.01628183])
5, array([  -2.50608523,   -7.26966727, -161.42279997,  -30.12514618,
        -16.56622435, -351.73525876])
6, array([   2.61053946,   -9.32761753, -160.96891339,  -16.84841161,
        -23.38166413, -350.65632589])
7, array([   8.36226846,  -10.03151878, -159.78999597,   -1.05970899,
        -27.29625654, -348.94410895])
8, array([  14.82889007,   -9.39487199, -157.79742504,   17.03744448,
        -28.12222942, -346.69161277])
9, array([  21.19218472,   -6.97882116, -155.19194286,   35.06747015,
        -23.97678997, -344.21312883])
10, array([  26.11056548,   -2.13737815, -152.19179812,   49.69274481,
        -12.77394034, -341.6428765 ])
11, array([  29.03964974,    3.70559948, -149.70679847,   58.46957549,
          2.55456781, -339.25074965])
12, array([  29.67635863,    9.8599519 , -147.99321686,   60.38931731,
         20.61786119, -337.20471858])
13, array([  27.69071239,   15.27171221, -147.3353129 ,   54.46806711,
         38.9347438 , -335.80528308])
14, array([  22.2682512 ,   18.0429223 , -148.27031638,   37.86316707,
         52.24818032, -335.85433938])
15, array([  15.31495619,   18.72206319, -149.87697691,   16.99085061,
         59.82834276, -336.91162079])
16, array([   7.62093396,   17.43213024, -152.039647  ,   -5.82252454,
         61.24024032, -338.7112702 ])
17, array([  -0.42740008,   14.36786475, -154.65191542,  -29.41158657,
         56.63186887, -341.04160012])
18, array([  -7.96673658,    9.98265779, -157.00560208,  -50.86395049,
         46.66621733, -343.46874607])
19, array([ -14.19461939,    4.9270017 , -158.34352774,  -69.17790557,
         32.77736109, -345.41081856])
20, array([ -18.89771109,   -0.38523827, -158.87408207,  -83.41163977,
         16.4924605 , -346.71451822])
21, array([ -22.08812245,   -5.85728764, -158.63221806,  -93.1745067 ,
         -1.9212657 , -347.11437495])
22, array([ -23.43339958,  -10.96880371, -157.44458942,  -96.52735584,
        -21.21182994, -345.83910132])
23, array([ -22.77379406,  -15.80837813, -155.80624822,  -93.52356507,
        -40.36322608, -342.44787082])
24, array([ -20.71217469,  -20.63988961, -154.07318321,  -85.93858851,
        -58.9872764 , -337.89929676])
25, array([ -17.31605646,  -25.24538655, -152.41472272,  -73.40916133,
        -76.49302048, -332.76402602])
26, array([ -12.79307605,  -29.00738159, -151.0964259 ,  -55.96919399,
        -91.08592293, -327.95612845])
27, array([  -7.10074672,  -30.55047284, -150.44847762,  -32.22818255,
        -98.22809893, -324.54937765])
28, array([  -1.3045098 ,  -30.52148178, -150.33077228,   -7.96237674,
        -98.73762815, -322.91925046])
29, array([   3.95111611,  -29.03602907, -150.90453716,   13.71035953,
        -92.70382287, -323.30176107])
30, array([   8.2875613 ,  -26.21130592, -152.28430501,   30.92724025,
        -80.45550692, -325.77347744])
31, array([  10.41375888,  -22.22375951, -154.48492321,   38.57733137,
        -63.54432686, -330.22600205])
32, array([  10.56174566,  -18.30366225, -156.81021415,   38.29826788,
        -46.66257867, -335.59557282])
33, array([   9.18778459,  -14.84959114, -158.92952771,   32.35140854,
        -31.79406798, -340.83642074])
34, array([   6.56236892,  -11.97822417, -160.72885569,   21.76290281,
        -19.53198594, -345.56947027])
35, array([   3.17694605,  -10.05304215, -161.94925507,    7.95733528,
        -11.43448544, -349.10304491])
36, array([-1.12968348e-01, -9.25819246e+00, -1.62477973e+02, -5.90767523e+00,
       -8.13887866e+00, -3.51080963e+02])
37, array([  -2.98428774,   -8.71976365, -162.62873333,  -17.33353904,
         -6.76630104, -352.233451  ])
38, array([  -5.35369888,   -8.29549465, -162.51328377,  -25.88269508,
         -6.54456699, -352.68085952])
39, array([  -7.02262654,   -7.97189575, -162.23493979,  -30.8927994 ,
         -6.94942944, -352.43519774])
