0, array([  -6.0450035 ,   -0.97380909, -160.88270792,  -27.7640499 ,
         -1.80667395, -351.74578808])
1, array([-5.98925849e+00,  4.12785441e-02, -1.60433165e+02, -2.61439985e+01,
        7.98280321e-01, -3.51283176e+02])
2, array([  -4.9509167 ,   -0.3785659 , -160.41259826,  -23.61262806,
         -0.96459192, -351.21868974])
3, array([  -2.62624164,   -2.63914497, -160.93729244,  -19.83422869,
         -8.34722105, -351.65868702])
4, array([ 2.87891869e-01, -2.45779724e+00, -1.60435214e+02, -1.16370854e+01,
       -1.03257838e+01, -3.50884131e+02])
5, array([   3.57246535,   -1.64766007, -159.57473189,   -1.83023103,
        -10.38835958, -349.66425539])
6, array([ 7.63182550e+00, -1.58613306e-01, -1.58204396e+02,  1.06028405e+01,
       -7.92187130e+00, -3.47786304e+02])
7, array([  11.41509465,    2.53157839, -156.27010873,   22.06762938,
         -1.44117088, -345.4390233 ])
8, array([  14.87391436,    5.82078108, -154.17392352,   32.48857721,
          7.25151437, -342.86602157])
9, array([  17.05829812,    9.78684417, -152.30089761,   38.96976723,
         19.26650584, -340.16782782])
10, array([  17.69184722,   13.40586722, -150.95633104,   40.57785344,
         32.08320752, -337.76215174])
11, array([  17.22763215,   16.8019525 , -149.94777087,   38.76754747,
         45.40858637, -335.57321603])
12, array([  13.95307087,   18.87239773, -149.76424369,   28.59533274,
         55.86175822, -334.66019815])
13, array([   9.64560372,   19.7321253 , -150.02825611,   14.96204177,
         62.33464293, -334.67204271])
14, array([   4.25917604,   19.49931768, -150.71307464,   -2.26332921,
         65.3220203 , -335.53795155])
15, array([  -2.1756339 ,   17.4978744 , -151.86432148,  -23.29639378,
         61.58114397, -337.61968297])
16, array([  -8.40286118,   14.87809994, -153.05951896,  -43.63878135,
         54.63831465, -339.68240985])
17, array([ -14.49008849,   11.34041705, -154.33721768,  -63.48141522,
         43.04355226, -341.71995553])
18, array([ -19.21811335,    6.3633175 , -155.21825413,  -78.59709184,
         25.97122456, -342.86433934])
19, array([ -22.82159649,    1.07876135, -155.77747779,  -89.99960018,
          7.42350424, -343.30144514])
20, array([ -24.38233103,   -4.58982937, -155.73028509,  -94.74520339,
        -13.28639349, -342.37320496])
21, array([ -24.16032692,   -9.45687042, -155.06296056,  -93.3895415 ,
        -32.38256614, -340.33405349])
22, array([ -22.93370122,  -13.90781729, -154.19255266,  -88.53211484,
        -50.5465813 , -337.7022311 ])
23, array([ -20.06805723,  -17.25347379, -153.60072121,  -77.79272971,
        -64.93481808, -334.44113251])
24, array([ -16.58012418,  -19.71206898, -153.33900912,  -64.45770326,
        -75.33897917, -331.49861896])
25, array([ -12.56973499,  -21.57450062, -153.30551998,  -48.95988726,
        -83.12081087, -328.75925883])
26, array([  -8.08352965,  -21.806599  , -153.63167399,  -31.13099853,
        -85.31964946, -327.60620923])
27, array([  -3.77153034,  -21.25687778, -154.15428551,  -14.39530511,
        -84.52842586, -327.55880575])
28, array([   0.48785684,  -19.84283302, -154.90622256,    1.68436655,
        -80.47299274, -328.70768925])
29, array([   3.4440376 ,  -16.85732658, -155.81369862,   11.72268584,
        -70.00336092, -331.62269455])
30, array([   5.60407333,  -13.68630086, -156.8237558 ,   18.37176951,
        -58.26591174, -334.88929814])
31, array([   6.63784846,  -10.29099765, -158.03503516,   20.19418614,
        -44.75606605, -338.64984859])
32, array([   6.15278194,   -7.55162542, -159.05066385,   16.37754827,
        -32.4606897 , -342.25033835])
33, array([   5.08722569,   -5.25010841, -159.89657245,   10.43258725,
        -21.42467532, -345.5398229 ])
34, array([   3.29624856,   -3.68020844, -160.41044854,    1.75389596,
        -12.73633845, -348.17648648])
35, array([   1.26874857,   -2.75847541, -160.73658313,   -7.30063843,
         -6.42421017, -350.03813377])
36, array([  -0.90694585,   -2.1952956 , -160.97556096,  -16.60805525,
         -1.44980199, -351.47151911])
37, array([  -3.02082664,   -2.18465701, -161.169226  ,  -24.97754151,
          0.83804124, -352.12143151])
38, array([  -4.86913589,   -2.38075496, -161.29192765,  -31.76522981,
          1.95323264, -352.46526458])
39, array([  -6.55879017,   -2.74459444, -161.36219234,  -37.49372642,
          2.17722767, -352.57790964])
