0, array([ -11.48909416,    3.00997554, -159.5139077 ,  -41.98977914,
          6.32695446, -351.23047992])
1, array([ -12.01915936,    3.76923931, -159.00163023,  -41.78220961,
          8.70903691, -350.66309176])
2, array([ -10.71885866,    3.13006607, -159.46500193,  -39.15919165,
          6.01703197, -351.05287791])
3, array([-7.93204025e+00,  1.58122961e+00, -1.60524015e+02, -3.41372300e+01,
       -1.59504544e-01, -3.52016262e+02])
4, array([  -4.37319428,    1.38575384, -160.31380151,  -24.3090006 ,
         -3.01738704, -351.63567564])
5, array([ 1.15487207e-01,  1.80823373e+00, -1.59461145e+02, -1.07681082e+01,
       -3.96453354e+00, -3.50227069e+02])
6, array([   5.19879912,    2.91798122, -158.03028394,    4.98991924,
         -2.61103317, -347.92851025])
7, array([  10.64745136,    5.28368228, -155.75562642,   21.74168351,
          3.24491907, -344.39840407])
8, array([  15.45316134,    8.68980472, -153.04611167,   36.26729972,
         13.30796791, -340.24943728])
9, array([  19.31896158,   12.65919211, -150.33782651,   47.78175964,
         25.9928189 , -335.91287062])
10, array([  21.72727176,   17.16411559, -147.86838581,   54.71872531,
         41.5008394 , -331.53509104])
11, array([  21.51778942,   20.89599472, -146.47046101,   52.28006685,
         57.65346052, -327.90619519])
12, array([  19.63282729,   23.83929444, -145.81128596,   44.33686417,
         72.30014953, -325.06382329])
13, array([  16.02166451,   25.8223321 , -145.95594885,   30.87721401,
         84.60452806, -323.18074952])
14, array([  10.37361923,   25.23762452, -147.39918719,   10.83993202,
         86.92938373, -324.3575627 ])
15, array([   3.90910961,   23.29564095, -149.2634433 ,  -11.41355934,
         84.04177021, -326.89733954])
16, array([  -3.05631523,   20.1304441 , -151.41914253,  -34.82294341,
         76.42181704, -330.55529917])
17, array([  -9.77283922,   15.25061988, -153.53295363,  -56.46049866,
         62.52178364, -335.08762722])
18, array([ -15.49107442,    9.56328775, -155.09247481,  -74.06314199,
         45.18242546, -338.9126586 ])
19, array([ -20.25705734,    3.42794431, -156.06052529,  -88.25047038,
         25.63874806, -341.94663878])
20, array([ -23.43402854,   -2.77092734, -155.95873594,  -97.54278944,
          4.73766253, -343.46844472])
21, array([ -24.73619727,   -9.26142295, -155.01113507, -100.78310959,
        -17.5052033 , -343.30052396])
22, array([ -24.52063462,  -15.42830447, -153.72888442,  -99.10658101,
        -39.14310846, -341.83884658])
23, array([ -22.3960509 ,  -20.82805983, -152.27283739,  -91.2246299 ,
        -58.95645106, -338.79381009])
24, array([ -18.11209302,  -24.81540264, -150.89467328,  -76.6495961 ,
        -73.88007309, -334.51910279])
25, array([ -12.8515777 ,  -27.71616297, -149.89189074,  -58.50999591,
        -85.5334766 , -330.32666945])
26, array([  -6.76632881,  -29.37054147, -149.38293354,  -37.15533785,
        -93.47543933, -326.51458906])
27, array([-1.94815751e-01, -2.89077435e+01, -1.49396872e+02, -1.43334226e+01,
       -9.45682128e+01, -3.25478683e+02])
28, array([   5.72233411,  -27.09452016, -149.88690958,    5.38878616,
        -90.41167271, -325.89744246])
29, array([  10.82299551,  -24.08686952, -150.81700837,   21.67049704,
        -81.53462823, -327.64821709])
30, array([  14.08812923,  -19.57850659, -152.41583466,   31.75850224,
        -66.55027118, -331.19626999])
31, array([  15.35248846,  -14.68301373, -154.12064661,   35.45955922,
        -50.2300737 , -335.34214053])
32, array([  15.06939213,   -9.77740067, -155.83460987,   34.20514741,
        -33.79069839, -339.75996905])
33, array([  12.9516254 ,   -5.5564473 , -157.37742429,   27.0463976 ,
        -19.42387638, -344.02586168])
34, array([   9.77586323,   -2.54995288, -158.57439179,   16.64522327,
         -8.79957738, -347.46000983])
35, array([ 6.38373640e+00, -2.45389749e-01, -1.59585148e+02,  5.63626076e+00,
       -8.35766791e-01, -3.50094183e+02])
36, array([   3.16223621,    1.40287416, -160.43918682,   -4.74470626,
          4.12202217, -351.65175565])
37, array([   0.71338793,    2.50013681, -160.59474512,  -12.23104081,
          6.28293114, -352.00929888])
38, array([  -1.15872313,    3.44221788, -160.63689137,  -17.79638325,
          7.61357289, -352.02459383])
39, array([  -2.36613446,    4.24953471, -160.63915173,  -21.21073479,
          8.27448962, -351.78180596])
