0, array([  -3.22769568,    1.41475016, -166.10847326,  -15.26400596,
         -5.69913673, -353.69385545])
1, array([   3.95921687,    4.5466522 , -165.1756244 ,   -4.2986419 ,
         -4.65221427, -353.25927495])
2, array([  10.68799973,    8.8929955 , -163.5930894 ,    9.81564129,
          2.27449173, -352.1273682 ])
3, array([  18.13766539,   14.24688786, -161.25031071,   27.43707808,
         13.26694087, -350.11536172])
4, array([  24.18090318,   19.59558082, -158.33884934,   44.19375007,
         28.69058502, -347.09540059])
5, array([  27.75879362,   24.57989833, -155.32968479,   55.14564199,
         47.7051656 , -342.65991905])
6, array([  27.55370996,   28.17634616, -153.759434  ,   55.17821053,
         66.21111814, -338.55810959])
7, array([  23.60024703,   28.9520387 , -154.6331432 ,   45.79177544,
         78.11904465, -337.10592483])
8, array([  17.02621578,   26.54717007, -157.35785164,   30.04713477,
         75.59628206, -339.55575093])
9, array([   9.4481443 ,   23.8150942 , -160.17478837,   11.7674099 ,
         64.73561707, -344.17920512])
10, array([   2.2353947 ,   21.80105835, -162.33903144,   -6.7419802 ,
         51.81309559, -349.40666553])
11, array([  -3.92021582,   20.83913558, -162.9912381 ,  -25.22488826,
         44.51602411, -352.40226103])
12, array([  -8.35865446,   21.53790006, -161.91981637,  -45.4710724 ,
         48.65276138, -349.77962715])
13, array([ -12.23186122,   22.03804728, -161.05460669,  -69.9408651 ,
         55.18885598, -344.90560259])
14, array([ -14.99107132,   19.93443875, -161.42606447,  -90.02075083,
         56.0323587 , -340.97216934])
15, array([ -15.54958076,   14.46881025, -162.65772944,  -97.75467057,
         46.75470919, -340.63624675])
16, array([ -13.88238588,    7.99665088, -164.11258316,  -91.2198458 ,
         32.78998433, -343.54648024])
17, array([ -10.58667677,    1.55656122, -165.41948238,  -71.43850881,
         18.19757476, -348.58215708])
18, array([  -8.25557816,   -4.53675868, -165.83524616,  -48.16020107,
          6.28143704, -353.25518677])
19, array([  -8.83482017,   -9.68105262, -164.64951251,  -37.59225318,
         -2.85146728, -354.96900263])
20, array([ -12.02956771,  -13.54083226, -162.22022733,  -43.41744901,
        -13.57145296, -354.39715685])
21, array([ -16.86905597,  -17.10497044, -159.08481695,  -59.95405993,
        -28.039601  , -350.95364169])
22, array([ -21.16774069,  -21.15213249, -155.47324963,  -77.39709386,
        -47.24949418, -344.55606383])
23, array([ -22.40523137,  -23.7602108 , -153.13240316,  -85.23096441,
        -66.0894122 , -337.94368935])
24, array([ -19.49322119,  -23.43896008, -153.41334043,  -78.14051099,
        -77.07757176, -334.33376319])
25, array([ -13.63296315,  -21.65577821, -155.57150885,  -61.45220737,
        -77.16479892, -335.41476431])
26, array([  -6.49963551,  -20.16920151, -157.79075402,  -41.6902261 ,
        -69.44254016, -339.94893468])
27, array([   0.3911203 ,  -19.72029567, -158.82437437,  -22.95759384,
        -61.16168099, -344.60674639])
28, array([   5.83254986,  -21.26731755, -157.94658477,   -7.31436338,
        -60.19741237, -345.70760939])
29, array([  10.81321016,  -23.97993535, -155.38218798,    9.1035065 ,
        -69.43191121, -340.38019648])
30, array([  16.17985837,  -23.99591018, -153.27154847,   29.09626367,
        -78.08996689, -332.67846358])
31, array([  21.62727993,  -20.57716976, -152.74781283,   49.40965336,
        -77.71134711, -327.24361801])
32, array([  26.45030479,  -15.36850034, -153.91251991,   65.41216368,
        -66.91796163, -326.19948448])
33, array([  28.64689284,   -9.2864078 , -156.29125444,   72.49516576,
        -49.2778158 , -330.04749185])
34, array([  26.71290976,   -3.68014881, -159.10009482,   67.12984496,
        -31.75401828, -336.65177603])
35, array([  20.23624704,    0.40256662, -161.8214812 ,   49.28183977,
        -18.63694869, -343.76446665])
36, array([  11.53694207,    3.19508157, -164.03107257,   25.09792805,
        -10.94283068, -348.82830108])
37, array([   3.08165372,    5.42637683, -165.22479065,    3.23634308,
         -5.85096236, -351.79443382])
38, array([  -3.56029914,    6.90013814, -165.54374321,  -12.9412334 ,
         -2.25331977, -353.39149903])
39, array([-7.22297634e+00,  7.58207686e+00, -1.65335932e+02, -2.17269340e+01,
        2.87344592e-02, -3.53819553e+02])
