0, array([  15.06648664,   12.10534322, -154.57656737,    3.257422  ,
          8.19425816, -348.76198233])
1, array([  19.54462669,   15.46355901, -152.60602542,   14.25488121,
         17.4702846 , -347.08582465])
2, array([  23.36249006,   19.19813133, -150.46191283,   24.00850117,
         28.27501022, -344.99942225])
3, array([  26.56383063,   23.36792772, -148.13048151,   32.62754178,
         40.80439488, -342.47577231])
4, array([  27.33575428,   27.31935167, -146.39482246,   35.78902579,
         53.99847256, -339.82925648])
5, array([  26.67156563,   30.93483668, -144.99563817,   35.35542773,
         66.87288979, -337.29093982])
6, array([  24.69395999,   34.1082743 , -143.96375322,   31.5285549 ,
         78.98842884, -334.91760341])
7, array([  20.18156584,   36.28178827, -143.73852733,   20.53109569,
         89.12327615, -332.71561557])
8, array([  14.19416902,   37.60542432, -143.920059  ,    5.38899314,
         95.79101622, -331.06832785])
9, array([   7.02326581,   38.14137471, -144.4766014 ,  -13.02734798,
         99.35146198, -329.97355732])
10, array([  -0.73326931,   36.86977727, -145.75558908,  -33.01024668,
         96.05181712, -330.44167648])
11, array([  -7.15626673,   34.09743482, -147.31902708,  -49.71857737,
         88.14648095, -331.8857123 ])
12, array([ -12.386436  ,   30.18847448, -149.08004199,  -63.6074162 ,
         76.85176826, -334.03591421])
13, array([ -14.64829815,   25.02010574, -150.879769  ,  -70.60142417,
         62.07501914, -336.89533933])
14, array([ -14.62476912,   18.92852307, -152.51179629,  -72.01565371,
         45.96253487, -339.88285762])
15, array([ -13.05910086,   12.51625433, -153.84099511,  -69.2231954 ,
         29.53886676, -342.72144139])
16, array([  -9.47752497,    5.87454547, -154.45870482,  -59.98688661,
         12.69841232, -345.0600063 ])
17, array([  -4.15282436,   -0.57467654, -154.25252567,  -45.68974639,
         -3.84459706, -346.32550056])
18, array([   1.96252394,   -6.77798167, -153.39388397,  -29.06682553,
        -19.83394872, -346.63786977])
19, array([   8.92695932,  -12.81591584, -151.45989508,   -9.95517108,
        -35.42791543, -345.33674899])
20, array([  14.00911372,  -18.43618553, -148.50377591,    4.61578126,
        -49.98425899, -341.99783378])
21, array([  17.24074416,  -23.87322225, -144.86282062,   14.62574436,
        -64.40530247, -337.58351287])
22, array([  17.2289975 ,  -28.84975278, -140.48363051,   16.4701186 ,
        -78.36004223, -332.20137968])
23, array([  13.48470816,  -33.13118618, -136.70008378,    8.71917088,
        -90.52627646, -327.3562062 ])
24, array([   8.34264434,  -36.5663859 , -133.84233004,   -3.03850608,
       -100.06764939, -323.47475826])
25, array([   1.85606445,  -38.84851938, -132.35694682,  -18.96697315,
       -105.82736728, -321.013494  ])
26, array([  -4.76335254,  -38.47542968, -133.16139688,  -36.12514613,
       -104.65332027, -321.2266059 ])
27, array([ -10.66800222,  -36.65333816, -135.11603126,  -51.69994917,
        -99.53588867, -322.92883688])
28, array([ -15.65357118,  -33.13668769, -138.39251416,  -65.11519115,
        -89.73409464, -326.37880399])
29, array([ -17.66913733,  -27.07222251, -142.79301383,  -70.3320946 ,
        -74.18145792, -331.23804713])
30, array([ -17.81579019,  -20.07610799, -147.30521977,  -70.74345185,
        -56.81288469, -336.36912581])
31, array([ -15.87276607,  -12.40147184, -151.6796776 ,  -65.84509668,
        -38.3389692 , -341.51649148])
32, array([ -11.82760318,   -5.41968243, -155.42470464,  -55.07418262,
        -22.00935425, -345.86456609])
33, array([-7.81008038e+00,  3.45686985e-01, -1.58481093e+02, -4.41646326e+01,
       -8.79461658e+00, -3.49283647e+02])
34, array([  -3.81702963,    4.98823492, -160.90873251,  -33.09545833,
          1.51794868, -351.8300396 ])
