[0.06161132324066833,0.005168151738492444,-0.30716707899800966,-0.15545640714353862,0.14947246749664697,-0.6552483412009869] [0.07320053438311551,-0.017017807813127617,-0.4029302304124407,-0.18682512973209528,0.07954348824171387,-0.7296338674174825]
[0.07320053438311551,-0.017017807813127617,-0.4029302304124407,-0.18682512973209528,0.07954348824171387,-0.7296338674174825] [0.10721391761244631,-0.03989446636102589,-0.42677944883244123,-0.16562023392491487,0.024122946673892164,-0.739263116735863]
[0.10721391761244631,-0.03989446636102589,-0.42677944883244123,-0.16562023392491487,0.024122946673892164,-0.739263116735863] [0.15797934230030236,-0.06010199876106653,-0.391158193909261,-0.10359471911343854,-0.015993508219247145,-0.6982222720050908]
[0.15797934230030236,-0.06010199876106653,-0.391158193909261,-0.10359471911343854,-0.015993508219247145,-0.6982222720050908] [0.21982467781832524,-0.07428058091205642,-0.30850990990770555,-0.012501584270631076,-0.04001022756165439,-0.6205975109838553]
[0.21982467781832524,-0.07428058091205642,-0.30850990990770555,-0.012501584270631076,-0.04001022756165439,-0.6205975109838553] [0.28707779263413236,-0.07907038558397378,-0.19127810015666924,0.09590617121206638,-0.047131562464888636,-0.5204750317919355]
[0.28707779263413236,-0.07907038558397378,-0.19127810015666924,0.09590617121206638,-0.047131562464888636,-0.5204750317919355] [0.3540665573849992,-0.07111159034433434,-0.05190619055649748,0.20987554815245085,-0.03656186392279199,-0.41194099813886886]
[0.3540665573849992,-0.07111159034433434,-0.05190619055649748,0.20987554815245085,-0.03656186392279199,-0.41194099813886886] [0.40510614152393004,-0.03602804021977285,0.08746271074602774,0.30635175881910987,0.006619699342458721,-0.3667673263023943]
[0.40510614152393004,-0.03602804021977285,0.08746271074602774,0.30635175881910987,0.006619699342458721,-0.3667673263023943] [0.44428657451203846,0.009872279896689984,0.2694295211753728,0.38452679159443964,0.0581323163663308,-0.2995740279519614]
[0.44428657451203846,0.009872279896689984,0.2694295211753728,0.38452679159443964,0.0581323163663308,-0.2995740279519614] [0.49119356899465577,0.08956696624261107,0.3459514077627377,0.44430853914717194,0.12454145340851064,-0.2286246985381375]
[0.49119356899465577,0.08956696624261107,0.3459514077627377,0.44430853914717194,0.12454145340851064,-0.2286246985381375] [0.5089468263301542,0.19248693735280287,0.38100166734338625,0.44327291743260644,0.21776537494522852,-0.18916145110952076]
[0.5089468263301542,0.19248693735280287,0.38100166734338625,0.44327291743260644,0.21776537494522852,-0.18916145110952076] [0.49225709691146474,0.3356799853379907,0.4891942817099011,0.43239017256832224,0.323718466931017,-0.14121676486439227]
[0.49225709691146474,0.3356799853379907,0.4891942817099011,0.43239017256832224,0.323718466931017,-0.14121676486439227] [0.4646566780656836,0.3907193911219492,0.5556489570511989,0.37779225932065746,0.4168050611025373,-0.10336149592937272]
[0.4646566780656836,0.3907193911219492,0.5556489570511989,0.37779225932065746,0.4168050611025373,-0.10336149592937272] [0.3921030386525883,0.4267555134197045,0.5486996986563266,0.26466710768151974,0.4981326213238846,-0.11490316481348906]
[0.3921030386525883,0.4267555134197045,0.5486996986563266,0.26466710768151974,0.4981326213238846,-0.11490316481348906] [0.27609952052512865,0.4031123249520643,0.4667237947402878,0.1293305790480967,0.5852892897331742,-0.14287743460431113]
[0.27609952052512865,0.4031123249520643,0.4667237947402878,0.1293305790480967,0.5852892897331742,-0.14287743460431113] [0.16097377575464172,0.36975968240913004,0.3900383805473213,-0.010642619849943531,0.5818166977447092,-0.1808728267366586]
[0.16097377575464172,0.36975968240913004,0.3900383805473213,-0.010642619849943531,0.5818166977447092,-0.1808728267366586] [0.03267349004232145,0.33226447475686194,0.34051622741019116,-0.15441246632935113,0.5378642710020525,-0.207309005239801]
[0.03267349004232145,0.33226447475686194,0.34051622741019116,-0.15441246632935113,0.5378642710020525,-0.207309005239801] [-0.09272309496929487,0.23900361736770903,0.2540973244752651,-0.28941609043960703,0.44123803921004745,-0.2442596518635174]
[-0.09272309496929487,0.23900361736770903,0.2540973244752651,-0.28941609043960703,0.44123803921004745,-0.2442596518635174] [-0.1992723307541553,0.08075848306820155,0.1739094824987415,-0.41436886269947887,0.3204063869106421,-0.2670901380672879]
[-0.1992723307541553,0.08075848306820155,0.1739094824987415,-0.41436886269947887,0.3204063869106421,-0.2670901380672879] [-0.29110023200033525,-0.021398160374353214,0.1375926556543945,-0.5119581220541012,0.1963958308843486,-0.3287471280489944]
[-0.29110023200033525,-0.021398160374353214,0.1375926556543945,-0.5119581220541012,0.1963958308843486,-0.3287471280489944] [-0.3689026549070305,-0.1295895622153766,0.11024363308742657,-0.5700752213783615,0.07006790252133435,-0.33268610209178373]
[-0.3689026549070305,-0.1295895622153766,0.11024363308742657,-0.5700752213783615,0.07006790252133435,-0.33268610209178373] [-0.3910037276486357,-0.23783724814265939,0.08637895228554093,-0.5919079070322334,-0.07789305279789918,-0.297054764183569]
[-0.3910037276486357,-0.23783724814265939,0.08637895228554093,-0.5919079070322334,-0.07789305279789918,-0.297054764183569] [-0.4099487472917868,-0.3334745418323698,0.14072107525708333,-0.5793653887001593,-0.22499785694959656,-0.22831215008669403]
[-0.4099487472917868,-0.3334745418323698,0.14072107525708333,-0.5793653887001593,-0.22499785694959656,-0.22831215008669403] [-0.38251787764826733,-0.42934620796150036,0.2519110698455318,-0.5292650842289561,-0.3618389177766991,-0.09215557207349079]
[-0.38251787764826733,-0.42934620796150036,0.2519110698455318,-0.5292650842289561,-0.3618389177766991,-0.09215557207349079] [-0.2974433465900043,-0.5214179049013982,0.40761199624366995,-0.4994575379767021,-0.462311979196822,0.011407237019008143]
[-0.2974433465900043,-0.5214179049013982,0.40761199624366995,-0.4994575379767021,-0.462311979196822,0.011407237019008143] [-0.18660881536444626,-0.5945427874594358,0.515234266461599,-0.394706932604657,-0.5260136961935205,0.14293270213950393]
[-0.18660881536444626,-0.5945427874594358,0.515234266461599,-0.394706932604657,-0.5260136961935205,0.14293270213950393] [-0.035490299188350935,-0.6439102753310804,0.537931134157466,-0.25984853860221485,-0.5414231267834759,0.20105692978923084]
[-0.035490299188350935,-0.6439102753310804,0.537931134157466,-0.25984853860221485,-0.5414231267834759,0.20105692978923084] [0.10701844117602115,-0.6518740210038366,0.5492712856323845,-0.12681898995591623,-0.5742487293464091,0.23758404963015956]
[0.10701844117602115,-0.6518740210038366,0.5492712856323845,-0.12681898995591623,-0.5742487293464091,0.23758404963015956] [0.24517864454214464,-0.6173216657232328,0.5513305514863953,0.01960441167808556,-0.5556546292529155,0.2522094638097512]
[0.24517864454214464,-0.6173216657232328,0.5513305514863953,0.01960441167808556,-0.5556546292529155,0.2522094638097512] [0.3553080864074179,-0.5787731465758656,0.47301626944247754,0.14988874065619415,-0.4765131021408812,0.19657391410800873]
[0.3553080864074179,-0.5787731465758656,0.47301626944247754,0.14988874065619415,-0.4765131021408812,0.19657391410800873] [0.4247792718660387,-0.5106686542032298,0.4009419878799667,0.26281247902403876,-0.37976963578162226,0.0928384362427419]
[0.4247792718660387,-0.5106686542032298,0.4009419878799667,0.26281247902403876,-0.37976963578162226,0.0928384362427419] [0.4695555175760512,-0.39254002976239893,0.2507903457054752,0.3388693453898345,-0.26555468702100465,-0.03952108209019389]
[0.4695555175760512,-0.39254002976239893,0.2507903457054752,0.3388693453898345,-0.26555468702100465,-0.03952108209019389] [0.4416303625587175,-0.29674607477432435,0.10369253561721337,0.36381001861058776,-0.1371432212711504,-0.19909068384633777]
[0.4416303625587175,-0.29674607477432435,0.10369253561721337,0.36381001861058776,-0.1371432212711504,-0.19909068384633777] [0.38619167102922997,-0.2135645282411781,0.018809829976326853,0.3751354054568761,-0.07370085084367867,-0.33555876090034253]
[0.38619167102922997,-0.2135645282411781,0.018809829976326853,0.3751354054568761,-0.07370085084367867,-0.33555876090034253] [0.2945885114727122,-0.1525096935466397,-0.10578287463971314,0.30738222002342597,-0.026902608501874772,-0.45662008481667105]
[0.2945885114727122,-0.1525096935466397,-0.10578287463971314,0.30738222002342597,-0.026902608501874772,-0.45662008481667105] [0.19946052111688173,-0.10537172718786184,-0.21977964766200486,0.22642004246196365,0.0034921909637654347,-0.5600753871438799]
[0.19946052111688173,-0.10537172718786184,-0.21977964766200486,0.22642004246196365,0.0034921909637654347,-0.5600753871438799] [0.114979718278737,-0.07404082646971716,-0.3149688485443001,0.14764730710028762,0.01777506536192075,-0.6393405708359188]
[0.114979718278737,-0.07404082646971716,-0.3149688485443001,0.14764730710028762,0.01777506536192075,-0.6393405708359188] [0.05531812127527633,-0.060407188697078174,-0.38313883674034876,0.08646244826619633,0.016237532439313702,-0.6878315388467353]
[0.05531812127527633,-0.060407188697078174,-0.38313883674034876,0.08646244826619633,0.016237532439313702,-0.6878315388467353] [0.034647748242693205,-0.06636101075764039,-0.41607797071122476,0.058263900217742144,-0.0008288899953769191,-0.6989641939266686]
[0.034647748242693205,-0.06636101075764039,-0.41607797071122476,0.058263900217742144,-0.0008288899953769191,-0.6989641939266686] [0.067140617497986,-0.09379249016486493,-0.40557460991067984,0.07845009721297744,-0.03313268407151601,-0.6661544394368892]
[0.067140617497986,-0.09379249016486493,-0.40557460991067984,0.07845009721297744,-0.03313268407151601,-0.6661544394368892] [0.067140617497986,-0.09379249016486493,-0.40557460991067984,0.07845009721297744,-0.03313268407151601,-0.6661544394368892]
