[0.037400833624646565,-0.298391743669692,8.368073907507176,0.03911613200635217,-0.01906588825910812,6.701176966871868] [0.03185028901212624,-0.302318371191012,8.348341064707919,0.04073143064984483,-0.02082382741461176,6.687223658671757]
[0.03185028901212624,-0.302318371191012,8.348341064707919,0.04073143064984483,-0.02082382741461176,6.687223658671757] [0.0321653365751816,-0.29941466735255695,8.340310506705315,0.04859936316028936,-0.019488392206274154,6.684213425874493]
[0.0321653365751816,-0.29941466735255695,8.340310506705315,0.04859936316028936,-0.019488392206274154,6.684213425874493] [0.03891017422078907,-0.2929506248655833,8.357135244895494,0.06063894614239938,-0.01369441850342255,6.695316244014952]
[0.03891017422078907,-0.2929506248655833,8.357135244895494,0.06063894614239938,-0.01369441850342255,6.695316244014952] [0.044309904448422956,-0.28669420791971545,8.396299790518748,0.06800030102464974,-0.0026855767034238975,6.72121533276704]
[0.044309904448422956,-0.28669420791971545,8.396299790518748,0.06800030102464974,-0.0026855767034238975,6.72121533276704] [0.039902303931013225,-0.28018565679841595,8.408952975816916,0.05620150540024555,0.010069828828639972,6.734973690645033]
[0.039902303931013225,-0.28018565679841595,8.408952975816916,0.05620150540024555,0.010069828828639972,6.734973690645033] [0.039186264306013296,-0.2808214611170637,8.37891195370532,0.04211442947196464,0.014938844128623001,6.723770504134255]
[0.039186264306013296,-0.2808214611170637,8.37891195370532,0.04211442947196464,0.014938844128623001,6.723770504134255] [0.04544545073243978,-0.29076854119667706,8.34831250498924,0.05790723649335852,0.0035307086962128725,6.706008375687584]
[0.04544545073243978,-0.29076854119667706,8.34831250498924,0.05790723649335852,0.0035307086962128725,6.706008375687584] [0.05379313509336355,-0.2957684436017239,8.368870343017631,0.0815954349056428,-0.010808140239840808,6.727825308352819]
[0.05379313509336355,-0.2957684436017239,8.368870343017631,0.0815954349056428,-0.010808140239840808,6.727825308352819] [0.06021318576125667,-0.29165790393368063,8.389216924696262,0.09235121580391321,-0.007004506849813456,6.749776163041438]
[0.06021318576125667,-0.29165790393368063,8.389216924696262,0.09235121580391321,-0.007004506849813456,6.749776163041438] [0.0641188562951432,-0.2875782606168651,8.361352739222669,0.08787194382200042,-0.0026229773029004186,6.7359430194862]
[0.0641188562951432,-0.2875782606168651,8.361352739222669,0.08787194382200042,-0.0026229773029004186,6.7359430194862] [0.07111062996771837,-0.2768656051189188,8.346046465203559,0.0845880747809065,0.005943922649410592,6.7439618512558654]
[0.07111062996771837,-0.2768656051189188,8.346046465203559,0.0845880747809065,0.005943922649410592,6.7439618512558654] [0.08180658145649221,-0.2640098674303161,8.39065152134079,0.09342341192869305,0.023368796383907244,6.81362520611469]
[0.08180658145649221,-0.2640098674303161,8.39065152134079,0.09342341192869305,0.023368796383907244,6.81362520611469] [0.08225807285444028,-0.2701042058234282,8.410769202887316,0.09694574703945222,0.02584201668084772,6.858756594887457]
[0.08225807285444028,-0.2701042058234282,8.410769202887316,0.09694574703945222,0.02584201668084772,6.858756594887457] [0.06392939957527283,-0.28830302567665533,8.393931228386025,0.08205033712732383,0.006360982187224695,6.826836354168456]
[0.06392939957527283,-0.28830302567665533,8.393931228386025,0.08205033712732383,0.006360982187224695,6.826836354168456] [0.03292127910655428,-0.2798970828212653,8.38539011546811,0.054822094733420965,0.007084092064039059,6.754665989660383]
[0.03292127910655428,-0.2798970828212653,8.38539011546811,0.054822094733420965,0.007084092064039059,6.754665989660383] [0.026167806040679694,-0.2549327092135081,8.401365374132348,0.05129407685398893,0.03765701686677561,6.7987610697462815]
[0.026167806040679694,-0.2549327092135081,8.401365374132348,0.05129407685398893,0.03765701686677561,6.7987610697462815] [0.04484093406794394,-0.24031007281562616,8.401079133692987,0.06688055106644344,0.058816761116673846,6.864626597922532]
[0.04484093406794394,-0.24031007281562616,8.401079133692987,0.06688055106644344,0.058816761116673846,6.864626597922532] [0.041562254240956095,-0.23983631597003358,8.366105891197675,0.05822251040073448,0.06018272776722525,6.8594116712574555]
[0.041562254240956095,-0.23983631597003358,8.366105891197675,0.05822251040073448,0.06018272776722525,6.8594116712574555] [0.03677122016264656,-0.24411563238778394,8.30995955399651,0.06229952252671841,0.050136589259728886,6.786345594044381]
[0.03677122016264656,-0.24411563238778394,8.30995955399651,0.06229952252671841,0.050136589259728886,6.786345594044381] [0.05960860364540646,-0.24362752965300594,8.310216214744965,0.08921469463969932,0.042382955567241754,6.749199066800286]
[0.05960860364540646,-0.24362752965300594,8.310216214744965,0.08921469463969932,0.042382955567241754,6.749199066800286] [0.0634674111903595,-0.23984872824294667,8.35832060797619,0.09064656340321163,0.042917497125748896,6.781497194712479]
[0.0634674111903595,-0.23984872824294667,8.35832060797619,0.09064656340321163,0.042917497125748896,6.781497194712479] [0.03231574541479765,-0.24689094848611343,8.373598943194018,0.05354405764884734,0.03984558151026915,6.779678722443331]
[0.03231574541479765,-0.24689094848611343,8.373598943194018,0.05354405764884734,0.03984558151026915,6.779678722443331] [0.03828491472029432,-0.27312036936833295,8.346865072577435,0.06397771229955423,0.01803238484511415,6.724771169102044]
[0.03828491472029432,-0.27312036936833295,8.346865072577435,0.06397771229955423,0.01803238484511415,6.724771169102044] [0.08466381495007137,-0.2914268766295528,8.335843415495733,0.1069053672202275,-0.016888002898131485,6.7425020015334445]
[0.08466381495007137,-0.2914268766295528,8.335843415495733,0.1069053672202275,-0.016888002898131485,6.7425020015334445] [0.10878103656690202,-0.27167478282472285,8.350755570261155,0.12224769294307417,0.005230697403683857,6.803560066758927]
[0.10878103656690202,-0.27167478282472285,8.350755570261155,0.12224769294307417,0.005230697403683857,6.803560066758927] [0.11008644900407619,-0.26761953957594337,8.342960829837331,0.11894412566453283,0.018117022966869054,6.798708800178159]
[0.11008644900407619,-0.26761953957594337,8.342960829837331,0.11894412566453283,0.018117022966869054,6.798708800178159] [0.1003713513312831,-0.2838886124752212,8.379287067228352,0.11409697472362873,0.0020043388728240574,6.741205653613298]
[0.1003713513312831,-0.2838886124752212,8.379287067228352,0.11409697472362873,0.0020043388728240574,6.741205653613298] [0.09479127369354828,-0.2830341866591123,8.456888313242704,0.12313445029239162,-0.0039287930656747155,6.765832540663325]
[0.09479127369354828,-0.2830341866591123,8.456888313242704,0.12313445029239162,-0.0039287930656747155,6.765832540663325] [0.09104841159564132,-0.2796469437957415,8.474429790135348,0.13494243105312226,0.0026098786270950455,6.808659878126143]
[0.09104841159564132,-0.2796469437957415,8.474429790135348,0.13494243105312226,0.0026098786270950455,6.808659878126143] [0.07926300585991926,-0.28938974680695895,8.414089108750362,0.1286496823967052,-0.007510424972142677,6.780019621678199]
[0.07926300585991926,-0.28938974680695895,8.414089108750362,0.1286496823967052,-0.007510424972142677,6.780019621678199] [0.05552483473290289,-0.2635792661048359,8.352717299471779,0.09746362024970381,0.015835021478501243,6.717308415837111]
[0.05552483473290289,-0.2635792661048359,8.352717299471779,0.09746362024970381,0.015835021478501243,6.717308415837111] [0.03122269116255349,-0.2404916450154947,8.372028879844036,0.059759481928306345,0.043015523383115276,6.759280486477372]
[0.03122269116255349,-0.2404916450154947,8.372028879844036,0.059759481928306345,0.043015523383115276,6.759280486477372] [0.027177462430295653,-0.24359702753422208,8.40471193229156,0.04899382847663938,0.04372034586839882,6.800014694192316]
[0.027177462430295653,-0.24359702753422208,8.40471193229156,0.04899382847663938,0.04372034586839882,6.800014694192316] [0.04482174995052552,-0.26444434892083396,8.415901449503227,0.06613797888961662,0.02439348936504189,6.787713957311699]
[0.04482174995052552,-0.26444434892083396,8.415901449503227,0.06613797888961662,0.02439348936504189,6.787713957311699] [0.055292733743579216,-0.28553348873392914,8.410749312684393,0.07282698770723782,0.0008113971313624263,6.749329006194225]
[0.055292733743579216,-0.28553348873392914,8.410749312684393,0.07282698770723782,0.0008113971313624263,6.749329006194225] [0.05361505407201175,-0.2983100812348876,8.403096186594247,0.06534409273030847,-0.015397841324367886,6.713946552899069]
[0.05361505407201175,-0.2983100812348876,8.403096186594247,0.06534409273030847,-0.015397841324367886,6.713946552899069] [0.045296156012287016,-0.30229418513487405,8.388023807344961,0.051879891923550234,-0.020550410261193097,6.701320373295156]
[0.045296156012287016,-0.30229418513487405,8.388023807344961,0.051879891923550234,-0.020550410261193097,6.701320373295156] [0.03719410353297413,-0.30188463394459986,8.37024392050617,0.041433444522073704,-0.019451130451822535,6.697692023377077]
[0.03719410353297413,-0.30188463394459986,8.37024392050617,0.041433444522073704,-0.019451130451822535,6.697692023377077] [0.032574746187553405,-0.30077990098055984,8.36211514488602,0.037552537156015024,-0.018189438165037677,6.695253788810944]
[0.032574746187553405,-0.30077990098055984,8.36211514488602,0.037552537156015024,-0.018189438165037677,6.695253788810944] [0.032574746187553405,-0.30077990098055984,8.36211514488602,0.037552537156015024,-0.018189438165037677,6.695253788810944]
