0, array([  18.66776498,    7.87961046, -152.45411796,   26.41064157,
        -13.54839633, -338.27923955])
1, array([  26.4660342 ,   10.80649915, -150.503406  ,   39.94107584,
         -6.98322379, -332.57811228])
2, array([  33.34203843,   16.71406881, -148.22791811,   54.29033062,
          6.08979936, -326.37368637])
3, array([  39.16521745,   24.95907064, -145.71413403,   68.48488965,
         24.37737124, -319.80029201])
4, array([  43.80501107,   34.89825583, -143.04853352,   81.55123669,
         46.58618994, -312.99225941])
5, array([  47.13085907,   45.88837559, -140.31759635,   92.51585552,
         71.42295357, -306.08391876])
6, array([  49.01220123,   57.28618111, -137.60780227,  100.40522989,
         97.59436026, -299.20960026])
7, array([  49.31847736,   68.44842359, -135.00563105,  104.24584355,
        123.80710809, -292.50363412])
8, array([  47.56911172,   79.95816327, -132.30299372,   94.07995129,
        146.93081378, -284.36789951])
9, array([  42.63859718,   86.48076177, -129.20409257,   82.77520197,
        167.40241841, -276.72908102])
10, array([  34.83680373,   93.21828675, -127.88267151,   66.19182144,
        192.58882897, -270.34707663])
11, array([  28.6842651 ,   93.54587557, -127.61484272,   44.65268343,
        202.60026204, -269.74794543])
12, array([  19.74658016,   89.82602402, -128.44471108,   24.64125143,
        203.50885502, -268.54823997])
13, array([   9.35427339,   88.39119557, -130.68060722,    7.14739564,
        202.22686307, -272.67490164])
14, array([ 2.36224216e-01,  8.22321066e+01, -1.32896349e+02, -1.62153966e+01,
        1.94241254e+02, -2.77565022e+02])
15, array([  -4.2196428 ,   73.302764  , -137.07910351,  -29.47802689,
        175.1713073 , -281.66753863])
16, array([  -6.41432239,   63.70064633, -140.74247684,  -37.5121183 ,
        158.78474836, -289.58607032])
17, array([  -7.50995492,   49.98206362, -143.47991054,  -40.34133468,
        140.8226228 , -299.16109849])
18, array([  -3.54401463,   38.26415247, -147.03209443,  -26.02728199,
        109.04299902, -312.30118672])
19, array([   4.33787671,   24.10513166, -150.60646835,   -7.95457892,
         77.6493394 , -320.39091241])
20, array([  11.72313744,   10.14841585, -151.10683512,   18.59802171,
         41.45416484, -325.10314291])
21, array([  21.4031328 ,   -4.95976868, -151.68955531,   34.65917795,
          0.52671694, -328.40783271])
22, array([  30.72975885,  -17.22973553, -150.47535062,   49.90995061,
        -40.51390741, -321.9719937 ])
23, array([  37.33889698,  -32.93788732, -147.68140117,   72.2414665 ,
        -76.63119996, -313.56554425])
24, array([  41.32183425,  -43.78020688, -145.82537771,   81.72378261,
       -108.23240911, -304.11869404])
25, array([  45.2154025 ,  -59.91223177, -143.56749864,   83.31654825,
       -150.91578448, -295.33915645])
26, array([  44.95952447,  -69.32084094, -141.668787  ,   78.23402114,
       -187.81526864, -282.53099669])
27, array([  39.98604296,  -72.65127976, -138.8050995 ,   62.11417101,
       -211.63143406, -273.18084041])
28, array([  34.75390145,  -76.73914877, -137.29769238,   35.9447556 ,
       -229.55614823, -264.43607529])
29, array([  28.85038253,  -77.6961872 , -137.59140014,   11.79047943,
       -236.11255816, -258.1381799 ])
30, array([  19.15944119,  -74.11949207, -137.62423177,  -11.79122468,
       -229.54756054, -259.29539045])
31, array([  12.43118798,  -69.77322486, -139.94903273,  -37.26511401,
       -221.82689963, -263.44651422])
32, array([   7.33340964,  -62.83480157, -143.16462529,  -54.62180317,
       -208.95139006, -274.01223519])
33, array([   1.53525555,  -56.45589786, -147.18090472,  -71.32946763,
       -191.23653375, -281.03906332])
34, array([  -3.02878407,  -49.14772895, -151.31488974,  -82.84560268,
       -169.81874473, -289.14563034])
35, array([  -5.9022715 ,  -41.02218926, -155.24078759,  -87.73309938,
       -145.43915036, -298.17592155])
36, array([  -6.628769  ,  -32.19117322, -158.6328055 ,  -84.5548488 ,
       -118.83887799, -307.97392222])
37, array([  -4.75183882,  -22.76657525, -161.16515073,  -71.87374198,
        -90.75905499, -318.38361762])
38, array([ 1.84956753e-01, -1.28602898e+01, -1.62512031e+02, -4.82526700e+01,
       -6.19408087e+01, -3.29248993e+02])
39, array([   8.63805547,   -2.58421125, -162.34765209,  -12.25452386,
        -33.12526651, -340.41403375])
