0, array([  13.916505  ,   10.88357827, -151.48050542,    6.77011133,
        -13.84354114, -328.8268836 ])
1, array([  22.87049673,   14.16698136, -150.66962973,   35.31555385,
        -13.33967842, -331.44860791])
2, array([  30.66241406,   20.1474824 , -149.06234436,   58.06691842,
         -2.10572276, -330.24581203])
3, array([  37.14869142,   28.1972152 , -146.83476668,   75.24941763,
         17.63188349, -325.93567484])
4, array([  42.18576327,   37.68831356, -144.1630141 ,   87.08826406,
         43.64669794, -319.2353752 ])
5, array([  45.63006405,   47.99291131, -141.22320399,   93.8086703 ,
         73.71227821, -310.86209199])
6, array([  47.33802821,   58.48314225, -138.19145373,   95.63584894,
        105.60218193, -301.53300408])
7, array([  47.1660902 ,   68.5311402 , -135.24388073,   92.79501257,
        137.08996673, -291.96529035])
8, array([  43.80372495,   76.38989739, -131.9316539 ,   84.91531511,
        160.98469052, -281.67276753])
9, array([  37.41637415,   80.83401947, -130.36283478,   73.3766803 ,
        180.53866664, -275.59982755])
10, array([  28.85445194,   88.59941722, -128.25423902,   54.13489643,
        192.59755262, -273.02511361])
11, array([  20.69579868,   92.89193481, -127.88819032,   33.54840019,
        201.79140919, -271.97131928])
12, array([   9.30029094,   90.43250708, -129.83283604,    9.97767235,
        204.16440376, -273.75499232])
13, array([   2.65858563,   83.95359257, -133.1408713 ,  -12.78855918,
        207.45019326, -277.85503764])
14, array([  -2.84308937,   74.80479125, -136.02429285,  -26.81107245,
        200.01227229, -283.60975753])
15, array([  -8.97677681,   68.98147709, -141.12501965,  -37.8906001 ,
        178.1740106 , -293.71092857])
16, array([ -12.61014103,   60.45748385, -145.77546312,  -43.67613597,
        154.50797643, -300.70038171])
17, array([ -14.01582559,   49.58282501, -149.63480729,  -42.60086588,
        134.93251816, -309.43700681])
18, array([ -10.00470245,   34.60936988, -152.61573216,  -32.18975083,
        101.95084255, -320.03890893])
19, array([  -2.6343062 ,   22.15575299, -155.65728788,  -20.64926998,
         70.71253195, -324.86149715])
20, array([   4.49969287,   10.12898578, -157.29127303,   -0.87551125,
         39.18374718, -324.10390529])
21, array([  11.89400839,   -3.56601373, -156.82003512,   19.76189033,
          0.32475502, -318.04320149])
22, array([  19.64520214,  -19.1256928 , -155.00339504,   38.90279765,
        -42.34545537, -315.37193582])
23, array([  24.86906791,  -31.87741485, -151.81462436,   53.23829828,
        -84.30002098, -312.54625023])
24, array([  30.35975644,  -40.91213196, -147.50524141,   64.81659797,
       -122.36399339, -301.2563016 ])
25, array([  36.69751034,  -52.02362593, -143.92932833,   67.8740058 ,
       -152.27101   , -287.17506158])
26, array([  39.02000621,  -61.59110452, -141.71412584,   62.66820656,
       -179.43827558, -275.46225023])
27, array([  38.5209178 ,  -73.87173289, -139.50701288,   53.29861052,
       -198.03092859, -262.98748983])
28, array([  34.65392689,  -78.95782146, -139.28477725,   39.69624211,
       -219.88761224, -255.70790929])
29, array([  27.04633689,  -76.83517843, -140.38455366,   13.00921434,
       -233.09290607, -253.28551975])
30, array([  19.89168721,  -75.22630152, -141.61165798,  -14.645079  ,
       -231.39071456, -252.95192077])
31, array([  12.98533202,  -74.02459364, -144.75535266,  -36.58395615,
       -224.60866302, -256.56806256])
32, array([   6.62908906,  -68.97909287, -147.71614073,  -54.92949496,
       -215.12068824, -265.30145385])
33, array([   0.37289886,  -60.4970901 , -151.00135763,  -71.40872489,
       -194.25252957, -275.29181651])
34, array([  -4.32750396,  -50.66294396, -153.9104826 ,  -82.99046727,
       -170.01345913, -286.43573643])
35, array([  -6.80559239,  -39.99135063, -156.10681119,  -88.28231939,
       -144.09242818, -298.05734148])
36, array([  -6.3948394 ,  -28.9970063 , -157.25363895,  -85.89187854,
       -118.17838799, -309.48075956])
37, array([  -2.42871798,  -18.19460713, -157.01426141,  -74.42674201,
        -93.96028984, -320.03011856])
38, array([   5.75929889,   -8.09884933, -155.05197414,  -52.49450707,
        -73.127085  , -329.02954635])
39, array([  18.83573824,    0.77557093, -151.03007267,  -18.70277102,
        -57.36772473, -335.80317083])
