0, array([  22.56699463,   10.91040381, -148.24704418,   36.20918518,
        -10.71688074, -327.44843151])
1, array([  27.23262882,   15.34479159, -147.28741495,   52.07944336,
          0.49943549, -324.45478671])
2, array([  31.82842558,   20.31866865, -146.19353394,   67.33227737,
         14.12515412, -320.76471022])
3, array([  36.49925631,   26.37957602, -144.83506964,   82.20349916,
         32.25201335, -315.78381878])
4, array([  39.84674798,   33.8820544 , -143.08921408,   93.10338272,
         55.38358439, -308.86167777])
5, array([  42.35051913,   41.77938955, -141.27929442,  101.25038631,
         80.21213963, -301.24466309])
6, array([  42.44838746,   50.23330736, -139.61683204,  100.87363656,
        108.71130905, -292.20310228])
7, array([  40.67510441,   58.39492886, -138.32673471,   93.4376464 ,
        136.1832332 , -283.55938292])
8, array([  37.26403688,   66.17088368, -137.38783837,   79.83430909,
        162.31840623, -275.40266769])
9, array([  30.32664695,   71.40887768, -137.75504873,   55.07111328,
        180.47872514, -269.5046997 ])
10, array([  22.62585744,   75.07927866, -138.74708025,   28.48807013,
        193.45123957, -266.025072  ])
11, array([  14.13571035,   75.60415668, -140.88368768,    0.88059507,
        195.88674179, -267.83464332])
12, array([   7.15126311,   72.99946018, -143.94662645,  -21.11617357,
        187.87354456, -274.29650436])
13, array([   1.22880758,   68.53986342, -147.4618686 ,  -39.23618402,
        173.83874051, -283.28295416])
14, array([  -0.46436107,   59.53421876, -150.83882545,  -42.55131527,
        147.88264852, -295.06819248])
15, array([-1.17684682e-01,  4.88522333e+01, -1.53799960e+02, -3.92143861e+01,
        1.17249340e+02, -3.06289600e+02])
16, array([   3.0340218 ,   36.08561355, -156.12498269,  -26.77688106,
         80.81720629, -316.49562026])
17, array([   9.11488734,   21.09307235, -156.89844511,   -5.34694924,
         38.50985182, -321.93920435])
18, array([  15.97542356,    5.74857351, -156.87446485,   18.0578622 ,
         -4.88750433, -324.46540918])
19, array([  23.85685498,  -10.1788467 , -154.96516643,   43.00172657,
        -50.7496404 , -319.4130652 ])
20, array([  30.56331069,  -25.63024215, -152.4085342 ,   62.07495146,
        -94.49422685, -309.81517108])
21, array([  36.31437055,  -40.49865914, -149.42171819,   76.59671871,
       -136.0299434 , -297.06801172])
22, array([  37.54500453,  -52.08278247, -146.86270659,   74.06452453,
       -168.80947435, -281.94214289])
23, array([  36.80623526,  -61.5052436 , -144.8800569 ,   64.58989805,
       -196.03851412, -267.54799087])
24, array([  32.76113555,  -66.98299167, -143.98848912,   43.67110003,
       -213.13052075, -255.00677471])
25, array([  27.0480914 ,  -68.18078366, -144.42407693,   16.82797535,
       -219.38006663, -249.20229986])
26, array([  20.73507625,  -67.09325081, -145.57736609,  -11.82383934,
       -219.55916386, -247.21490285])
27, array([  14.94692103,  -61.46797407, -148.24908474,  -36.05606308,
       -205.91532012, -254.13553249])
28, array([  10.65888079,  -54.15581879, -150.9033426 ,  -54.04361199,
       -186.95050702, -264.04855252])
29, array([   8.1307601 ,  -45.07441778, -153.49208969,  -64.70259842,
       -162.3340252 , -277.15294792])
30, array([   8.61065847,  -34.79291394, -155.24490823,  -61.58819288,
       -135.1546867 , -290.76624053])
31, array([  10.17077644,  -24.51086951, -156.53116717,  -53.48962854,
       -107.92837559, -304.0118545 ])
32, array([  13.62128444,  -15.44549119, -156.64765646,  -36.66666986,
        -83.45739712, -315.0203088 ])
33, array([  17.50501705,   -8.44947163, -155.99029121,  -18.16681364,
        -64.44850568, -322.64097629])
34, array([  21.75146301,   -2.54272852, -154.84315319,    1.82430726,
        -48.30109827, -328.38186291])
