0, array([  13.8872252 ,    4.44529835, -149.90316362,    9.54305712,
        -13.74909605, -328.61868209])
1, array([  20.02466068,    4.94195412, -160.54168216,   21.80152446,
        -13.24001492, -343.65218181])
2, array([  27.90362654,    8.16382698, -163.17091249,   42.20014604,
         -4.80346474, -347.71513918])
3, array([  38.28332241,   13.66826558, -163.21850657,   70.61481573,
          9.35099473, -346.99156254])
4, array([  49.49699475,   20.61726916, -160.13696702,  103.00415537,
         29.26431648, -339.08533278])
5, array([  59.02853806,   29.76612732, -155.68239266,  133.15952204,
         55.85713742, -324.90190465])
6, array([  63.46730094,   40.24509362, -151.44263541,  148.97940039,
         86.81407987, -309.47731244])
7, array([  62.45186516,   49.5596365 , -149.22740633,  148.00221283,
        118.84736663, -296.99879141])
8, array([  56.40804216,   55.61550707, -149.28421935,  132.83509678,
        144.15505989, -291.5108753 ])
9, array([  46.20772403,   57.32223232, -152.03174545,  107.162084  ,
        153.43293095, -296.18371117])
10, array([  33.3766627 ,   56.10736513, -156.20078559,   75.04354064,
        148.76628335, -308.13100917])
11, array([  20.19394434,   54.93133187, -159.56967662,   41.78186669,
        142.91162469, -318.59060184])
12, array([   6.97220744,   56.84177753, -161.38869065,    8.87633793,
        144.84117187, -320.18925623])
13, array([  -5.99667507,   61.64072166, -161.36385996,  -25.451546  ,
        155.83751932, -310.85674878])
14, array([ -17.42116713,   65.62751185, -161.23494606,  -58.9446068 ,
        171.24657044, -293.07730706])
15, array([ -24.66141407,   64.81908593, -161.99252262,  -85.48091678,
        178.36935689, -277.67345543])
16, array([ -26.32947792,   57.20440464, -164.3922251 ,  -97.01405629,
        162.54092248, -278.2969625 ])
17, array([ -22.63909982,   43.49354264, -167.6394876 ,  -90.01700074,
        123.98763735, -294.76438127])
18, array([ -16.0426236 ,   26.03989907, -170.84306271,  -73.1016154 ,
         71.05984143, -319.00864592])
19, array([ -11.10593316,    7.68347018, -173.05714642,  -59.54786622,
         14.65577937, -341.23713167])
20, array([ -11.19723848,   -9.30519342, -173.4311191 ,  -61.42780826,
        -36.39150146, -352.14936326])
21, array([ -16.17169395,  -26.29775614, -172.41129765,  -78.94707107,
        -82.77938211, -345.29361631])
22, array([ -21.1772796 ,  -43.13238296, -170.08296368,  -96.02545453,
       -127.44221621, -326.59819261])
23, array([ -21.70183899,  -57.36415992, -167.62011208, -100.93790244,
       -166.8777768 , -307.08359021])
24, array([ -14.82708413,  -64.98921803, -165.58122801,  -86.16676711,
       -191.18996965, -296.31499214])
25, array([-2.07369500e-01, -6.41935193e+01, -1.64751673e+02, -5.30679929e+01,
       -1.92681241e+02, -2.99731126e+02])
26, array([  18.35769434,  -60.59356325, -163.72869204,  -13.23149924,
       -184.78153916, -308.1565154 ])
27, array([  36.36126107,  -57.50360386, -160.38482679,   25.81263771,
       -177.18429299, -311.60192337])
28, array([  51.76836597,  -56.89743535, -155.15311673,   61.16177468,
       -175.76984713, -305.0575714 ])
29, array([  64.40297946,  -59.43571028, -148.56548542,   96.82088901,
       -181.90984694, -289.46643053])
30, array([  73.99458496,  -59.5883832 , -143.63966301,  134.27691149,
       -184.05603271, -272.65944864])
31, array([  79.77710189,  -53.51913625, -142.1105648 ,  162.00732167,
       -167.65065664, -266.98416117])
32, array([  81.38292666,  -40.28551548, -144.9332245 ,  174.07416519,
       -128.9690353 , -277.71965015])
33, array([  78.03619951,  -24.45531759, -151.12398121,  168.85404275,
        -81.59497944, -299.92235478])
34, array([  69.15119141,  -10.74223709, -157.49719517,  146.33005968,
        -42.51076871, -323.56119974])
35, array([  55.40089918,   -2.35426427, -161.89830497,  110.3895446 ,
        -18.28093626, -340.67708251])
36, array([  40.33264231,    2.14726003, -163.60835411,   72.49686783,
         -7.73494104, -348.15909092])
37, array([  26.68112058,    4.33846493, -162.38919734,   40.06901801,
         -5.0550518 , -347.9440809 ])
38, array([  17.17631275,    5.57727183, -159.3894822 ,   16.98278817,
         -5.23464293, -343.3423699 ])
39, array([  12.67108704,    6.21394629, -155.36149365,    4.45507691,
         -6.712474  , -337.19155774])
