0, array([  11.68321596,    8.62242507, -151.74545807,    7.82971236,
        -10.9026801 , -330.19667651])
1, array([  12.88759887,    9.02363294, -160.54737392,    8.79403253,
         -8.0977929 , -344.92387914])
2, array([  24.2148763 ,   11.33158423, -163.73485015,   33.27442678,
         -1.23991294, -350.88180558])
3, array([  40.91478679,   15.49582153, -163.65243258,   70.98277125,
          8.7955975 , -351.05742403])
4, array([  59.68412812,   22.82872274, -159.06923094,  115.09191801,
         25.03699882, -341.48809267])
5, array([  75.09700932,   32.63780234, -151.79440224,  152.2426751 ,
         50.09495857, -324.13575713])
6, array([  81.66035539,   43.57776167, -145.83630391,  170.1912729 ,
         83.39073981, -306.31208091])
7, array([  78.85703518,   53.38136528, -143.87662831,  166.22691015,
        118.46921636, -295.3830639 ])
8, array([  68.78305112,   59.78694874, -145.86881323,  141.7035743 ,
        140.83889389, -296.84210795])
9, array([  54.97302194,   62.39982835, -150.44321336,  104.79020325,
        145.7784111 , -308.39648166])
10, array([  39.89787869,   62.63656426, -155.31101417,   66.38110632,
        139.02419408, -323.25085603])
11, array([  26.44693467,   64.53540298, -158.03220383,   35.16511413,
        135.47980166, -331.54721942])
12, array([  13.40387501,   70.50304514, -157.8173453 ,    5.94739594,
        147.27638203, -327.95951708])
13, array([  -0.68856262,   79.45482458, -155.13825146,  -26.33281128,
        172.60751074, -311.75241284])
14, array([ -15.17558452,   85.45648686, -152.725688  ,  -59.52731513,
        196.80966422, -287.87170661])
15, array([ -27.07784706,   84.71283628, -152.51157984,  -88.37757497,
        202.16515436, -268.52493505])
16, array([ -34.2111201 ,   75.71560691, -155.88732006, -106.6310556 ,
        181.38211142, -266.33674899])
17, array([ -32.4638595 ,   60.69400056, -161.43097314, -101.46475814,
        141.09358869, -283.85505368])
18, array([ -24.19994182,   42.36052736, -167.09196887,  -77.89192252,
         90.79323716, -312.1379927 ])
19, array([ -15.20891546,   23.43353613, -171.30799195,  -55.57838442,
         40.11148752, -341.01216928])
20, array([ -12.20073342,    5.41899219, -173.1343454 ,  -53.69428009,
         -2.34378549, -357.94219924])
21, array([ -17.87833424,  -11.6980019 , -172.60696552,  -74.03121586,
        -38.23036567, -355.52485702])
22, array([ -29.25188121,  -28.61189132, -170.20637653, -106.46968245,
        -76.12658766, -339.57235459])
23, array([ -39.84967809,  -45.96766953, -166.33273007, -134.93971764,
       -119.85488098, -318.66682553])
24, array([ -40.40132452,  -59.15589418, -162.52636221, -136.61581778,
       -161.36207675, -300.28698095])
25, array([ -31.687101  ,  -64.39681571, -161.27161801, -115.10731461,
       -189.18518945, -292.69267994])
26, array([ -16.19970886,  -60.53965357, -162.43548046,  -83.08864929,
       -189.97826441, -299.42177014])
27, array([   1.60537082,  -51.77144227, -164.09574359,  -48.01374826,
       -170.62630669, -314.02630335])
28, array([  18.27036831,  -46.55313319, -163.94723255,  -13.93910918,
       -157.15302799, -323.03910243])
29, array([  32.65697793,  -49.26522385, -160.13183492,   19.34419399,
       -161.73765468, -317.46792368])
30, array([  46.1633388 ,  -58.99817302, -153.0913437 ,   57.76667072,
       -182.19477917, -297.86022252])
31, array([  59.58732275,  -65.70945529, -146.81377347,  102.64919168,
       -200.05553051, -275.09809386])
32, array([  70.67951476,  -62.11127237, -144.06880716,  144.2298904 ,
       -193.76963056, -262.50966754])
33, array([  77.21142997,  -46.91755103, -145.28059285,  168.75283939,
       -153.71167737, -270.38755609])
34, array([  75.4145099 ,  -26.95234998, -150.54932586,  167.80875472,
        -98.94269764, -294.31481526])
35, array([  64.83190433,   -9.82170759, -156.89307128,  141.7340495 ,
        -49.60814875, -321.07258657])
36, array([  48.19954578,    1.05746277, -160.81548796,   99.35996707,
        -17.7443907 , -339.89973956])
37, array([  30.78991708,    5.90906709, -161.26926385,   53.56562761,
         -4.67252283, -347.32439366])
38, array([  16.83524946,    7.13417582, -159.29591257,   20.26479951,
         -4.61256554, -344.42896108])
39, array([   9.95939209,    7.11249609, -155.85890514,    4.22625366,
         -8.80676477, -337.13295666])
