0, array([  12.12142633,   13.34001644, -149.77421394,   10.22933171,
         -8.82293715, -327.23286328])
1, array([  12.99546558,   11.68842357, -149.91129834,   11.68537144,
        -13.14872275, -328.51395759])
2, array([  16.26975245,   10.9655571 , -149.81932016,   19.29624759,
        -16.5951378 , -328.90857495])
3, array([  21.64147048,   11.18294008, -149.48693785,   32.38106395,
        -18.7859373 , -328.41914696])
4, array([  29.4729105 ,   13.17241559, -148.61090966,   52.47302234,
        -16.5934442 , -326.31241546])
5, array([  37.83054887,   17.23309049, -147.26714961,   75.3361628 ,
         -9.18483636, -322.86321599])
6, array([  46.10944681,   22.95160108, -145.61423099,   98.80767636,
          2.94134189, -318.53778869])
7, array([  53.12449607,   30.68191589, -143.73122396,  119.34110111,
         21.98881082, -313.58348779])
8, array([  57.52203293,   39.74534232, -142.11089663,  131.25731461,
         46.66113944, -308.88794325])
9, array([  59.24324096,   49.11451545, -140.98372099,  135.07410997,
         73.77715125, -304.68045611])
10, array([  57.20579709,   58.3767692 , -140.67313798,  127.91858772,
        102.63714395, -301.25629063])
11, array([  49.52171889,   65.4637396 , -141.71879389,  106.74991647,
        127.65810006, -299.27465506])
12, array([  39.09012651,   70.04897307, -143.87937988,   78.80678921,
        146.06095718, -299.18337072])
13, array([  26.1842157 ,   71.64065039, -147.22989697,   44.8214502 ,
        156.12316809, -301.31723583])
14, array([  11.9909117 ,   66.67955935, -151.9458164 ,    5.50241745,
        147.84596151, -306.91645138])
15, array([  -1.40060022,   58.27895943, -156.45572358,  -31.78580678,
        128.71904779, -312.82129248])
16, array([ -13.49516744,   46.81642421, -160.64722127,  -65.55718817,
         99.86571512, -318.638306  ])
17, array([ -21.65366445,   30.87251743, -164.09125243,  -87.85278383,
         57.26932914, -322.50629991])
18, array([ -25.72144577,   13.74668324, -166.0968789 ,  -98.24285927,
          9.93780408, -323.79110895])
19, array([ -26.18404746,   -3.85843973, -166.9263811 ,  -98.83464398,
        -39.39702799, -322.82948291])
20, array([ -21.39793191,  -20.8437269 , -166.20872656,  -86.49404376,
        -86.82243051, -318.67215123])
21, array([ -11.88684791,  -34.86867731, -163.98513612,  -62.83940297,
       -126.73051128, -312.38877869])
22, array([ 9.34512632e-02, -4.58608606e+01, -1.61190697e+02, -3.25713694e+01,
       -1.58174658e+02, -3.05285101e+02])
23, array([  14.2790028 ,  -52.66509945, -158.13235047,    4.38606968,
       -177.49427729, -297.75406889])
24, array([  28.1818654 ,  -53.12111513, -155.11861234,   43.03838398,
       -177.86581447, -292.07678363])
25, array([  40.8556622 ,  -50.16933614, -152.85948081,   79.48692418,
       -168.66351219, -288.95574704])
26, array([  51.72800537,  -43.846719  , -151.61521069,  112.08990235,
       -150.18115869, -288.91892285])
27, array([  57.55834119,  -33.32711284, -151.64379789,  130.28929099,
       -120.45531292, -294.46435569])
28, array([  60.13753768,  -22.39059652, -152.62916136,  140.07094847,
        -90.10410189, -302.22082384])
29, array([  59.66511531,  -11.40433747, -154.39298102,  141.79758054,
        -60.24948583, -311.64510764])
30, array([  55.0083084 ,   -1.27816875, -156.61212321,  131.8036882 ,
        -34.6590939 , -321.73590575])
31, array([  48.17984313,    6.68183293, -158.45139478,  115.98059061,
        -14.86754341, -330.26070658])
32, array([ 4.01021032e+01,  1.28124196e+01, -1.59864521e+02,  9.64111540e+01,
       -2.90360206e-01, -3.37040631e+02])
33, array([  31.58724192,   16.3495678 , -160.46415908,   74.31819233,
          6.30422568, -340.49368699])
34, array([  24.04407414,   18.15450287, -159.77083865,   54.41684895,
          7.65496204, -341.25396213])
35, array([  17.73712343,   18.76533226, -158.46244921,   37.41828434,
          6.30312651, -340.46821782])
36, array([  13.26201485,   18.03369368, -156.68761998,   24.75657608,
          2.67788156, -338.19916915])
37, array([  10.65105929,   16.97892369, -154.49077733,   15.67440555,
         -0.48359301, -335.41012456])
38, array([   8.98275911,   15.8513353 , -152.51162049,    9.07156473,
         -3.07944966, -332.56587956])
39, array([   8.28019226,   14.70203283, -150.91897412,    5.25735352,
         -4.96281336, -329.78759106])
