0, array([  15.04184003,   10.86468209, -149.7191059 ,   14.16120424,
        -14.42397435, -328.0079664 ])
1, array([  13.35885949,   13.25786183, -149.05205052,   10.41011025,
         -8.78850004, -326.13790536])
2, array([  13.40909661,   12.43892777, -149.42665523,    9.95755025,
        -11.72962415, -326.67148646])
3, array([  15.60935409,    9.98589989, -150.44910876,   14.26096522,
        -18.91809888, -328.8087159 ])
4, array([  21.54702918,    9.1174273 , -151.39637808,   28.05475051,
        -21.51397782, -331.14232998])
5, array([  28.08564267,   10.26823863, -151.42784613,   43.10053468,
        -17.79793676, -332.41656333])
6, array([  35.10322407,   12.89044395, -150.97719954,   59.75903574,
         -9.71443746, -332.79213038])
7, array([  42.6900817 ,   16.99371275, -150.12901712,   78.45198789,
          2.67136869, -332.24535427])
8, array([  49.47094763,   24.34007197, -148.36330348,   95.64268073,
         24.46635946, -329.45073595])
9, array([  54.02697059,   32.9752645 , -146.36547746,  105.81706519,
         50.43151563, -325.42540652])
10, array([  56.11241787,   42.43036792, -144.39120006,  108.48538159,
         79.10359378, -320.4244901 ])
11, array([  54.20217244,   52.19637137, -142.89736792,   99.47791741,
        108.96760276, -314.48908464])
12, array([  47.46788974,   59.20262605, -143.03766628,   78.22765799,
        132.76865444, -308.47955358])
13, array([  38.26540677,   63.60737552, -144.15455126,   51.64112362,
        150.03962957, -303.45905172])
14, array([  26.83599683,   65.10300577, -146.21478297,   20.57055039,
        159.71091583, -299.90202456])
15, array([  14.19503695,   61.75279239, -149.25136571,  -12.27091468,
        154.67686996, -300.44551803])
16, array([   1.94842411,   54.56714887, -152.8440183 ,  -43.36347762,
        137.63380868, -303.36994929])
17, array([  -9.17847302,   44.01830769, -156.59290937,  -71.11906078,
        110.15756703, -307.89909549])
18, array([ -17.48195618,   30.15822715, -159.89824714,  -91.38837524,
         72.29701462, -313.3809002 ])
19, array([ -20.88605228,   14.25269368, -162.03157642,  -98.34200023,
         26.53630627, -317.54252678])
20, array([ -20.9729735 ,   -1.50784186, -163.29774571,  -96.84766273,
        -20.09136978, -320.31920496])
21, array([ -17.81998563,  -16.05725244, -163.63562188,  -87.49526761,
        -64.5388549 , -321.53825559])
22, array([ -10.4274773 ,  -27.29709615, -162.57456308,  -69.38796018,
       -101.93070653, -320.61930288])
23, array([  -0.5050301 ,  -35.39009519, -160.87779539,  -45.96995578,
       -129.52520339, -318.92939937])
24, array([  10.57786955,  -40.30178332, -158.95000448,  -19.47219248,
       -146.85898223, -316.78904637])
25, array([  22.34176062,  -41.52389568, -157.00938379,    9.90687021,
       -152.05308443, -314.2904723 ])
26, array([  32.82990807,  -37.4400571 , -155.15376396,   38.51180845,
       -141.05929757, -313.46764117])
27, array([  41.35545425,  -30.82960657, -153.75388158,   62.21083599,
       -122.56497316, -314.98974654])
28, array([  47.82496702,  -22.23450705, -152.85292916,   80.50289001,
        -98.15466051, -318.70987083])
29, array([  50.67517449,  -12.66912992, -152.79784537,   88.9701287 ,
        -70.44700531, -324.44262856])
30, array([  50.39241606,   -3.62947793, -153.62701991,   89.80813181,
        -45.23795787, -330.5692607 ])
31, array([  47.89345454,    4.37510692, -154.72881617,   84.94298359,
        -23.33478725, -336.22545026])
32, array([  43.13805519,   10.81637367, -155.81482607,   74.02123113,
         -5.95559664, -340.80448039])
33, array([  36.34270118,   14.3729116 , -156.91098762,   58.97076543,
          2.47850345, -343.16258862])
34, array([  29.54283387,   16.23583935, -157.43093631,   43.98972842,
          6.32582824, -344.02042983])
35, array([  22.98256879,   16.45665824, -157.34190775,   29.53560006,
          6.27568105, -343.52144788])
36, array([  17.76852187,   14.71947363, -156.47979748,   17.81209703,
          3.32585781, -341.8156762 ])
37, array([  13.75416973,   12.53230566, -155.18413802,    9.56990008,
         -0.91874364, -339.18567781])
38, array([  10.77454108,   10.28959522, -153.65810075,    3.862607  ,
         -5.53487892, -336.15394577])
39, array([   8.98200989,    8.22731176, -152.0121632 ,    0.78065003,
        -10.01994654, -332.99669751])
