0, array([   8.32279762,   13.05918425, -147.95407205,  -17.31194839,
          0.64437824, -326.13606786])
1, array([  12.2106402 ,    9.75250508, -149.97330128,   18.08097073,
        -16.18451368, -329.32327653])
2, array([  17.42167952,    8.9414017 , -150.77711865,   44.66260997,
        -22.86511192, -330.75634596])
3, array([  23.46223726,   10.30681523, -150.59606504,   63.33960845,
        -20.8886891 , -330.69560177])
4, array([  29.8386351 ,   13.52968679, -149.66068131,   75.01860526,
        -11.74651782, -329.4013696 ])
5, array([  36.05719475,   18.29095748, -148.20150833,   80.6062395 ,
          3.07012928, -327.13397506])
6, array([  41.62423789,   24.27156843, -146.44908697,   81.00915027,
         22.06997959, -324.15374379])
7, array([  46.0460862 ,   31.15246075, -144.63395809,   77.13397668,
         43.7617605 , -320.72100142])
8, array([  49.2321398 ,   39.1109135 , -143.14407731,   77.14542522,
         64.31188657, -317.22589316])
9, array([  47.21981191,   48.32078939, -142.64679553,   70.85647836,
         89.02188781, -312.19379825])
10, array([  43.4478667 ,   58.2823437 , -142.38535819,   58.18257757,
        109.34120759, -310.65302436])
11, array([  37.22995384,   62.89377291, -143.37268552,   39.6021869 ,
        124.01457762, -309.34481563])
12, array([  29.13577376,   67.89117691, -144.24754466,   18.89846098,
        141.23382324, -308.02334656])
13, array([  17.58748745,   66.32781423, -146.12116892,   -7.22755984,
        148.2683759 , -308.63697665])
14, array([   6.69183228,   63.84130537, -149.13523671,  -26.04280868,
        141.60542849, -310.81520076])
15, array([  -3.48822325,   57.77766142, -151.90472928,  -46.93490814,
        132.22961736, -311.81658693])
16, array([ -13.57532628,   48.13792733, -155.20898848,  -67.8935936 ,
        109.47363419, -312.43432732])
17, array([ -20.22477991,   34.90474948, -158.57196894,  -77.96792413,
         79.90278408, -314.96430058])
18, array([ -24.68093942,   18.14110273, -160.4305524 ,  -84.5160586 ,
         45.72318   , -314.68881258])
19, array([ -26.97206464,    2.05402557, -161.65856665,  -97.14223052,
         -1.90841936, -315.44396212])
20, array([ -23.98294658,   -8.56854328, -162.13590203,  -97.6627585 ,
        -39.96338338, -315.00349658])
21, array([ -17.93957034,  -21.67444845, -162.70445563,  -85.02108664,
        -84.35458503, -314.3057947 ])
22, array([ -11.25525374,  -30.29886571, -162.5739425 ,  -65.97827406,
       -116.24949537, -310.98294058])
23, array([  -2.98227067,  -37.10066688, -161.17391432,  -40.48994248,
       -145.21208947, -305.28983816])
24, array([   8.54205359,  -40.63066848, -159.21445796,  -10.96820202,
       -162.96429575, -304.65595547])
25, array([  21.62523075,  -43.33966857, -157.61560394,   16.93440468,
       -167.99003108, -302.03762896])
26, array([  30.48380771,  -39.91023391, -156.24399083,   39.94422821,
       -150.50889386, -300.41448207])
27, array([  37.62106499,  -35.98400998, -155.21373553,   57.91448139,
       -131.9237134 , -301.26108422])
28, array([  43.23053441,  -27.25811677, -155.35278933,   70.56413747,
       -111.51544224, -304.5629599 ])
29, array([  45.89836749,  -19.28053311, -154.85308585,   73.55276917,
        -82.67264516, -307.85979533])
30, array([  43.54895872,  -11.41313746, -154.94325543,   74.88693433,
        -56.69126248, -312.79627736])
31, array([  42.31576735,   -3.9744802 , -155.03473543,   71.89300008,
        -34.10221752, -318.29867119])
32, array([  38.34589062,    3.09289619, -155.16485054,   66.01796895,
        -13.66492294, -322.25318912])
33, array([  32.94178634,   11.82922527, -155.91637837,   49.97668223,
         -2.21636079, -328.70893123])
34, array([  27.23522446,   19.04374439, -156.54174197,   33.32499909,
          5.53291185, -334.21557775])
35, array([  21.78915457,   23.89827795, -156.88602188,   18.17558655,
          9.64956329, -338.06691324])
36, array([  17.16652623,   25.55465039, -156.79429866,    6.64111165,
         10.20026189, -339.55672223])
37, array([  13.93028901,   23.1746861 , -156.11165286,    0.83424143,
          7.25167596, -337.97878928])
38, array([  12.64339249,   15.9202095 , -154.68316504,    2.86764292,
          0.87047385, -332.62689893])
39, array([  13.86878623,    2.95304501, -152.35391574,   14.85398316,
         -8.87667611, -322.79483573])
