0, array([  10.99844543,   15.08918125, -148.61358331,    6.76522789,
          1.66839294, -323.00644915])
1, array([  13.28553927,    8.76163519, -150.51925386,   16.0337295 ,
        -17.46989562, -328.27514243])
2, array([  17.60431241,    6.48584211, -151.39714002,   29.84017762,
        -25.5918419 , -331.34227756])
3, array([  23.34317648,    7.65044244, -151.4245471 ,   46.56401985,
        -24.30711737, -332.48745589])
4, array([  29.89054312,   11.64407662, -150.77878041,   64.58470382,
        -15.22539347, -331.99027877])
5, array([ 3.66348240e+01,  1.78553851e+01, -1.49637145e+02,  8.22816771e+01,
        4.36583249e-02, -3.30130348e+02])
6, array([  42.96443068,   25.67300827, -148.17694696,   98.03438738,
         19.89036656, -327.18726351])
7, array([  48.26777488,   34.48558663, -146.57549082,  110.22228219,
         42.70505979, -323.44062808])
8, array([  51.97543886,   43.19720953, -144.78075118,  110.09977864,
         63.16700222, -319.35983362])
9, array([  49.78057756,   52.71307444, -143.6366408 ,  107.91901755,
         87.09556419, -314.16980626])
10, array([  48.29687386,   60.46134452, -143.15043197,   95.37063208,
        117.09330256, -309.56165435])
11, array([  42.34173121,   66.54671029, -143.24457619,   76.68960593,
        133.09957089, -306.39904997])
12, array([  32.22367829,   69.25342246, -144.77870814,   51.88865832,
        147.29650289, -304.66416074])
13, array([  20.76509339,   70.81358671, -146.30305438,   24.98949656,
        153.56195163, -304.11908409])
14, array([   9.22992208,   69.93244595, -148.65765018,   -6.52497869,
        148.92837569, -304.48776024])
15, array([   0.34774002,   64.7339542 , -152.28749823,  -36.09778418,
        135.19095411, -307.72625154])
16, array([ -10.92210541,   54.75335486, -155.73383649,  -62.39141182,
        112.37262256, -309.13313542])
17, array([ -19.54717516,   41.98461974, -159.21359515,  -80.73212848,
         78.95722424, -312.8071924 ])
18, array([ -23.66929551,   26.6725985 , -161.52266812,  -92.5708285 ,
         37.8133166 , -316.18159615])
19, array([ -27.4240242 ,   12.9177475 , -164.07344602,  -99.63327577,
         -8.19210598, -314.49357977])
20, array([ -28.50961377,   -1.67598762, -163.69820096,  -97.08701233,
        -53.45122331, -313.08908506])
21, array([ -23.22571778,  -15.64504434, -162.81418285,  -84.39510219,
        -93.23708008, -310.77773792])
22, array([ -19.09545878,  -27.38086728, -161.78594151,  -71.30166079,
       -127.52401862, -306.80600698])
23, array([ -13.35267141,  -39.01175282, -160.28230423,  -42.32607279,
       -145.35299714, -303.94855582])
24, array([  -0.99823573,  -46.31216567, -158.48771473,  -15.12480772,
       -155.55743152, -300.88003404])
25, array([   9.44297605,  -48.16004961, -156.69370328,   12.82615604,
       -161.55517316, -299.04095312])
26, array([  18.97797193,  -44.61470259, -155.86364932,   39.5908182 ,
       -151.66217615, -297.40428192])
27, array([  29.8107001 ,  -38.57559178, -154.69942054,   64.83071704,
       -137.03479498, -298.35196868])
28, array([  41.00243821,  -28.78798163, -155.24969831,   83.28191131,
       -114.07588961, -301.58177711])
29, array([  47.43807366,  -20.45308075, -155.51061683,   97.57181726,
        -89.88674376, -307.7947673 ])
30, array([  48.06714604,  -11.24230317, -155.59349949,  100.05746228,
        -68.71972005, -313.25052788])
31, array([  48.58188112,   -2.31702488, -155.62318375,   94.81840634,
        -47.28190482, -319.40441538])
32, array([  45.90835052,    6.94387965, -155.34272355,   83.14175345,
        -30.1624881 , -324.99462739])
33, array([  39.98258976,   13.60259232, -155.16434907,   68.97244893,
        -16.02728342, -330.61354926])
34, array([  33.01706117,   18.65028203, -154.85790293,   53.33364105,
         -4.75976902, -335.15134397])
35, array([  25.70855397,   21.74849476, -154.38763208,   37.66071359,
          3.15480463, -338.11100346])
36, array([  18.75385739,   22.55877646, -153.71778344,   23.38905033,
          7.23118708, -338.99551965])
37, array([  12.84976065,   20.74267309, -152.81260395,   11.95403504,
          6.98412786, -337.30788448])
38, array([   8.69305297,   15.96173063, -151.63634053,    4.79105149,
          1.92837651, -332.55108987])
39, array([   6.98052358,    7.87749502, -150.15324012,    3.33548345,
         -8.42131743, -324.22812776])
