0, array([  31.87898438,   18.49854528, -147.50546154,   44.5563501 ,
          2.64416418, -328.19350231])
1, array([  38.03672992,   26.66787486, -145.09070593,   61.82672027,
         19.70321355, -324.24204086])
2, array([  43.44850522,   35.81605228, -142.13392236,   77.40307284,
         40.27765825, -319.01351562])
3, array([  48.17356099,   46.15796239, -138.59460196,   91.44302404,
         64.8640516 , -312.37960247])
4, array([  49.7429331 ,   57.45584971, -134.90807572,   96.96298142,
         94.22938211, -303.797684  ])
5, array([  48.55728409,   68.72637991, -131.23591447,   95.52421797,
        124.16061009, -294.45852994])
6, array([  44.87413289,   79.5070417 , -127.74970627,   87.65095358,
        153.40169117, -284.82410052])
7, array([  36.60412913,   88.32837904, -125.15164767,   67.22786708,
        178.78155627, -275.67937113])
8, array([  26.59676911,   94.77558393, -123.9678438 ,   42.28808437,
        197.50375994, -268.54284609])
9, array([  15.17345288,   99.24099416, -124.02098886,   13.86800284,
        210.69871614, -263.28439596])
10, array([   3.38127756,   99.69402795, -126.42292277,  -14.32836482,
        212.74354164, -263.04648199])
11, array([  -6.62002362,   96.76808181, -129.9519395 ,  -37.75331517,
        205.92355941, -266.82633357])
12, array([ -14.99489025,   91.06405286, -134.34158674,  -56.95689586,
        192.28114494, -273.69245256])
13, array([ -19.11449202,   81.1454526 , -139.54411146,  -65.70221255,
        169.61373727, -284.54368684])
14, array([ -19.0624523 ,   68.3653201 , -144.74748444,  -64.25124564,
        140.59076225, -296.7370467 ])
15, array([ -16.14043109,   54.08093516, -149.41805077,  -55.75353328,
        108.26911928, -308.93084626])
16, array([  -9.33162754,   37.722806  , -152.55937003,  -37.51678599,
         71.44279019, -320.01355355])
17, array([-2.99989247e-01,  2.04275787e+01, -1.54202248e+02, -1.38757893e+01,
        3.14987875e+01, -3.26053328e+02])
18, array([   9.45194592,    3.05632443, -154.48140593,   11.25752674,
         -9.44719429, -327.92467589])
19, array([  19.58252244,  -14.55643292, -152.4066631 ,   36.66018599,
        -52.38710525, -323.11036076])
20, array([  26.86484963,  -30.8663615 , -148.7449451 ,   54.27865496,
        -93.39245579, -311.99404906])
21, array([  31.78909282,  -46.31409158, -144.48908643,   65.78207555,
       -132.9969084 , -297.74013659])
22, array([  32.80927832,  -59.74692425, -140.07780243,   67.47224062,
       -168.42389184, -280.9541288 ])
23, array([  29.47878306,  -70.11051329, -136.56183161,   57.69126256,
       -196.33778811, -265.97865011])
24, array([  23.96020118,  -77.84577453, -134.07421142,   41.72319539,
       -217.81677747, -253.85454598])
25, array([  15.83788454,  -82.23839783, -133.04657501,   18.03104739,
       -231.23161158, -245.81010937])
26, array([   6.79259314,  -82.16170602, -134.30611308,   -9.73715898,
       -231.94603166, -245.32852472])
27, array([  -1.58218422,  -79.33047408, -136.65489553,  -36.19266157,
       -225.66144711, -249.2239837 ])
28, array([  -9.01497772,  -73.16845463, -140.24639931,  -60.64983833,
       -211.25459245, -258.28465965])
29, array([ -12.916857  ,  -63.39339729, -144.33795449,  -74.34212752,
       -187.43556823, -272.44317831])
30, array([ -14.31593133,  -52.48162753, -148.43693992,  -80.65081279,
       -161.20343345, -287.36206537])
31, array([ -12.82427873,  -40.88082143, -152.34866544,  -78.39741543,
       -133.81339559, -302.17418509])
32, array([  -7.26913936,  -30.03676878, -154.45458302,  -63.06643269,
       -107.28736675, -313.73001763])
33, array([  -0.970633  ,  -20.38811511, -155.60856844,  -44.70535716,
        -83.32966705, -322.67994838])
34, array([   6.11265015,  -11.71588953, -155.8512312 ,  -23.17532959,
        -61.41308863, -329.21902111])
