0, array([   8.8688717 ,   16.18835315, -148.50674586,    3.22483242,
         -4.21091604, -325.02297455])
1, array([  15.76684252,    7.8438389 , -150.91139071,    9.14415086,
        -13.54788336, -327.31507384])
2, array([  22.79846068,    4.25050536, -151.99111285,   21.55831285,
        -16.31383559, -328.32691063])
3, array([  29.62816651,    4.67950984, -151.97800373,   38.54149354,
        -13.33707552, -328.21733548])
4, array([  35.92040032,    8.40200963, -151.10415478,   58.1678681 ,
         -5.44590596, -327.14519894])
5, array([  41.33960245,   14.68916202, -149.60165745,   78.51161169,
          6.53137028, -325.26935158])
6, array([  45.55021322,   22.81212432, -147.70260318,   97.64689949,
         21.76645039, -322.74864394])
7, array([  48.21667296,   32.04205381, -145.63908342,  113.64790664,
         39.43103156, -319.74192659])
8, array([  49.15728564,   42.4043713 , -143.82506209,  122.68900241,
         56.48948356, -315.57042198])
9, array([  45.59371432,   50.92390753, -142.29113007,  119.82455626,
         81.44842178, -311.95529028])
10, array([  39.16893004,   57.34227304, -141.21660069,  108.65513357,
        110.67754096, -308.00629331])
11, array([  31.40034362,   59.47300474, -141.5641846 ,   87.27055714,
        128.12981809, -305.91016686])
12, array([  21.12762672,   63.18416847, -142.57021184,   59.18731021,
        142.91296499, -305.12031699])
13, array([  10.49027811,   66.52067291, -145.25811888,   26.44078157,
        149.26264177, -304.11895308])
14, array([-1.98555020e-01,  6.53199014e+01, -1.47664166e+02, -5.66977837e+00,
        1.38220618e+02, -3.05722429e+02])
15, array([ -11.4194387 ,   58.79971724, -151.06447646,  -36.34625995,
        118.19690708, -309.74930565])
16, array([ -18.39730271,   48.02655783, -155.05379642,  -65.8711438 ,
         96.61679108, -312.28057946])
17, array([ -23.9955938 ,   36.90397784, -158.14095348,  -83.3807346 ,
         69.59293473, -315.75616283])
18, array([ -27.10088364,   26.21820294, -160.58365496,  -93.76207284,
         29.83281433, -318.57536366])
19, array([ -27.87081111,   13.25952292, -163.52472082,  -98.60708286,
        -14.68654724, -320.28791178])
20, array([ -24.19966706,    1.55330562, -163.62060444,  -97.1797856 ,
        -52.37735917, -318.39880347])
21, array([ -16.56320856,  -12.79965284, -162.52061802,  -79.86157164,
        -90.29458196, -318.74898398])
22, array([  -5.75499783,  -27.57473915, -162.81569626,  -60.30949347,
       -122.90944816, -313.69807205])
23, array([   3.07052323,  -40.73223046, -161.23521336,  -36.02426618,
       -138.99174351, -310.08506432])
24, array([  13.66691354,  -51.18922863, -160.25945523,   -5.81908547,
       -141.52492983, -304.43828455])
25, array([  24.39483783,  -57.75993558, -158.17367911,   23.88352325,
       -144.33663282, -301.16773175])
26, array([  34.36826978,  -54.31593534, -156.91385974,   53.36579925,
       -134.46004775, -297.1591183 ])
27, array([  42.76296972,  -47.69766715, -156.99953684,   81.11389794,
       -118.53981091, -296.03116669])
28, array([  46.66321951,  -40.98457439, -156.44828634,  103.50332326,
       -105.73468193, -298.31407099])
29, array([  48.1415337 ,  -32.53636051, -156.74805563,  115.53393237,
        -83.01103692, -301.61640391])
30, array([  48.02389489,  -22.00836205, -156.90895032,  122.05061889,
        -57.99767449, -306.93185757])
31, array([  44.25952319,   -9.25386325, -157.10188131,  120.86313335,
        -37.26407162, -313.89229853])
32, array([  38.87759396,    3.32172659, -157.62064357,  110.81885475,
        -24.99139739, -319.72874744])
33, array([  32.84808663,   13.07593565, -157.86864451,   94.40360594,
        -12.61679412, -326.62183472])
34, array([  26.83078729,   20.74403039, -157.88442234,   75.67938595,
         -2.82556005, -332.54963048])
35, array([  21.45435165,   25.68451356, -157.57240603,   56.39874629,
          4.03139353, -336.8530387 ])
36, array([  17.34743544,   27.25588791, -156.83702454,   38.31423845,
          7.60315535, -338.87296333])
37, array([  15.13869435,   24.81665616, -155.58270683,   23.17841395,
          7.53881415, -337.95030836])
38, array([  15.45678409,   17.72532107, -153.71388184,   12.74382429,
          3.48745863, -333.42597775])
39, array([  18.93036039,    5.34038537, -151.13497854,    8.76302097,
         -4.90182247, -324.64087548])
