0, array([   7.4078939 ,   10.03431482, -152.48496732,    4.78222233,
         -9.52732089, -330.12798661])
1, array([  13.99765563,    8.90178601, -161.23580108,   13.96667717,
        -12.14717293, -344.88223227])
2, array([  27.05472792,   11.21098504, -164.75720277,   38.11526228,
         -7.07024683, -351.38573055])
3, array([  44.57608641,   15.56390674, -165.78748124,   71.3089538 ,
          3.9119021 , -353.8640244 ])
4, array([  63.43783987,   22.94861528, -161.84526142,  109.94788073,
         22.47993504, -347.75956165])
5, array([  78.19518589,   32.34253299, -155.09601478,  144.22002036,
         48.68108072, -334.1082379 ])
6, array([  84.84205719,   42.7707862 , -149.00452359,  161.81639605,
         80.71128743, -319.38950006])
7, array([  82.6892683 ,   52.64140132, -145.37413019,  157.84156593,
        111.42595402, -310.88200686])
8, array([  74.72287384,   59.31253689, -145.74999669,  138.27401483,
        132.53595371, -310.45774112])
9, array([  63.67933041,   61.65377616, -150.18958917,  107.52501445,
        137.70955257, -319.0419359 ])
10, array([  50.23620362,   60.66779738, -157.16331659,   71.12893622,
        126.3941859 , -334.13353565])
11, array([  36.54123727,   60.61858372, -162.6562556 ,   40.25398848,
        118.12964078, -344.12473311])
12, array([  22.94125943,   65.66202942, -164.08307069,   13.08009362,
        125.54303754, -343.40748557])
13, array([   6.11184838,   75.10743444, -161.84077993,  -20.33774902,
        150.39810015, -328.9722718 ])
14, array([ -11.4341118 ,   82.40755666, -159.08748867,  -54.40256416,
        176.39493805, -307.0172434 ])
15, array([ -25.42831363,   82.08678702, -159.15267084,  -82.36007665,
        185.86466644, -290.21855355])
16, array([ -30.14535978,   71.0333231 , -163.11840713,  -93.83278872,
        163.3345814 , -292.55278531])
17, array([ -27.45755323,   52.53948335, -168.92933434,  -85.83725514,
        122.08675956, -309.64695442])
18, array([ -20.40220117,   30.58145575, -174.29621908,  -66.37493361,
         73.81110165, -333.56703463])
19, array([ -14.87695782,   10.75351287, -176.73614028,  -55.08599598,
         28.68968359, -355.30706064])
20, array([ -15.86817035,   -6.1114254 , -177.07624864,  -62.30590489,
         -9.14459842, -364.07732762])
21, array([ -22.79098053,  -20.98933851, -176.24871812,  -84.78084332,
        -44.99086667, -358.54298899])
22, array([ -31.2940399 ,  -35.58844454, -174.47997799, -113.94399396,
        -87.07787549, -344.0541234 ])
23, array([ -34.17686766,  -50.65884097, -171.51370904, -127.89171526,
       -132.75861221, -325.62521093])
24, array([ -29.12759594,  -62.28916084, -168.94183287, -117.02117871,
       -173.16334788, -309.70519857])
25, array([ -17.56488877,  -63.72101456, -168.5873278 ,  -88.17660508,
       -190.96917098, -305.7250681 ])
26, array([  -3.64371792,  -56.59796339, -170.21023905,  -55.83922353,
       -182.04935826, -314.51458419])
27, array([  10.49608312,  -45.79460043, -172.16226296,  -26.99628774,
       -158.03820266, -329.83690394])
28, array([  22.0187078 ,  -41.21845221, -171.87808495,   -3.83073605,
       -143.71623512, -338.63159396])
29, array([  32.80611551,  -45.85510692, -167.70354531,   21.40191655,
       -150.10170842, -332.34766997])
30, array([  45.20946087,  -56.98773724, -160.36967477,   56.90747296,
       -173.80945158, -310.56486444])
31, array([  58.88748662,  -62.51815154, -153.82352312,  102.17406282,
       -192.84547346, -284.53656855])
32, array([  70.09881835,  -56.33506283, -149.73923142,  143.55625414,
       -186.09810368, -269.48668243])
33, array([  76.71651986,  -39.39857404, -149.259996  ,  169.4414612 ,
       -149.64183768, -273.07451779])
34, array([  74.22425534,  -18.35622397, -152.71415962,  166.15996101,
        -99.099882  , -295.13473311])
35, array([  63.78203778,   -1.9197425 , -157.70437873,  138.59430986,
        -54.13540397, -322.2177976 ])
36, array([  48.16170708,    7.52245452, -161.41086547,   96.25488405,
        -23.28468574, -343.05075727])
37, array([  31.55301587,    9.77159757, -161.93197486,   53.01515784,
        -11.28628286, -349.88473293])
38, array([  18.22815749,    9.16284237, -160.16328528,   20.18260698,
        -10.39315561, -347.03263073])
39, array([  10.70725342,    8.19940649, -156.43305615,    4.21439393,
        -11.90634302, -339.94580822])
