0, array([  28.1717688 ,    8.96819678, -148.80096386,   49.22978577,
         -3.52569177, -326.73335888])
1, array([  34.52136514,   16.2371573 , -146.75186445,   67.90816979,
         16.15231084, -321.2798577 ])
2, array([  40.13799701,   25.27396138, -144.04415901,   84.3140924 ,
         41.06197237, -313.46574021])
3, array([  45.07177702,   36.26889531, -140.62470973,   98.57614672,
         71.70006629, -303.13538217])
4, array([  46.58122083,   49.2199607 , -136.46297087,  102.24956365,
        107.83167533, -289.78916462])
5, array([  45.01090013,   62.21608339, -132.70428321,   96.76611984,
        144.12070752, -276.06460378])
6, array([  40.65846555,   74.64165259, -129.49988862,   83.14877766,
        178.85385611, -262.59436276])
7, array([  31.21646241,   84.07843206, -127.93611472,   55.71458949,
        205.38720034, -251.22625366])
8, array([  20.56501285,   90.15222217, -128.04278755,   25.8992568 ,
        222.19981265, -245.01523248])
9, array([   9.01088673,   93.32071533, -129.57780616,   -5.49939221,
        230.67234482, -243.2780033 ])
10, array([  -1.65582727,   90.63005548, -133.42811855,  -32.44113169,
        222.71576068, -250.15851345])
11, array([  -9.24302568,   84.0196347 , -138.43420131,  -50.62023232,
        204.0778806 , -262.35367483])
12, array([ -14.20524051,   74.52869701, -144.14432283,  -61.33889706,
        177.52871505, -278.16263018])
13, array([ -13.73143246,   62.07953105, -149.71390832,  -57.01891006,
        142.70663279, -296.28016968])
14, array([  -8.89087805,   48.06245368, -153.87975096,  -40.74767867,
        103.75624857, -312.13141449])
15, array([  -1.40252352,   33.53195737, -156.78704891,  -17.59480649,
         63.55203586, -324.95564117])
16, array([   9.24994414,   18.3980642 , -157.66604844,   13.12221463,
         21.94225872, -331.59823735])
17, array([  20.39790109,    3.71106223, -156.53210068,   43.35043749,
        -19.17238128, -330.61797534])
18, array([  30.75343291,  -10.43048586, -154.38912224,   70.20627199,
        -59.03542265, -324.68105456])
19, array([  38.95647884,  -24.24564229, -151.26347396,   89.51149523,
        -98.03336972, -311.94482139])
20, array([  42.83414573,  -36.74518953, -147.83062981,   95.95872658,
       -132.86051716, -295.50394506])
21, array([  43.76735176,  -48.28366852, -144.72522652,   94.02024006,
       -165.06642042, -278.5125212 ])
22, array([  40.57757486,  -57.80383929, -142.72090612,   80.91841756,
       -192.08097009, -263.44664262])
23, array([  33.78991517,  -64.16330512, -142.4091973 ,   57.38559688,
       -211.09447765, -252.87511916])
24, array([  25.72613592,  -67.80030357, -143.07136885,   30.2141004 ,
       -223.23676703, -246.11200163])
25, array([  16.35441476,  -67.7604138 , -144.90867258,   -0.81301618,
       -226.24891942, -244.38297012])
26, array([   7.24114307,  -62.74712907, -147.95303875,  -30.5999888 ,
       -217.22104787, -249.27934264])
27, array([  -0.70532032,  -55.65028529, -151.1752894 ,  -56.60643895,
       -202.61253341, -257.13839994])
28, array([  -7.19880475,  -46.21872947, -154.51273335,  -78.00682477,
       -181.61721868, -268.33840216])
29, array([  -9.99206156,  -34.60107058, -157.35261168,  -86.24316423,
       -156.0512278 , -281.50374172])
30, array([ -10.70260031,  -22.51074474, -159.65598757,  -87.1195137 ,
       -129.39600417, -294.59971068])
31, array([  -9.11075509,  -10.46937207, -161.24174631,  -79.92530971,
       -102.75881546, -306.93417014])
32, array([  -4.64100553,   -0.65442583, -161.32671142,  -62.7627776 ,
        -78.43979946, -316.3549829 ])
33, array([   0.36563964,    7.32501324, -160.64972588,  -43.6954538 ,
        -56.84992037, -323.77108906])
34, array([   5.95638062,   13.65418982, -159.19707348,  -22.50211487,
        -37.46966638, -329.37180249])
