0, array([  14.3212205 ,   13.63600748, -148.85657927,   13.96949697,
         -9.88794288, -327.07753042])
1, array([  15.14626568,   11.93575197, -150.52908303,   15.54604294,
        -13.43771149, -329.00651205])
2, array([  18.70471756,   11.15879106, -151.55688973,   23.26404458,
        -15.43689122, -330.35265817])
3, array([  24.62973098,   11.29957504, -151.84081409,   36.13797307,
        -15.50467437, -331.01976987])
4, array([  32.99404551,   12.53714456, -151.02208357,   53.88228671,
        -12.36388049, -330.69965721])
5, array([  42.33844349,   16.56592221, -149.39638818,   75.34576614,
         -2.87300437, -328.48350611])
6, array([  51.11419669,   22.51357749, -147.32144773,   96.12094863,
         11.84120567, -325.06322827])
7, array([  58.91986381,   30.35006195, -144.84595133,  115.04497382,
         32.04840129, -320.53368933])
8, array([  62.70548512,   40.8579279 , -142.09176149,  124.44055137,
         60.05623792, -315.17540035])
9, array([  61.99016968,   51.68451607, -139.9966891 ,  122.55861934,
         89.08901291, -310.24531341])
10, array([  56.98678038,   62.05523853, -138.79149605,  110.73369138,
        116.9691023 , -305.95043145])
11, array([  46.19844188,   70.37541865, -139.2680467 ,   86.90615904,
        139.28208289, -302.95821896])
12, array([  31.54760925,   74.11810203, -141.69934009,   54.74311651,
        148.05371431, -302.91191488])
13, array([  15.53885346,   74.36693929, -145.24704777,   19.29423957,
        147.49581315, -304.88487811])
14, array([  -1.39171198,   70.84267796, -149.81674662,  -18.66957968,
        137.06713069, -308.84743946])
15, array([ -16.46792147,   61.27469993, -154.68425413,  -53.76729055,
        110.14874713, -314.3636488 ])
16, array([ -27.94605181,   47.89087404, -158.77522208,  -81.78498643,
         73.91931666, -319.08306103])
17, array([ -36.0306629 ,   31.84049136, -162.14284184, -102.32969966,
         30.82806658, -322.40747333])
18, array([ -39.58481098,   14.43623511, -164.47986373, -111.77451909,
        -16.26439543, -323.06365443])
19, array([ -37.58504487,   -3.39918145, -164.91292801, -107.11385593,
        -62.21733059, -319.76019106])
20, array([ -31.80882653,  -20.03752025, -164.20542971,  -93.54833389,
       -104.74404323, -314.10273136])
21, array([ -22.60058828,  -34.47666482, -162.49708672,  -72.10159184,
       -141.33931914, -306.72597546])
22, array([  -9.41713217,  -44.71677972, -159.88682225,  -42.03742822,
       -165.4260519 , -299.40127916])
23, array([   4.74549197,  -50.35975639, -157.26180427,   -8.96882924,
       -178.51537416, -293.91407243])
24, array([  18.3615626 ,  -51.9925903 , -154.98375284,   23.84688073,
       -181.6282553 , -290.86011026])
25, array([  30.55825397,  -49.32947233, -153.34280148,   54.88634087,
       -173.64438619, -291.1378404 ])
26, array([  38.63665014,  -40.7195269 , -152.86763791,   77.4196427 ,
       -151.45503202, -296.5758861 ])
27, array([  43.11209121,  -30.42412148, -153.08125716,   91.12628033,
       -124.65969324, -304.12869213])
28, array([  44.10105063,  -19.01638795, -153.802788  ,   96.0770936 ,
        -94.53348924, -313.18704229])
29, array([  40.19616532,   -7.6150527 , -154.55930584,   88.20718562,
        -63.404069  , -322.26424559])
30, array([  33.54101173,    2.04752797, -155.25915643,   73.4544073 ,
        -37.30416665, -329.32076803])
31, array([  25.57619839,    9.86804871, -155.68763954,   55.57884022,
        -16.34182824, -334.33441148])
32, array([  16.77896228,   15.35065525, -155.64872713,   35.91847292,
         -1.79717907, -336.79044133])
33, array([  10.2448845 ,   17.21125356, -155.07906008,   19.99815322,
          3.09590763, -335.67447681])
34, array([   5.90519095,   17.53029005, -154.08413361,    8.55723753,
          4.55513685, -333.83904908])
35, array([   3.65542285,   16.66766336, -152.7552482 ,    1.21572683,
          3.14381994, -331.56970061])
36, array([   3.75315195,   15.40266986, -151.40897998,   -1.98390395,
         -0.44822309, -329.57223748])
37, array([   5.22313466,   13.85673022, -150.59603988,   -0.84178221,
         -4.12400216, -328.09284215])
38, array([   7.3422401 ,   12.59489856, -150.06048484,    2.52083332,
         -7.47072424, -327.17292012])
39, array([   9.80940125,   11.93173681, -149.74485974,    7.35443482,
        -10.16226343, -326.9266029 ])
