0, array([   3.48902815,   10.23071177, -157.73603148,   -9.69000714,
          0.35689395, -343.7940943 ])
1, array([   3.80334623,   11.06083558, -164.0385136 ,   -6.59765276,
          0.9564798 , -349.43281505])
2, array([   7.39133707,   12.16685873, -166.02857284,    3.37997673,
          2.64408817, -352.67209045])
3, array([  12.95650693,   13.53207649, -166.39872102,   18.93311342,
          6.13997229, -354.07543404])
4, array([  19.57999423,   15.62187205, -164.22192514,   38.6311826 ,
         12.70010229, -351.46733054])
5, array([  25.6267528 ,   19.01273824, -158.3701048 ,   58.75800513,
         23.50557984, -343.32750112])
6, array([  29.07853869,   23.58476418, -152.06431863,   72.01776381,
         39.91105725, -332.69134567])
7, array([  28.99862357,   28.67616469, -147.18894054,   74.02931757,
         59.66711486, -322.97895951])
8, array([  25.9429431 ,   32.88487512, -145.78050949,   64.82115757,
         77.61683316, -317.43508297])
9, array([  20.3960555 ,   34.33875544, -148.26632769,   47.59608082,
         86.23086375, -319.40621444])
10, array([  13.82180194,   32.76921102, -154.17951272,   26.87308434,
         82.99716268, -327.84610383])
11, array([   7.09164597,   29.48000417, -161.07179549,    6.59956187,
         71.58100025, -338.85825178])
12, array([   1.30911666,   26.8605734 , -166.1010685 ,   -9.3134661 ,
         60.82863261, -347.2987512 ])
13, array([  -4.00681237,   26.92657686, -167.73017773,  -23.95690063,
         58.88986739, -348.5994805 ])
14, array([  -9.6938693 ,   29.11875249, -166.47068375,  -40.57576774,
         65.53035528, -341.31676047])
15, array([ -15.58801198,   31.58414228, -164.3448879 ,  -57.0394915 ,
         76.55329673, -327.69104535])
16, array([ -20.85054212,   32.22027462, -163.16179611,  -70.72663389,
         85.4866191 , -312.37929101])
17, array([ -23.67223143,   29.60415253, -164.16402991,  -79.1274054 ,
         81.25815482, -306.81337011])
18, array([ -23.0153011 ,   24.36132206, -167.01833783,  -79.57428583,
         66.22653661, -312.16336324])
19, array([ -19.19956272,   17.59332547, -170.45210682,  -72.25138934,
         44.68183251, -325.82558558])
20, array([ -15.1173174 ,   10.20497927, -172.79576414,  -65.77186582,
         19.58552139, -341.66521996])
21, array([ -13.68964728,    3.2942214 , -173.11523804,  -67.17638135,
         -4.77974921, -351.02869479])
22, array([ -15.65349594,   -3.1753508 , -171.44154444,  -75.94481605,
        -27.24157263, -350.28867257])
23, array([ -19.18890363,   -9.38640663, -168.49269427,  -86.89101582,
        -47.50596393, -340.37456741])
24, array([ -20.50817244,  -14.11420548, -166.4502242 ,  -90.64479458,
        -66.32768759, -330.66576225])
25, array([ -17.26219132,  -15.40570069, -166.41500832,  -81.41846444,
        -77.02591317, -326.52908539])
26, array([ -10.27080344,  -13.35694399, -167.7419603 ,  -62.15228145,
        -77.19231999, -329.63247497])
27, array([  -1.76448879,  -10.07890393, -169.16838425,  -39.48960389,
        -71.57569141, -336.01561087])
28, array([   6.34240279,   -7.71127834, -168.44393963,  -18.02450693,
        -66.80518975, -339.40163807])
29, array([  13.0877644 ,   -7.59063991, -165.3416309 ,    1.9610649 ,
        -66.98323156, -336.32981072])
30, array([  18.84876662,   -8.96275934, -160.26551883,   23.27082483,
        -70.7642926 , -327.95064671])
31, array([  23.95958596,   -9.94816275, -155.82537786,   44.30608622,
        -73.10968772, -319.56116209])
32, array([  26.98623592,   -7.9899536 , -154.09357707,   59.05149181,
        -66.23465084, -317.19648891])
33, array([  27.52005476,   -3.16106167, -154.94178076,   65.03236492,
        -49.88054737, -322.19656606])
34, array([  25.29631305,    2.55470605, -157.7882707 ,   60.72081244,
        -30.38476561, -331.97150996])
35, array([  20.1726866 ,    7.39642077, -160.84877466,   46.28009741,
        -13.63972787, -341.90349065])
36, array([  13.49544339,   10.23402334, -162.91004778,   27.30680354,
         -3.69251582, -347.67633322])
37, array([   7.67266831,   11.81142051, -163.04297827,   10.44998088,
          1.38040749, -349.15591931])
38, array([   3.67847851,   12.43776148, -162.12638962,   -2.7964483 ,
          3.13580716, -348.57409722])
39, array([   1.50953344,   12.21190354, -160.92212887,  -11.19367586,
          2.5713755 , -346.98287808])
