0, array([  -5.07787334,   11.8679343 , -159.46079289,  -21.52349346,
          4.05851973, -344.3051396 ])
1, array([  -2.38231681,   12.12166653, -164.97932944,  -16.28525793,
          3.85562238, -350.25548285])
2, array([   4.08003979,   13.34838726, -166.89105738,   -1.16528716,
          7.01634025, -352.49538771])
3, array([  13.08973245,   15.47905964, -165.60424566,   21.15998307,
         13.69387893, -351.44840156])
4, array([  22.48831343,   18.67021677, -160.37312339,   45.64573542,
         26.00462371, -344.7431118 ])
5, array([  28.7938878 ,   22.51617314, -153.90278032,   63.13611466,
         42.67780606, -335.00008232])
6, array([  30.06027877,   26.32293179, -149.67614253,   67.7715065 ,
         59.44487141, -326.70147747])
7, array([  26.97115541,   28.68641841, -150.14091237,   57.98186731,
         70.29198866, -324.87791767])
8, array([  21.41919991,   29.76436831, -154.00422863,   40.85177181,
         74.16534927, -328.64610165])
9, array([  14.37777835,   30.27337239, -158.68029205,   21.40482421,
         74.05213113, -334.97263979])
10, array([   7.30884533,   31.19852042, -161.78507777,    2.81888917,
         74.80754184, -338.87144565])
11, array([ 1.44079721e-01,  3.30996748e+01, -1.62432630e+02, -1.62784623e+01,
        8.02390052e+01, -3.36709248e+02])
12, array([  -7.3136794 ,   35.62854855, -161.50480779,  -36.90696269,
         89.22961207, -329.00851391])
13, array([ -14.05591715,   36.8577383 , -160.61866989,  -57.89102551,
         96.24463325, -318.46241999])
14, array([ -18.85628566,   35.46078627, -161.67178884,  -74.08600618,
         94.10805917, -312.12339319])
15, array([ -20.85936616,   31.67672259, -164.87525713,  -81.24925726,
         82.09935372, -314.25494956])
16, array([ -19.03918994,   25.96110766, -169.01042756,  -75.48648234,
         61.8985117 , -325.82847567])
17, array([ -16.15148707,   19.60671496, -172.92443873,  -66.87526199,
         39.34586127, -340.04274735])
18, array([ -14.45802769,   13.51787734, -175.54982793,  -63.65462714,
         18.49267281, -351.28594405])
19, array([-1.55401195e+01,  7.41751130e+00, -1.75647123e+02, -7.12192514e+01,
       -2.18668484e-01, -3.53504870e+02])
20, array([ -18.55786362,    1.25784942, -173.82215958,  -84.1373298 ,
        -18.37692494, -348.19040595])
21, array([ -21.33673486,   -4.91151524, -170.78490266,  -94.48640781,
        -38.82499288, -339.12402249])
22, array([ -20.60544363,   -9.874272  , -168.19131148,  -89.17799894,
        -58.03059826, -331.84921879])
23, array([ -16.3161339 ,  -11.98615266, -166.94962939,  -72.02460549,
        -68.64243936, -330.67820001])
24, array([  -9.68456826,  -10.77647925, -167.24332369,  -49.52495705,
        -67.52194626, -335.57525398])
25, array([  -1.68037617,   -8.33613486, -167.51460771,  -28.15627258,
        -60.28481228, -341.27349502])
26, array([   5.65109779,   -7.54862785, -166.06900391,  -11.25659021,
        -57.16345512, -342.617198  ])
27, array([  11.95844923,   -8.65472867, -162.92358821,    2.89312069,
        -60.95260568, -337.61365478])
28, array([  17.34628012,  -11.2514234 , -157.5722364 ,   19.345205  ,
        -71.5325764 , -325.86083551])
29, array([  22.05362517,  -12.72074509, -153.47417919,   38.36078427,
        -79.25210979, -314.33489712])
30, array([  25.88009174,  -11.05663314, -151.30116348,   56.68441281,
        -76.20912299, -308.15461162])
31, array([  28.2203727 ,   -6.06799768, -151.83534231,   69.76264662,
        -60.81072195, -310.72370653])
32, array([ 2.84348022e+01, -2.14919497e-01, -1.54033479e+02,  7.39454654e+01,
       -4.14941550e+01, -3.18650172e+02])
33, array([  26.31963819,    5.02761674, -157.67225201,   68.99074598,
        -22.77459215, -329.3990998 ])
34, array([  21.6233117 ,    8.76568639, -161.65177366,   54.651915  ,
         -8.94906804, -340.24354197])
35, array([  15.42027744,   10.60876247, -164.27801671,   34.70469628,
         -0.67993895, -348.14707213])
36, array([   8.89425653,   10.68576906, -165.32244114,   13.42286698,
          1.48984888, -351.60613953])
37, array([ 3.38549345e+00,  9.96927337e+00, -1.64196041e+02, -4.20891088e+00,
        6.23374161e-02, -3.50555301e+02])
38, array([  -0.63152625,    9.34544385, -162.23051567,  -16.3380736 ,
         -1.7079014 , -347.90891526])
39, array([  -2.79982447,    9.15555376, -160.16067443,  -21.93811348,
         -2.5598911 , -345.13000903])
