0, array([  -2.67552988,    9.24800741, -156.59900501,  -19.61447727,
         14.26735505, -341.38672535])
1, array([  -1.95490497,    8.38190975, -158.74783729,  -10.69924408,
          5.26616866, -345.14785561])
2, array([   0.97007209,    8.40368871, -159.68812182,   -0.91095926,
          1.06057303, -346.89962302])
3, array([   5.42318992,    9.22550559, -159.64946936,    9.20776207,
          1.1081225 , -346.94901078])
4, array([  10.72823716,   10.75952173, -158.86149067,   19.11430484,
          4.8663714 , -345.6030021 ])
5, array([  16.20900244,   12.91789845, -157.55379652,   28.26605395,
         11.79287406, -343.16858017])
6, array([  21.1892744 ,   15.61279706, -155.95599767,   36.12039431,
         21.34518482, -339.95272822])
7, array([  23.06648409,   19.08966699, -154.44333881,   42.79115389,
         33.93833888, -336.77119394])
8, array([  24.04518165,   22.86884652, -153.39396384,   48.72336754,
         48.21629769, -332.49851543])
9, array([  23.31358907,   26.99511473, -152.12081082,   46.23994153,
         63.53420633, -329.51146518])
10, array([  20.45237171,   30.67259117, -151.68127874,   45.03220904,
         75.59206485, -324.70097005])
11, array([  16.75347462,   33.74605798, -152.10421157,   31.41841976,
         88.74368942, -321.69657371])
12, array([  11.26321871,   35.29086256, -152.93092339,   17.92030869,
         92.74753324, -321.68641201])
13, array([   4.0343807 ,   35.38693585, -155.09013933,   -4.7097389 ,
         96.28862211, -321.59651929])
14, array([  -3.10225529,   36.06012377, -158.70891474,  -26.49571189,
         90.45818117, -323.75431692])
15, array([  -9.97483295,   33.71717695, -161.97861974,  -51.1346045 ,
         82.80859997, -326.31980032])
16, array([ -17.87896839,   29.66489039, -165.53852851,  -68.39690774,
         65.31397072, -328.08316189])
17, array([ -22.68152101,   25.91424992, -168.82273356,  -89.29274024,
         40.02813204, -330.06452323])
18, array([ -24.592867  ,   19.88183301, -171.89800945, -102.75510947,
         17.30702599, -332.67507296])
19, array([ -26.13058304,   13.68155285, -173.60979079, -109.11231368,
         -8.69704377, -334.60454482])
20, array([ -25.77554442,    6.77086656, -173.2785226 , -106.08004784,
        -33.90573765, -335.1100972 ])
21, array([-2.33624968e+01, -2.54640741e-01, -1.72791659e+02, -9.99357284e+01,
       -5.61710061e+01, -3.34198107e+02])
22, array([ -17.88114828,   -6.16318978, -171.84987556,  -84.53728678,
        -73.79550901, -330.51484919])
23, array([ -10.47756551,  -10.78247982, -169.65137938,  -66.55959139,
        -83.55514204, -327.54425794])
24, array([  -2.6925664 ,  -13.77134095, -167.08602914,  -41.82247403,
        -95.301992  , -324.59672329])
25, array([   4.55510131,  -15.10510689, -165.06317478,  -20.56235849,
        -94.37457649, -320.94644698])
26, array([  10.27625732,  -14.64924208, -163.7605284 ,    0.97330315,
        -87.49648586, -319.07897713])
27, array([  14.70481437,  -14.07429264, -162.49215983,   22.39184275,
        -73.77149678, -318.62084679])
28, array([  17.70839773,  -10.97297361, -162.33167876,   37.40722973,
        -64.49099615, -319.11462488])
29, array([  19.97093212,   -5.88018551, -162.24510146,   46.52972637,
        -50.87574715, -323.81486211])
30, array([  20.91838415,   -1.94346046, -163.3631921 ,   49.7341361 ,
        -34.74038883, -329.12939508])
31, array([  19.07196599,    2.10646632, -163.24519024,   47.68400223,
        -21.87777884, -335.53722563])
32, array([  15.65280142,    5.26547366, -163.04477903,   42.02217184,
        -11.03974502, -342.06792622])
33, array([ 1.21011293e+01,  7.98660580e+00, -1.64108957e+02,  3.28032424e+01,
        2.33509303e-02, -3.47947263e+02])
34, array([   9.11487546,   11.0164954 , -164.53924083,   24.71797938,
          6.33626501, -351.94750461])
35, array([   6.10826707,   13.37216811, -164.77283835,   15.63392255,
         10.50326815, -354.49825493])
36, array([   3.20755335,   14.79388753, -164.72583669,    5.88535463,
         12.58323972, -355.29615518])
37, array([   0.53898358,   15.02191731, -164.31432272,   -4.19344171,
         12.63505906, -354.03784635])
38, array([  -1.77119298,   13.79652105, -163.45438332,  -14.26818379,
         10.71760553, -350.41996942])
39, array([  -3.59672707,   10.85796238, -162.06210537,  -24.0045889 ,
          6.8897585 , -344.13916539])
