0, array([  -5.66895898,   12.22697878, -157.48335422,  -36.42527484,
         -3.4717094 , -344.49951971])
1, array([   2.78356119,   12.34380991, -161.33092279,   -9.08484858,
          0.60879289, -347.83025862])
2, array([   9.81199916,   13.52260029, -163.20895299,   13.77836927,
          7.40255008, -348.32655627])
3, array([  15.39631865,   15.52030767, -163.52964235,   31.98842455,
         16.20714846, -346.64922777])
4, array([  19.51648337,   18.09388986, -162.70518843,   45.36936312,
         26.32017429, -343.45908824])
5, array([  22.15245704,   21.00030461, -161.14778877,   53.74523083,
         37.03921387, -339.4169528 ])
6, array([  23.28420338,   23.99650971, -159.2696409 ,   56.94007353,
         47.66185347, -335.18363656])
7, array([  23.12908684,   26.75485003, -157.2603373 ,   52.869961  ,
         55.89884585, -332.62249997])
8, array([  20.6611477 ,   28.63675013, -157.44286399,   45.16069398,
         62.12667466, -331.56321754])
9, array([  16.84428509,   30.06940959, -157.37469804,   29.69400607,
         69.44401547, -332.13405278])
10, array([  10.57211346,   31.42118985, -158.44507759,    9.62638872,
         74.92631824, -332.31618583])
11, array([   4.40839614,   31.30280247, -160.11955387,  -10.06088909,
         80.1100352 , -330.03775216])
12, array([  -1.67480238,   32.3350552 , -161.41717935,  -31.03007632,
         80.30648973, -328.41115353])
13, array([  -7.38362675,   33.57990387, -162.53658834,  -48.12258523,
         83.22122888, -327.60389733])
14, array([ -10.6960932 ,   33.28621377, -163.88318745,  -57.59132888,
         84.17701682, -327.14243087])
15, array([ -13.03802498,   31.79864028, -165.18727776,  -65.46956355,
         79.9861458 , -328.53233879])
16, array([ -14.80002307,   27.89833726, -167.46924245,  -66.11597621,
         72.11972187, -330.21070651])
17, array([ -16.14478554,   23.74045553, -169.24664676,  -69.42333551,
         59.60531241, -333.34700377])
18, array([ -17.48360195,   17.64223035, -171.08361446,  -70.1033863 ,
         43.79014548, -337.66896912])
19, array([ -19.03506424,   11.19588486, -171.87081598,  -76.50396485,
         22.27253563, -339.54321934])
20, array([ -19.39126061,    4.06043352, -172.35573906,  -80.2051669 ,
          1.98114183, -342.55122757])
21, array([ -19.45036063,   -2.41219769, -172.08979951,  -79.51797908,
        -17.84298688, -344.01375445])
22, array([ -18.1050217 ,   -7.21696176, -171.90106438,  -76.39214192,
        -37.36030786, -343.53118748])
23, array([ -16.0992975 ,   -9.99593185, -170.82640095,  -73.04857666,
        -52.46748133, -340.30474333])
24, array([ -13.06327841,  -10.4135889 , -169.08389159,  -67.29090337,
        -64.65664846, -338.45696882])
25, array([  -8.59533823,  -11.05744352, -167.38049548,  -51.89315438,
        -67.74789487, -335.93727561])
26, array([  -2.03852846,  -10.64407653, -164.87581764,  -36.52337734,
        -73.474603  , -333.48231212])
27, array([   5.40196811,  -11.43704531, -162.7790135 ,  -16.96989237,
        -76.26648752, -330.41425529])
28, array([  12.47449118,  -12.26688368, -160.05723088,    9.1842932 ,
        -74.05798956, -325.21723317])
29, array([  19.39398435,  -11.59393004, -157.02597218,   30.21118947,
        -69.74869935, -321.12725439])
30, array([  23.86001351,  -10.72206189, -154.43587776,   47.34981717,
        -62.84167175, -318.29721394])
31, array([  26.02196655,   -8.95392139, -153.63315932,   53.85150076,
        -54.82957538, -316.81205662])
32, array([  27.63421102,   -6.24126956, -153.72510124,   58.32645932,
        -43.34184423, -320.04284388])
33, array([  26.19272615,   -2.93946295, -155.23747181,   60.76111848,
        -33.26812254, -324.66679173])
34, array([  23.88635976,    2.14840097, -157.86102758,   53.59580109,
        -20.47466591, -333.02364908])
35, array([  20.143652  ,    6.95708977, -160.36548538,   42.41379601,
         -8.73672993, -341.13141186])
36, array([  15.01507614,   10.85817419, -162.22025288,   28.11474071,
          0.75856154, -347.68165394])
37, array([   8.55110543,   13.22322493, -162.89473774,   11.59827269,
          6.82408465, -351.36594916])
38, array([   0.80221315,   13.42381272, -161.85834762,   -6.23597056,
          8.27271555, -350.87587139])
39, array([  -8.18112745,   10.83150829, -158.5804902 ,  -24.48835154,
          3.91733038, -344.9029945 ])
