0, array([  -1.79585448,   11.70370275, -155.59815531,  -22.22133931,
          2.12016929, -342.2234705 ])
1, array([   0.63436289,   12.02426075, -161.60858988,  -16.3389156 ,
          4.07402852, -348.07388348])
2, array([   4.79811644,   12.85355658, -164.84234037,   -4.72864813,
          6.08339906, -351.16925911])
3, array([  10.78664482,   14.6001576 , -166.05098089,   13.12554971,
          9.32409284, -351.98330058])
4, array([  17.83876156,   17.03208032, -164.25064079,   34.48808005,
         16.33804676, -348.49457671])
5, array([  23.68399253,   20.73734325, -158.37910089,   52.78292174,
         30.28740937, -339.49387191])
6, array([  26.60297259,   24.98208206, -152.63678585,   62.20075319,
         48.56560546, -329.20217836])
7, array([  26.17625376,   28.16486516, -149.91383937,   60.53121307,
         65.64175459, -322.45930486])
8, array([  22.51846097,   29.76139996, -150.96705945,   48.31138007,
         76.92347549, -321.5747785 ])
9, array([  16.26842432,   30.11130471, -155.154269  ,   28.46314641,
         80.86783377, -326.05125072])
10, array([   9.21671321,   30.588277  , -159.15960819,    7.27755709,
         81.32026363, -331.09244474])
11, array([   2.02065532,   31.72091151, -161.13302965,  -13.74000913,
         83.31249348, -332.32475623])
12, array([  -5.39398988,   33.75450938, -160.0278136 ,  -35.43926022,
         89.01270268, -327.39780057])
13, array([ -12.80606484,   35.95725037, -158.02207818,  -56.29871725,
         96.44316835, -317.84275357])
14, array([ -18.33916316,   35.90216029, -158.35316489,  -71.96712847,
         96.44569027, -312.96354847])
15, array([ -20.27815807,   32.74001065, -161.87587127,  -77.98770776,
         84.24339057, -317.29426473])
16, array([ -18.46240984,   26.93410126, -167.59226881,  -72.97510031,
         61.73109439, -329.10574565])
17, array([ -14.52824075,   19.50760736, -173.41646059,  -62.15704041,
         35.0419029 , -343.33287635])
18, array([ -12.31178306,   11.76646649, -176.44352792,  -56.47612224,
          9.67775258, -353.91293529])
19, array([ -14.24982376,    4.3280959 , -175.66871   ,  -63.17863019,
        -12.02809729, -355.72642942])
20, array([ -19.22827765,   -2.9481694 , -171.65713291,  -77.6875459 ,
        -32.04921134, -348.09953864])
21, array([ -23.8279608 ,   -9.79194887, -166.41899319,  -91.9505354 ,
        -52.07738154, -336.48384136])
22, array([ -24.25083023,  -14.45954149, -163.00203943,  -95.59823573,
        -69.39505136, -328.04212196])
23, array([ -18.90680567,  -15.34670995, -163.1899815 ,  -84.45392533,
        -76.4784189 , -326.81329729])
24, array([ -10.01512192,  -13.27040675, -165.83777007,  -64.01027821,
        -72.98812524, -332.37265122])
25, array([  -0.37247308,  -10.21262571, -168.07184585,  -40.15793496,
        -65.57213833, -339.3334205 ])
26, array([   8.13300335,   -7.99554842, -167.44360503,  -16.44458508,
        -59.83175264, -342.32968075])
27, array([  14.78511216,   -8.17852785, -163.36363594,    6.81544935,
        -61.94643407, -336.22100751])
28, array([  20.84075729,   -9.38134597, -157.24485403,   30.06132354,
        -67.24187942, -325.42598962])
29, array([  26.03115963,   -9.4351394 , -152.7975069 ,   51.92620901,
        -69.86794583, -315.31607843])
30, array([  29.47178297,   -6.99558512, -151.40464291,   68.25521343,
        -63.98397423, -310.64049501])
31, array([  30.51948943,   -1.72746488, -153.84684178,   75.1534806 ,
        -46.56954798, -315.12653001])
32, array([  28.93179666,    3.77383431, -158.24420678,   72.82378073,
        -27.66840422, -324.85822026])
33, array([  24.95321149,    7.95804724, -163.27920287,   62.50048657,
        -12.08579004, -335.61994104])
34, array([  19.02524007,   10.70839582, -167.92757436,   46.52412659,
         -1.34706125, -344.49183996])
35, array([  12.2666278 ,   12.22080556, -170.50718986,   28.49575089,
          5.0469575 , -350.46238651])
36, array([   5.72113826,   12.8094247 , -170.61564894,   11.21996333,
          7.86918245, -352.71690556])
37, array([ 9.68060790e-02,  1.29274279e+01, -1.67792371e+02, -3.55092970e+00,
        7.93156653e+00, -3.51467477e+02])
38, array([  -3.37885323,   12.76970909, -163.64325832,  -14.09199265,
          6.24895641, -348.48370978])
39, array([  -4.60139982,   12.29728224, -159.57699813,  -19.83988745,
          3.87232464, -345.14893787])
