0, array([  -0.38300631,    9.75856008, -158.66975776,  -18.77772739,
          2.67043019, -344.02864299])
1, array([   1.10586702,    9.48796883, -159.18598496,  -14.79280452,
          1.35100583, -345.24822275])
2, array([   3.47445849,    9.45839154, -159.61182857,   -8.32337583,
          0.53940623, -346.29765163])
3, array([   6.71573925,    9.80731909, -159.81730066,    0.59714178,
          0.8131561 , -346.94271241])
4, array([  11.14042869,   10.97905884, -159.41231274,   13.20394376,
          3.89081927, -346.53339699])
5, array([  15.78188582,   12.9615972 , -158.39842606,   26.8652726 ,
          9.76734246, -345.01417144])
6, array([  20.24969461,   15.64573197, -156.95811601,   40.13212688,
         18.2678287 , -342.60446098])
7, array([  23.79975523,   19.10907728, -155.20455597,   50.59552049,
         30.01238277, -339.22968862])
8, array([  25.74953989,   23.18772071, -153.45279169,   56.156847  ,
         44.38539585, -335.31399395])
9, array([  25.72024441,   27.42202849, -152.00111755,   55.6608797 ,
         59.73463509, -331.13431001])
10, array([  23.16864111,   31.44705553, -151.17857637,   47.59330089,
         74.75215912, -326.92347419])
11, array([  18.22332447,   34.74789084, -151.3414958 ,   32.72403831,
         87.6028476 , -323.24267815])
12, array([  11.47144443,   36.92378181, -152.63131632,   12.91364943,
         96.54081949, -320.75412902])
13, array([   3.58213148,   37.67476196, -155.05721639,   -9.95908388,
        100.2796705 , -320.03706175])
14, array([  -4.6947494 ,   36.65480643, -158.4090184 ,  -34.09143189,
         97.51164507, -321.43468065])
15, array([ -12.61000023,   33.99080533, -162.21657994,  -57.3894836 ,
         88.6017566 , -324.39154768])
16, array([ -19.46507714,   29.7202185 , -166.05026428,  -78.0208681 ,
         73.89565605, -328.36510444])
17, array([ -24.69800535,   24.07080815, -169.47717184,  -94.16635266,
         54.12219325, -332.26074274])
18, array([ -28.05485692,   17.52159335, -172.21288945, -104.77880712,
         30.92354328, -335.35068052])
19, array([ -28.864173  ,   10.34883954, -173.79791765, -107.92605874,
          5.53818494, -336.71415601])
20, array([ -27.45240938,    3.13944207, -174.32160934, -104.61207985,
        -19.868441  , -336.35231494])
21, array([ -23.9916228 ,   -3.62573654, -173.83525634,  -95.22886408,
        -43.65224887, -334.29549283])
22, array([ -18.38082108,   -9.34405911, -172.29025032,  -79.44555997,
        -63.75280042, -330.5119771 ])
23, array([ -11.46811353,  -13.69759651, -170.13326131,  -59.2626559 ,
        -79.03534813, -325.70535235])
24, array([  -3.86719679,  -16.25652187, -167.72160741,  -36.04496964,
        -87.99691843, -320.75816255])
25, array([   4.02886952,  -16.89770477, -165.36695102,  -11.06136866,
        -90.43505464, -316.77735172])
26, array([  11.41113353,  -15.67339678, -163.41560942,   13.02006955,
        -86.63766404, -315.05500815])
27, array([  17.41609764,  -12.86571712, -162.19953598,   32.90951388,
        -77.3258995 , -316.24345869])
28, array([  21.6676697 ,   -8.87937747, -161.82188376,   47.20328819,
        -63.91845203, -320.18786741])
29, array([  23.84105575,   -4.2943099 , -162.18967368,   54.71118583,
        -48.30594938, -326.22640253])
30, array([  23.84821922,    0.36846996, -163.09089202,   55.42943385,
        -32.53340149, -333.30953347])
31, array([  21.82219143,    4.63218903, -164.18215805,   49.90944113,
        -18.0987314 , -340.36926025])
32, array([  18.47188837,    8.19319793, -165.13139575,   40.27614566,
         -6.03595713, -346.412596  ])
33, array([  14.30385679,   10.76445434, -165.68995963,   28.00164269,
          2.5908268 , -350.70075192])
34, array([   9.89896375,   12.28996874, -165.66216649,   14.85275666,
          7.68609846, -352.94086682])
35, array([   5.8480515 ,   13.04807393, -165.19851208,    2.67400383,
         10.28477531, -353.66092958])
36, array([   2.41630401,   13.12659503, -164.30704915,   -7.74463747,
         10.62446463, -352.95979387])
37, array([ 2.81610901e-01,  1.25981072e+01, -1.63055446e+02, -1.42586597e+01,
        9.19526761e+00, -3.51065352e+02])
38, array([  -1.11588352,   11.9927405 , -161.77047189,  -18.70069326,
          7.53461257, -348.98621387])
39, array([  -1.81887819,   11.35522221, -160.49126706,  -21.18280388,
          5.77199056, -346.83330757])
