0, array([  10.10623035,   14.15117207, -164.66684898,   38.06457372,
         12.96812474, -350.79934169])
1, array([  18.94134748,   16.30687629, -164.44737265,   54.27055369,
         14.10406573, -349.55062203])
2, array([  24.47547938,   18.80822499, -163.16050073,   64.27952276,
         19.95126026, -346.99462469])
3, array([  27.0685151 ,   21.51422805, -161.12139969,   68.57668749,
         29.30710807, -343.49090691])
4, array([  27.08034373,   24.28389534, -158.64523601,   67.64725442,
         40.96900884, -339.39902594])
5, array([  24.87085432,   26.97623674, -156.04717617,   61.97643012,
         53.73436229, -335.07853902])
6, array([  20.79993593,   29.45026212, -153.64238665,   52.04942114,
         66.40056813, -330.8890034 ])
7, array([  15.19134196,   32.11602554, -151.89336507,   36.25035691,
         76.07276238, -326.7511324 ])
8, array([   8.54074936,   33.24186683, -151.47710992,   16.71620422,
         85.47050963, -323.68892883])
9, array([  -0.34413796,   33.53881165, -152.50191902,   -0.69516641,
         88.4671443 , -323.86237412])
10, array([  -9.03615912,   33.8756761 , -154.67674209,  -21.15198633,
         87.44318332, -324.79831382])
11, array([ -15.37313873,   32.65584005, -157.38819148,  -41.27377348,
         82.90964349, -328.14330304])
12, array([ -18.53356631,   30.08102307, -160.10612966,  -58.84914917,
         74.25146154, -332.05443654])
13, array([ -19.65811538,   27.34676853, -162.94083273,  -65.26159752,
         65.17147189, -338.37856383])
14, array([ -16.21409665,   23.00098932, -166.08080675,  -61.22288069,
         54.26728292, -343.70533929])
15, array([ -11.88902043,   19.04050376, -168.07104428,  -52.05008204,
         40.69173591, -347.37569211])
16, array([  -7.06280922,   15.17610778, -168.67838053,  -31.92369282,
         25.59432029, -350.93816474])
17, array([  -0.54700137,   10.59807756, -168.82529718,   -7.88134083,
         10.85937942, -351.26121144])
18, array([   6.84680653,    6.19008526, -167.35857382,   11.21715707,
         -3.98763237, -350.64564687])
19, array([  13.19467471,    2.42868484, -165.65560842,   27.71439444,
        -18.7183765 , -346.34066063])
20, array([  18.14746722,   -1.49631536, -163.72506729,   41.8965055 ,
        -30.64364592, -340.24300998])
21, array([  19.11685731,   -4.88717522, -162.52346562,   50.78422021,
        -45.986937  , -334.25838929])
22, array([  18.63342995,   -7.15545351, -160.64399702,   46.98189439,
        -58.23069427, -326.77318302])
23, array([  17.00598532,   -9.18029537, -159.67266007,   33.45470625,
        -67.42872132, -320.7438218 ])
24, array([  14.76064841,  -10.6447329 , -159.17203433,   12.56458209,
        -70.72953916, -316.81634274])
25, array([   9.61215757,  -10.96745223, -159.62937757,   -7.72113047,
        -72.08698019, -315.92934838])
26, array([   4.04258826,  -11.1244841 , -160.84721411,  -26.64064863,
        -72.77465883, -315.87995173])
27, array([  -1.49787219,   -9.45480744, -162.27909102,  -44.26646315,
        -69.5827894 , -317.84190445])
28, array([  -7.51579842,   -7.51558176, -164.26901462,  -58.93163295,
        -62.46846891, -323.25401388])
29, array([ -11.44850087,   -5.37486219, -166.53656183,  -71.99072006,
        -53.14909307, -328.82054493])
30, array([ -14.02233588,   -2.79652706, -168.75367897,  -80.80423778,
        -43.01948755, -334.77100291])
31, array([-1.48841990e+01,  1.91036508e-01, -1.70724803e+02, -8.41306576e+01,
       -3.29682197e+01, -3.40641216e+02])
32, array([ -13.68098583,    3.55944142, -172.25437005,  -80.72845086,
        -23.88385688, -345.96701089])
33, array([ -10.05959186,    7.28030058, -173.14681754,  -69.35608912,
        -16.65496645, -350.2842165 ])
34, array([  -3.66691267,   11.32522688, -173.20658201,  -48.77204379,
        -12.17011577, -353.12866026])
