0, array([   2.93184143,    8.67807226, -156.68363575,   -8.52372008,
         -3.43600493, -339.70647609])
1, array([   6.87457292,    8.17692299, -156.82804702,    5.81440127,
         -2.31772602, -342.76998701])
2, array([  10.72222895,    8.32642739, -156.73844575,   18.25183358,
          0.46108217, -344.81194833])
3, array([  14.58137487,    9.30918469, -156.34792484,   28.69849332,
          5.44898025, -345.62407106])
4, array([  18.34555293,   11.5082353 , -155.79948834,   38.17383172,
         13.78521495, -345.7847906 ])
5, array([  21.60777896,   14.19337463, -155.15443457,   45.85655631,
         23.32084278, -345.65469775])
6, array([  23.98487168,   17.69210674, -154.31851186,   50.37044031,
         34.90284473, -345.08603277])
7, array([  24.90680195,   21.55072471, -153.67628069,   49.11775391,
         47.74444986, -343.46933604])
8, array([  24.74792494,   25.5833294 , -153.22490708,   44.20804091,
         61.17063875, -341.06188236])
9, array([  21.98194029,   29.54832687, -153.35431045,   31.91700638,
         74.31479123, -336.91176205])
10, array([  17.52756599,   32.88984503, -154.03027619,   15.97814901,
         85.06267732, -331.44483028])
11, array([  11.87964358,   35.80061411, -155.08477232,   -2.5685657 ,
         94.15199036, -325.23854127])
12, array([   4.61420132,   36.85101763, -156.78319166,  -23.20320037,
         96.63537821, -320.560929  ])
13, array([  -2.74897359,   36.71296266, -158.77792336,  -43.27050945,
         94.70003106, -317.94877414])
14, array([ -10.41690797,   35.47384651, -161.10429571,  -63.39884516,
         88.62946036, -317.1670836 ])
15, array([ -16.92918123,   32.00781477, -164.00113694,  -80.75903115,
         75.36083503, -319.24221271])
16, array([ -22.48445798,   27.79586852, -166.83112881,  -95.35182243,
         59.67756045, -322.06908069])
17, array([ -26.88577365,   22.44252677, -169.63294304, -106.51660008,
         40.22113694, -325.95485835])
18, array([ -29.0815317 ,   15.93971496, -171.95103489, -110.21948947,
         16.44909093, -328.67898493])
19, array([ -29.90314953,    9.08811385, -173.78908987, -109.57254951,
         -7.99751079, -330.60439638])
20, array([ -28.29685678,    1.52189879, -174.72495359, -101.29537341,
        -33.42522983, -331.13904883])
21, array([ -24.09369812,   -5.24527692, -174.81796262,  -85.97398223,
        -55.02627414, -329.61014659])
22, array([ -18.432138  ,  -11.46866926, -174.3842016 ,  -66.62694571,
        -74.1983975 , -326.9475022 ])
23, array([ -10.84617233,  -15.68538033, -172.87642116,  -42.1286448 ,
        -85.91286692, -322.68639374])
24, array([  -3.11207595,  -17.72680464, -171.02067944,  -17.44897315,
        -91.46200588, -318.51604046])
25, array([   4.87300588,  -18.25600355, -168.90101105,    7.8023704 ,
        -92.68705988, -314.494666  ])
26, array([  11.80800027,  -16.01612983, -167.14482234,   28.84920328,
        -85.28215855, -315.19759076])
27, array([  17.46962908,  -12.78134459, -165.86172575,   45.27224777,
        -74.91693315, -318.76593848])
28, array([  21.93049153,   -8.36663041, -165.05064386,   57.20459235,
        -61.01750488, -325.55113163])
29, array([  23.40180347,   -3.11507267, -164.54715505,   58.11433762,
        -44.27834878, -334.01616516])
30, array([  23.45447982,    1.94134487, -164.20719181,   54.83838619,
        -28.28133855, -342.27697736])
31, array([  21.44201921,    6.73638757, -164.09685232,   45.65968797,
        -13.36230303, -350.26692867])
32, array([  17.92574183,   10.06039042, -163.77869487,   33.89915699,
         -3.01715173, -354.81083685])
33, array([  14.02974844,   12.57187427, -163.31317173,   21.89709181,
          5.1504974 , -357.5655695 ])
34, array([   9.85375484,   13.81186139, -162.51306601,   10.37842152,
         10.4920444 , -357.50589847])
35, array([   6.2807861 ,   14.04637637, -161.57940202,    1.5675943 ,
         12.09457281, -355.3934242 ])
36, array([   3.11550379,   13.71634464, -160.50997931,   -5.62776605,
         11.73096818, -352.16416684])
37, array([   1.46841046,   12.66565079, -159.05188053,   -8.81353784,
          9.55988974, -348.16143396])
38, array([   0.37066541,   11.81465885, -157.79782935,  -10.85513854,
          7.4669911 , -344.71121137])
39, array([-3.25149731e-01,  1.10975509e+01, -1.56670171e+02, -1.20529858e+01,
        5.37889342e+00, -3.41601754e+02])
