0, array([   7.34266922,    7.69506807, -156.91810047,   -5.32996148,
         -5.18501776, -338.81310167])
1, array([   5.73768926,    8.25350097, -155.84248439,   -9.53458543,
         -3.43270183, -336.30717348])
2, array([   6.01378318,    7.89179374, -156.67916062,   -8.33588965,
         -5.50583565, -337.4252801 ])
3, array([   8.24602741,    7.60005311, -158.21635516,   -1.12344534,
         -7.94804589, -340.18175906])
4, array([  12.60676801,    8.51123083, -159.10230129,   13.06579081,
         -6.83147548, -342.38328219])
5, array([  17.03284084,   10.43243823, -158.44946126,   28.07811712,
         -1.61316105, -342.22070489])
6, array([  21.76576267,   13.24744679, -157.27032306,   43.76918306,
          7.08938703, -340.7085572 ])
7, array([  26.26845372,   16.86367886, -155.63925486,   58.45606762,
         19.00913006, -337.98453539])
8, array([  29.74357641,   21.22170232, -153.58733345,   69.69763324,
         34.02866089, -334.15438199])
9, array([  30.52384335,   25.98932705, -151.57908289,   72.30392139,
         51.64791222, -329.26738491])
10, array([  28.64057937,   30.58643129, -150.13120316,   66.51855098,
         69.31934498, -324.2296079 ])
11, array([  24.17012648,   34.71542814, -149.54784922,   52.6105105 ,
         86.01263249, -319.11700057])
12, array([  17.04874008,   37.82947892, -150.43275353,   30.41480191,
         99.97878487, -313.92484152])
13, array([   8.07699406,   38.86960867, -152.76306145,    3.81435977,
        106.55546161, -310.34967629])
14, array([  -1.31554984,   38.28383961, -155.90914905,  -23.46043708,
        106.66612634, -309.17920455])
15, array([ -10.51696523,   36.13970754, -159.5887649 ,  -49.99593713,
        100.50884566, -310.52368486])
16, array([ -18.8952616 ,   32.10246015, -163.55419281,  -74.77932852,
         86.99860864, -314.86868575])
17, array([ -24.932352  ,   26.19805808, -166.72675508,  -93.22443412,
         66.62249595, -320.42811281])
18, array([ -28.75369244,   19.21461683, -169.30933445, -105.5598845 ,
         42.45018354, -325.88655669])
19, array([ -30.26229153,   11.42418072, -171.18351199, -111.43646354,
         15.43894072, -330.79411093])
20, array([ -28.925273  ,    3.24001451, -171.7244923 , -109.16037501,
        -13.18135185, -334.41988547])
21, array([ -24.94558182,   -4.27016086, -171.10603746,  -99.07606194,
        -39.44506833, -336.34250868])
22, array([ -19.19926665,  -10.58088568, -169.99903708,  -84.01034774,
        -61.88589743, -336.79213825])
23, array([ -11.98017892,  -15.36323756, -168.57016648,  -64.56422532,
        -79.39865076, -335.68255872])
24, array([  -3.67636365,  -17.70727133, -166.78926353,  -40.21768119,
        -88.52222488, -332.33500985])
25, array([   4.09737877,  -17.5896303 , -165.56243249,  -14.59339932,
        -89.8791991 , -329.84517195])
26, array([  11.07293387,  -15.67997164, -164.81037379,    9.68857743,
        -85.55457949, -329.14467501])
27, array([  16.76529799,  -12.14628523, -164.58488859,   30.35570221,
        -75.89692351, -330.76586835])
28, array([  19.86007053,   -7.13255019, -165.09945384,   42.15365479,
        -60.32733161, -335.06146468])
29, array([  20.62352564,   -1.85835262, -166.13931149,   46.43805845,
        -43.76560098, -340.6795102 ])
30, array([  19.46842438,    3.09386756, -167.5679119 ,   44.8313732 ,
        -27.90693442, -346.5992816 ])
31, array([  16.53764918,    7.36229819, -169.24617964,   37.89836003,
        -13.81188972, -352.18669622])
32, array([  12.04991453,   10.1900705 , -170.11629152,   25.72948281,
         -3.88807715, -355.69181963])
33, array([   7.43659623,   11.81339256, -170.24317819,   12.82744325,
          2.68402393, -357.26339019])
34, array([   3.22503085,   12.62032621, -169.79514551,    0.42640837,
          6.53059952, -357.10610468])
35, array([-1.82608857e-01,  1.28277997e+01, -1.68850081e+02, -1.04735887e+01,
        7.94440806e+00, -3.55320357e+02])
36, array([  -2.22537721,   12.66947127, -166.7553671 ,  -17.54181263,
          7.38842175, -352.05653565])
37, array([  -3.36856832,   12.45638883, -164.63491915,  -21.68078894,
          6.42863013, -348.52155362])
38, array([  -3.62593545,   12.15281267, -162.51520061,  -23.16917756,
          4.98821574, -344.9734579 ])
39, array([  -2.97513614,   11.72390984, -160.41943021,  -22.14825583,
          2.9812006 , -341.63787014])
