0, array([  -3.22241027,   12.06125278, -155.10758312,  -17.77638896,
          5.7083567 , -337.84673955])
1, array([-2.56891363e-01,  1.16761550e+01, -1.61819783e+02, -1.24921130e+01,
        4.50599532e+00, -3.45980614e+02])
2, array([   5.61904108,   12.46136009, -164.52082249,    1.40177492,
          6.83601236, -349.56593021])
3, array([  13.50398775,   13.94149934, -165.31108257,   20.49976469,
         11.87618698, -350.93218988])
4, array([  21.99213781,   16.45254772, -162.28726031,   42.73067055,
         20.39784598, -347.56685802])
5, array([  28.63322597,   19.64679455, -157.11034903,   62.44914541,
         32.42266465, -340.04101397])
6, array([  31.62444528,   23.19275012, -152.43795947,   72.57321982,
         47.12268702, -331.92671475])
7, array([  30.65564907,   26.54909004, -149.65331912,   70.28630139,
         61.21895215, -327.23661522])
8, array([  27.07061909,   28.8174997 , -149.94162204,   59.02811125,
         70.90722768, -327.00272158])
9, array([  22.10081318,   29.61359951, -153.34694676,   41.33667448,
         73.28161195, -331.73510595])
10, array([  16.05114883,   29.27833369, -158.69604275,   20.39619158,
         68.08850955, -340.05496037])
11, array([   9.88815185,   29.26159939, -162.90932158,    2.632291  ,
         64.29555875, -345.56301186])
12, array([   3.76790152,   30.97653995, -164.0037393 ,  -13.00220888,
         67.69788142, -345.16760015])
13, array([  -3.80565556,   34.18829419, -162.28382285,  -32.22916399,
         79.10492539, -337.20960504])
14, array([ -11.70167346,   36.67058039, -160.17195091,  -51.82835471,
         91.03597854, -325.10600813])
15, array([ -17.99933213,   36.56150796, -160.22194794,  -67.91370898,
         95.38203913, -315.84505129])
16, array([ -20.12209318,   32.8029598 , -163.26380817,  -74.51453364,
         85.04202612, -317.1318909 ])
17, array([ -18.91252879,   26.51443452, -167.72099521,  -69.91430355,
         66.11164864, -326.55574263])
18, array([ -15.73748532,   19.04796927, -171.83758594,  -58.71665724,
         43.95589868, -339.74265379])
19, array([ -13.25102007,   12.30580422, -173.70909194,  -52.2215672 ,
         23.24776336, -351.72772194])
20, array([ -13.69708468,    6.57116003, -173.9699671 ,  -56.37554165,
          5.8840043 , -356.56268614])
21, array([ -16.81248176,    1.51217098, -173.33522188,  -69.30649703,
        -10.5673708 , -353.51165825])
22, array([ -20.63902122,   -3.45201432, -171.97853554,  -86.08551518,
        -29.88288683, -345.5240854 ])
23, array([ -21.93634889,   -8.57645415, -169.70330216,  -94.11033636,
        -50.84771724, -335.36440244])
24, array([ -19.66407997,  -12.53115266, -167.73058203,  -87.85597337,
        -69.39116666, -326.58785208])
25, array([ -14.46064044,  -13.01803091, -167.45866408,  -71.2602485 ,
        -77.5630152 , -324.39364426])
26, array([  -8.19584711,  -10.5959548 , -168.7034945 ,  -52.65493665,
        -73.46933427, -329.23922031])
27, array([  -1.83266601,   -6.92244935, -170.200766  ,  -36.06015411,
        -62.44959507, -337.68626846])
28, array([   3.35273563,   -5.3664056 , -169.9827914 ,  -22.7318544 ,
        -55.87663583, -342.53469685])
29, array([   8.20727557,   -6.94302359, -166.7807716 ,   -8.21424822,
        -58.80720075, -339.07042973])
30, array([  13.78901838,  -10.72849097, -161.15543307,   12.21387297,
        -69.6876911 , -327.06177764])
31, array([  19.94439176,  -12.60901717, -156.13430284,   38.25800456,
        -78.42413011, -312.71262737])
32, array([  24.98970562,  -10.5065598 , -153.00150641,   62.06724753,
        -75.32747552, -304.41576928])
33, array([  27.96779796,   -4.74758603, -152.63391586,   76.96030091,
        -58.59614654, -306.39370855])
34, array([  26.84623122,    2.40751816, -155.28338173,   75.07228984,
        -35.40029626, -318.555294  ])
35, array([  22.14703346,    7.99647269, -159.11105658,   59.21239299,
        -14.76418739, -333.4859281 ])
36, array([  15.11758568,   11.2071361 , -161.95406322,   34.85240517,
         -0.60548238, -344.97093926])
37, array([   7.64335675,   11.97192011, -162.35377259,    9.97442954,
          4.90109434, -348.7384446 ])
38, array([   1.64691544,   11.76492294, -160.99712502,   -8.91577795,
          5.31098837, -347.16610797])
39, array([  -1.73763533,   11.43732246, -158.13590712,  -18.10308902,
          4.6165224 , -343.25921058])
