0, array([   6.76586217,   13.73809811, -160.87559549,   17.54312054,
          9.52257739, -349.94295119])
1, array([  16.88875794,   14.21207929, -161.59983813,   40.18852494,
         15.18842354, -350.32587056])
2, array([  23.9034684 ,   15.86727453, -161.05762427,   55.43105777,
         23.96334286, -348.24138988])
3, array([  28.04579849,   18.40306586, -159.59411433,   63.88464913,
         34.87530597, -344.32776429])
4, array([  29.55155317,   21.51883533, -157.55446872,   66.16322912,
         46.95228349, -339.22324893])
5, array([  28.65653741,   24.91396497, -155.28384787,   62.88072786,
         59.22224601, -333.56609896])
6, array([  25.59655616,   28.28783683, -153.12741219,   54.65107544,
         70.71316416, -327.99456951])
7, array([  20.09671926,   31.76581101, -152.20039098,   42.1486369 ,
         79.66413631, -324.06727846])
8, array([  12.65613575,   33.59593834, -151.18597698,   23.19050026,
         83.94022366, -321.72757645])
9, array([ 2.36735048e+00,  3.40486059e+01, -1.52107658e+02, -3.19586613e-02,
        8.79142264e+01, -3.20647832e+02])
10, array([  -6.59375149,   34.24910963, -154.18347624,  -20.16319725,
         87.03356394, -322.90685156])
11, array([ -13.72838627,   32.93103145, -157.42423562,  -40.58998383,
         82.30516868, -325.81923509])
12, array([ -17.75764479,   30.7274996 , -160.40215892,  -55.62409371,
         72.37897048, -330.26470131])
13, array([ -18.78365427,   27.9146806 , -163.6901514 ,  -63.94723336,
         61.04413424, -336.7868478 ])
14, array([ -18.31024016,   24.80979328, -166.42383432,  -60.25722661,
         50.98294383, -342.88103382])
15, array([ -11.27342487,   21.29767292, -168.68599119,  -48.40750378,
         37.44622824, -346.27909166])
16, array([  -3.5822374 ,   17.22593427, -169.88718659,  -30.62413075,
         23.54277072, -350.59449804])
17, array([   4.18113679,   12.86962406, -170.28271447,   -4.73561293,
          9.12381006, -350.57338226])
18, array([  11.55704922,    8.10585616, -169.02146561,   15.55643601,
         -6.31464324, -348.13255778])
19, array([  18.28146068,    4.01066474, -167.40974781,   34.30581736,
        -21.59964364, -344.96946125])
20, array([  21.51048976,   -0.61440779, -164.6419414 ,   45.08037901,
        -35.56099393, -340.15135174])
21, array([  21.61246736,   -4.34696256, -162.56534209,   49.85359475,
        -47.34627251, -334.11325415])
22, array([  21.02915458,   -7.10264846, -160.61612519,   46.58606029,
        -57.79880064, -328.39217766])
23, array([  18.89190475,  -10.48563801, -159.38419237,   31.78528628,
        -67.3595695 , -321.89201487])
24, array([  15.40766067,  -11.9211179 , -158.87072533,   14.92895841,
        -74.07233898, -317.37255008])
25, array([  10.03292416,  -12.42140331, -159.25190877,   -8.22571118,
        -75.57131186, -315.57051701])
26, array([   3.36828974,  -11.86949314, -160.27609277,  -26.36571193,
        -73.18062772, -315.35796494])
27, array([  -2.96786026,   -9.87247541, -162.42426325,  -45.68566878,
        -69.70944902, -317.12401938])
28, array([  -8.14881566,   -7.65013962, -165.04813869,  -60.61711444,
        -62.97042944, -322.44008394])
29, array([ -12.70155465,   -4.48761936, -167.54327027,  -72.58460058,
        -54.30935985, -328.49020457])
30, array([ -15.53360183,   -1.17257321, -169.771456  ,  -79.93909382,
        -44.41454917, -334.9957739 ])
31, array([ -16.04499371,    1.9953025 , -171.47344165,  -81.55759605,
        -33.81793511, -341.38895154])
32, array([ -13.6357668 ,    4.71631145, -172.38997303,  -76.31710917,
        -23.05145539, -347.1018971 ])
33, array([  -7.70595761,    6.69075732, -172.26179593,  -63.09463507,
        -12.64704769, -351.56677019])
34, array([   2.34439733,    7.6189438 , -170.82965614,  -40.76717566,
         -3.13664974, -354.21573043])
