[-0.12433215795230639,-0.3299543487914016,0.2255738041375821,-0.28195762415622944,-0.09612048761197184,-0.519586850043745] [-0.09547847747682126,-0.34925921444442454,0.2068072229690081,-0.25882172720870233,-0.11218279869863249,-0.5197439574453195]
[-0.09547847747682126,-0.34925921444442454,0.2068072229690081,-0.25882172720870233,-0.11218279869863249,-0.5197439574453195] [-0.06174682110460487,-0.3575932968602499,0.1968525208637395,-0.22604614162900385,-0.12278783589039598,-0.5192629576139351]
[-0.06174682110460487,-0.3575932968602499,0.1968525208637395,-0.22604614162900385,-0.12278783589039598,-0.5192629576139351] [-0.02241324966611487,-0.35461737339267013,0.19602411034074052,-0.18272390777566494,-0.12784185218917937,-0.5180806187735625]
[-0.02241324966611487,-0.35461737339267013,0.19602411034074052,-0.18272390777566494,-0.12784185218917937,-0.5180806187735625] [0.029795594170899997,-0.33371789985127015,0.225550650519871,-0.11928196939373253,-0.12056476623776079,-0.5106072317251265]
[0.029795594170899997,-0.33371789985127015,0.225550650519871,-0.11928196939373253,-0.12056476623776079,-0.5106072317251265] [0.08689851855392133,-0.29970371545158325,0.26989131248418907,-0.050770246842833655,-0.10247324940710546,-0.49862160411039547]
[0.08689851855392133,-0.29970371545158325,0.26989131248418907,-0.050770246842833655,-0.10247324940710546,-0.49862160411039547] [0.14887374788966778,-0.25263317285296205,0.3289801831963617,0.022788702539751078,-0.07361541930962036,-0.482143812372545]
[0.14887374788966778,-0.25263317285296205,0.3289801831963617,0.022788702539751078,-0.07361541930962036,-0.482143812372545] [0.20338770489621752,-0.18621572188049904,0.40786592962113577,0.0872941480137915,-0.023070874400923584,-0.45950206513640435]
[0.20338770489621752,-0.18621572188049904,0.40786592962113577,0.0872941480137915,-0.023070874400923584,-0.45950206513640435] [0.250358514991773,-0.11113354386422847,0.49152572727665333,0.14246231800986803,0.03665003025104488,-0.4342828295553973]
[0.250358514991773,-0.11113354386422847,0.49152572727665333,0.14246231800986803,0.03665003025104488,-0.4342828295553973] [0.2883793407293252,-0.029588897161930805,0.5774669814367464,0.18663476535108015,0.10380554281176435,-0.40721620447625906]
[0.2883793407293252,-0.029588897161930805,0.5774669814367464,0.18663476535108015,0.10380554281176435,-0.40721620447625906] [0.2942541973452285,0.04806605492420363,0.6438927496235669,0.19036055617646452,0.17954465180260343,-0.3773293866412155]
[0.2942541973452285,0.04806605492420363,0.6438927496235669,0.19036055617646452,0.17954465180260343,-0.3773293866412155] [0.2785798874706327,0.11361660731695217,0.6934031048337745,0.1692816818569224,0.25012866496915875,-0.35018276222381317]
[0.2785798874706327,0.11361660731695217,0.6934031048337745,0.1692816818569224,0.25012866496915875,-0.35018276222381317] [0.24116336161256555,0.16695432189796988,0.7258465094710473,0.12317592812891456,0.31551140002778505,-0.3258008795736904]
[0.24116336161256555,0.16695432189796988,0.7258465094710473,0.12317592812891456,0.31551140002778505,-0.3258008795736904] [0.16587461243534218,0.18835444331799567,0.7306983942612462,0.03741321656128314,0.3504632622499983,-0.31383664535751254]
[0.16587461243534218,0.18835444331799567,0.7306983942612462,0.03741321656128314,0.3504632622499983,-0.31383664535751254] [0.07847525378951152,0.19341603267108065,0.723605919853683,-0.05717200480932433,0.36458239886365035,-0.3128174597375333]
[0.07847525378951152,0.19341603267108065,0.723605919853683,-0.05717200480932433,0.36458239886365035,-0.3128174597375333] [-0.02169405590057016,0.18286902697121898,0.7049773570583096,-0.16141970496169905,0.3588408945833096,-0.32234678496460667]
[-0.02169405590057016,0.18286902697121898,0.7049773570583096,-0.16141970496169905,0.3588408945833096,-0.32234678496460667] [-0.13618518668942126,0.1388530826605408,0.6677231246150619,-0.2780402165897538,0.31874963657154176,-0.3483859492690691]
[-0.13618518668942126,0.1388530826605408,0.6677231246150619,-0.2780402165897538,0.31874963657154176,-0.3483859492690691] [-0.24456907076609605,0.08214302699394244,0.6359336710760655,-0.388710066361297,0.26544798204986036,-0.3728380870500283]
[-0.24456907076609605,0.08214302699394244,0.6359336710760655,-0.388710066361297,0.26544798204986036,-0.3728380870500283] [-0.3480510244735547,0.011382431493767053,0.6094346958443948,-0.4946916185167385,0.19760911170002313,-0.39590176414857314]
[-0.3480510244735547,0.011382431493767053,0.6094346958443948,-0.4946916185167385,0.19760911170002313,-0.39590176414857314] [-0.42311321053309364,-0.08045852933168116,0.5968546001180703,-0.5757475416744406,0.10830976100046524,-0.40135622622444966]
[-0.42311321053309364,-0.08045852933168116,0.5968546001180703,-0.5757475416744406,0.10830976100046524,-0.40135622622444966] [-0.4796605832776964,-0.1806035881710627,0.5903408663895835,-0.6380192694586089,0.01040830981809611,-0.39427316475622387]
[-0.4796605832776964,-0.1806035881710627,0.5903408663895835,-0.6380192694586089,0.01040830981809611,-0.39427316475622387] [-0.517693142707363,-0.2890527452329662,0.5898934941625926,-0.681506801729751,-0.09609524203295314,-0.3746525799475071]
[-0.517693142707363,-0.2890527452329662,0.5898934941625926,-0.681506801729751,-0.09609524203295314,-0.3746525799475071] [-0.5099408886633812,-0.40158176379535526,0.6081105152881712,-0.6748382530554289,-0.20768607309214152,-0.3251761064121528]
[-0.5099408886633812,-0.40158176379535526,0.6081105152881712,-0.6748382530554289,-0.20768607309214152,-0.3251761064121528] [-0.48106721569200955,-0.5101208755230547,0.6273970584443713,-0.6419572305583446,-0.3125177103673934,-0.26014022306848084]
[-0.48106721569200955,-0.5101208755230547,0.6273970584443713,-0.6419572305583446,-0.3125177103673934,-0.26014022306848084] [-0.43159543069536643,-0.6162898052706187,0.647893630637359,-0.5835176530479518,-0.4122553513809153,-0.17932290076831325]
[-0.43159543069536643,-0.6162898052706187,0.647893630637359,-0.5835176530479518,-0.4122553513809153,-0.17932290076831325] [-0.3540465726637211,-0.6958558060119011,0.6585768698683516,-0.4829067750316953,-0.48711292279854285,-0.09872069013918772]
[-0.3540465726637211,-0.6958558060119011,0.6585768698683516,-0.4829067750316953,-0.48711292279854285,-0.09872069013918772] [-0.2693263934300399,-0.752657772488136,0.666220553646264,-0.3706558339156782,-0.5440696211777214,-0.03621071377714191]
[-0.2693263934300399,-0.752657772488136,0.666220553646264,-0.3706558339156782,-0.5440696211777214,-0.03621071377714191] [-0.17603592833273918,-0.7865227609752612,0.6706468712799634,-0.24487245008608544,-0.5831263733846119,0.008230279055116974]
[-0.17603592833273918,-0.7865227609752612,0.6706468712799634,-0.24487245008608544,-0.5831263733846119,0.008230279055116974] [-0.08864931480133344,-0.7671490748319929,0.6448603598014708,-0.1301209975035384,-0.5740239223579362,-0.0034020929929212684]
[-0.08864931480133344,-0.7671490748319929,0.6448603598014708,-0.1301209975035384,-0.5740239223579362,-0.0034020929929212684] [-0.013357221638476592,-0.7265853969158834,0.6124861306236431,-0.03775376092729009,-0.5408267954073415,-0.0378317543179838]
[-0.013357221638476592,-0.7265853969158834,0.6124861306236431,-0.03775376092729009,-0.5408267954073415,-0.0378317543179838] [0.04994773856708458,-0.6650198735135386,0.5735826770442394,0.03242800959128213,-0.4837489297231789,-0.09485628737135166]
[0.04994773856708458,-0.6650198735135386,0.5735826770442394,0.03242800959128213,-0.4837489297231789,-0.09485628737135166] [0.07786852100001382,-0.5836481152593258,0.5148244927436645,0.053469067183964984,-0.4028685741843652,-0.1755402225340017]
[0.07786852100001382,-0.5836481152593258,0.5148244927436645,0.053469067183964984,-0.4028685741843652,-0.1755402225340017] [0.08736335985850541,-0.5045058288738942,0.4544245889420848,0.049923642713054814,-0.32203350944007975,-0.25935403145152325]
[0.08736335985850541,-0.5045058288738942,0.4544245889420848,0.049923642713054814,-0.32203350944007975,-0.25935403145152325] [0.07819343490273033,-0.4299474343402248,0.3941848803404957,0.021954190701160538,-0.24365890887328034,-0.34379708340093984]
[0.07819343490273033,-0.4299474343402248,0.3941848803404957,0.021954190701160538,-0.24365890887328034,-0.34379708340093984] [0.04304195929553621,-0.3722040084567644,0.3429518595414436,-0.03649460695807595,-0.18172243053679812,-0.4136518838272485]
[0.04304195929553621,-0.3722040084567644,0.3429518595414436,-0.03649460695807595,-0.18172243053679812,-0.4136518838272485] [0.0029151106074994694,-0.32973391486764153,0.3018872327223452,-0.09852954432143338,-0.13354429655754224,-0.4692260935019492]
[0.0029151106074994694,-0.32973391486764153,0.3018872327223452,-0.09852954432143338,-0.13354429655754224,-0.4692260935019492] [-0.042209347192282996,-0.30260541412787795,0.27103649511153627,-0.1641666489614866,-0.09918599707054493,-0.5104559129817865]
[-0.042209347192282996,-0.30260541412787795,0.27103649511153627,-0.1641666489614866,-0.09918599707054493,-0.5104559129817865] [-0.08087432219745852,-0.3019423472799098,0.26012210883152065,-0.2122530182405728,-0.09209924085487739,-0.5165011700373823]
[-0.08087432219745852,-0.3019423472799098,0.26012210883152065,-0.2122530182405728,-0.09209924085487739,-0.5165011700373823] [-0.11050641436498829,-0.3052026929772524,0.25143356947541573,-0.24577593379365403,-0.09177697265044113,-0.5151834708661429]
[-0.11050641436498829,-0.3052026929772524,0.25143356947541573,-0.24577593379365403,-0.09177697265044113,-0.5151834708661429] [-0.1318459669265154,-0.31216409828107483,0.24466930724025282,-0.2657666536039232,-0.09785159262907375,-0.5069092438208864]
[-0.1318459669265154,-0.31216409828107483,0.24466930724025282,-0.2657666536039232,-0.09785159262907375,-0.5069092438208864] [-0.1318459669265154,-0.31216409828107483,0.24466930724025282,-0.2657666536039232,-0.09785159262907375,-0.5069092438208864]
