[-0.17790841492038573,-0.28159698495982977,-0.05476553850779986,-0.19644475389030996,-0.05337955090026232,-0.5709741038733798] [-0.07900542928693828,-0.2729756297425072,-0.05917730602674354,-0.11582328717867607,-0.05633398511461196,-0.5719784212137125]
[-0.07900542928693828,-0.2729756297425072,-0.05917730602674354,-0.11582328717867607,-0.05633398511461196,-0.5719784212137125] [0.03996889417512359,-0.20987606759440353,0.009420113070675029,-0.007239586404130315,-0.020401579532809615,-0.5464529250934547]
[0.03996889417512359,-0.20987606759440353,0.009420113070675029,-0.007239586404130315,-0.020401579532809615,-0.5464529250934547] [0.18087300346115065,-0.10134444169418871,0.14403664661041837,0.1265726300980426,0.04873425618513322,-0.49398338886184767]
[0.18087300346115065,-0.10134444169418871,0.14403664661041837,0.1265726300980426,0.04873425618513322,-0.49398338886184767] [0.30946526531491103,0.042270638797011206,0.3137523760625269,0.24699519148777793,0.15489501780059656,-0.4149572969124318]
[0.30946526531491103,0.042270638797011206,0.3137523760625269,0.24699519148777793,0.15489501780059656,-0.4149572969124318] [0.38631292888427193,0.17670448370621794,0.4408601778284993,0.3125183372893097,0.2754651558659104,-0.33831477203531435]
[0.38631292888427193,0.17670448370621794,0.4408601778284993,0.3125183372893097,0.2754651558659104,-0.33831477203531435] [0.37970847390713514,0.24935942325252747,0.4800491481881366,0.30279856052319776,0.36184490139167896,-0.3001227153805779]
[0.37970847390713514,0.24935942325252747,0.4800491481881366,0.30279856052319776,0.36184490139167896,-0.3001227153805779] [0.2925598254086351,0.2516807064341857,0.43170162633633336,0.22180977365792623,0.38402578412815785,-0.31377851912510923]
[0.2925598254086351,0.2516807064341857,0.43170162633633336,0.22180977365792623,0.38402578412815785,-0.31377851912510923] [0.15536885263813918,0.21142723626132065,0.3324289733455599,0.09651028220499108,0.3535735954765541,-0.3702514685882443]
[0.15536885263813918,0.21142723626132065,0.3324289733455599,0.09651028220499108,0.3535735954765541,-0.3702514685882443] [0.0006776597463309855,0.1558055652190683,0.24466832945665828,-0.04439076639247043,0.30405723472421325,-0.4379342522548315]
[0.0006776597463309855,0.1558055652190683,0.24466832945665828,-0.04439076639247043,0.30405723472421325,-0.4379342522548315] [-0.14991726631493468,0.10898697553238984,0.2017847377730959,-0.19862657842650056,0.2608565855932991,-0.4855283722261987]
[-0.14991726631493468,0.10898697553238984,0.2017847377730959,-0.19862657842650056,0.2608565855932991,-0.4855283722261987] [-0.2832227071377465,0.08812468415951735,0.2214060507041573,-0.3728110276662761,0.2304725709837011,-0.49099734239401904]
[-0.2832227071377465,0.08812468415951735,0.2214060507041573,-0.3728110276662761,0.2304725709837011,-0.49099734239401904] [-0.37902593561211767,0.084225923657265,0.28051745659832683,-0.5254233299938234,0.21972829117181775,-0.45860536573292077]
[-0.37902593561211767,0.084225923657265,0.28051745659832683,-0.5254233299938234,0.21972829117181775,-0.45860536573292077] [-0.4259346101333674,0.044565767471963724,0.31027848466981833,-0.6272238684098608,0.2163974098324517,-0.4235733783313451]
[-0.4259346101333674,0.044565767471963724,0.31027848466981833,-0.6272238684098608,0.2163974098324517,-0.4235733783313451] [-0.4278723065201223,-0.06419906715190166,0.2792291403502034,-0.6514776715090128,0.18950398947998362,-0.42066007654497817]
[-0.4278723065201223,-0.06419906715190166,0.2792291403502034,-0.6514776715090128,0.18950398947998362,-0.42066007654497817] [-0.39867292717839264,-0.20914127609804578,0.21537857967653373,-0.5923998315035166,0.12495809213917461,-0.4472249410132827]
[-0.39867292717839264,-0.20914127609804578,0.21537857967653373,-0.5923998315035166,0.12495809213917461,-0.4472249410132827] [-0.36601334681451153,-0.35316573944852403,0.1722268365501023,-0.4843882476742858,0.04322665252834505,-0.49161416780720657]
[-0.36601334681451153,-0.35316573944852403,0.1722268365501023,-0.4843882476742858,0.04322665252834505,-0.49161416780720657] [-0.35425810963303894,-0.4758316028160383,0.1905887661970329,-0.3874469895254931,-0.03345931932730453,-0.5321057317871629]
[-0.35425810963303894,-0.4758316028160383,0.1905887661970329,-0.3874469895254931,-0.03345931932730453,-0.5321057317871629] [-0.36904200554143823,-0.5817993138211811,0.27224889366044547,-0.3518914806656931,-0.10757280141364806,-0.5323675697192405]
[-0.36904200554143823,-0.5817993138211811,0.27224889366044547,-0.3518914806656931,-0.10757280141364806,-0.5323675697192405] [-0.4117401034903834,-0.670109189505567,0.4267355771219412,-0.40236276319187925,-0.19823171031446782,-0.47164536843076466]
[-0.4117401034903834,-0.670109189505567,0.4267355771219412,-0.40236276319187925,-0.19823171031446782,-0.47164536843076466] [-0.46454223818059315,-0.7486936530442254,0.6194979651832027,-0.49094684079387196,-0.31428367936840557,-0.3547709026262629]
[-0.46454223818059315,-0.7486936530442254,0.6194979651832027,-0.49094684079387196,-0.31428367936840557,-0.3547709026262629] [-0.49201891925205965,-0.816416439135264,0.776595473786533,-0.5530178397944832,-0.4304847117346551,-0.23830993963572755]
[-0.49201891925205965,-0.816416439135264,0.776595473786533,-0.5530178397944832,-0.4304847117346551,-0.23830993963572755] [-0.47471570633332383,-0.8471314599173215,0.8363927258812938,-0.5668914983192902,-0.506851077090223,-0.16852697476815504]
[-0.47471570633332383,-0.8471314599173215,0.8363927258812938,-0.5668914983192902,-0.506851077090223,-0.16852697476815504] [-0.4084175032733366,-0.8342246180230303,0.7797427492261502,-0.5136852898747072,-0.5162616856514207,-0.1678771540030235]
[-0.4084175032733366,-0.8342246180230303,0.7797427492261502,-0.5136852898747072,-0.5162616856514207,-0.1678771540030235] [-0.31185047503138436,-0.8048975691116781,0.6629182533476223,-0.40725578764437004,-0.4792453622614358,-0.23177431155651007]
[-0.31185047503138436,-0.8048975691116781,0.6629182533476223,-0.40725578764437004,-0.4792453622614358,-0.23177431155651007] [-0.20887048584117457,-0.7820801184363704,0.5608053837094262,-0.2895225817080327,-0.43360896691225304,-0.3196136254895414]
[-0.20887048584117457,-0.7820801184363704,0.5608053837094262,-0.2895225817080327,-0.43360896691225304,-0.3196136254895414] [-0.10588998786612709,-0.7786870175709075,0.48134155971160997,-0.18158334120209732,-0.41098826691393453,-0.36877885714467595]
[-0.10588998786612709,-0.7786870175709075,0.48134155971160997,-0.18158334120209732,-0.41098826691393453,-0.36877885714467595] [-0.01468307315950777,-0.803276380799544,0.4870814735182085,-0.08116371034261241,-0.4325480372435542,-0.3276061024735544]
[-0.01468307315950777,-0.803276380799544,0.4870814735182085,-0.08116371034261241,-0.4325480372435542,-0.3276061024735544] [0.06219837126412803,-0.8394185136615798,0.5579182175666979,0.023477189444540546,-0.4898316138091507,-0.20703967422254088]
[0.06219837126412803,-0.8394185136615798,0.5579182175666979,0.023477189444540546,-0.4898316138091507,-0.20703967422254088] [0.13827805485785996,-0.8557130381239993,0.6267113805019724,0.1418452920013478,-0.5497391894918294,-0.06537388600970395]
[0.13827805485785996,-0.8557130381239993,0.6267113805019724,0.1418452920013478,-0.5497391894918294,-0.06537388600970395] [0.20444508526744534,-0.8226806387301866,0.6362921190966899,0.24255784762288776,-0.561672782946543,0.010341726047879973]
[0.20444508526744534,-0.8226806387301866,0.6362921190966899,0.24255784762288776,-0.561672782946543,0.010341726047879973] [0.2552641048510795,-0.7506125978206237,0.5756847802427547,0.3086368559132584,-0.5105827199924788,-0.004122568169887764]
[0.2552641048510795,-0.7506125978206237,0.5756847802427547,0.3086368559132584,-0.5105827199924788,-0.004122568169887764] [0.28521783509911935,-0.661231420709205,0.45501421825897204,0.3383915172927439,-0.41611173528916023,-0.09799947809433007]
[0.28521783509911935,-0.661231420709205,0.45501421825897204,0.3383915172927439,-0.41611173528916023,-0.09799947809433007] [0.27775346648692867,-0.5697274287093402,0.32167899269103284,0.3182035662540938,-0.31309987184339627,-0.23442576095442735]
[0.27775346648692867,-0.5697274287093402,0.32167899269103284,0.3182035662540938,-0.31309987184339627,-0.23442576095442735] [0.22101310933909815,-0.4812859430082187,0.19314492033118924,0.24454920636730645,-0.2227733741978035,-0.3658082873459003]
[0.22101310933909815,-0.4812859430082187,0.19314492033118924,0.24454920636730645,-0.2227733741978035,-0.3658082873459003] [0.12150580646890041,-0.40277722424593443,0.09518814418114019,0.13533342824712935,-0.15367450433105123,-0.46115406044062723]
[0.12150580646890041,-0.40277722424593443,0.09518814418114019,0.13533342824712935,-0.15367450433105123,-0.46115406044062723] [0.003556642508005853,-0.33822284029419264,0.03629121387754353,0.02007608761558581,-0.10752745634540607,-0.5143442475654183]
[0.003556642508005853,-0.33822284029419264,0.03629121387754353,0.02007608761558581,-0.10752745634540607,-0.5143442475654183] [-0.106295679769248,-0.28398435130274674,0.009407416774054767,-0.07798358066979001,-0.07797940735682832,-0.5329627056836088]
[-0.106295679769248,-0.28398435130274674,0.009407416774054767,-0.07798358066979001,-0.07797940735682832,-0.5329627056836088] [-0.1926144374582374,-0.24422845503838833,0.010533181214823273,-0.15308969880120657,-0.05621173989402162,-0.5425927051045907]
[-0.1926144374582374,-0.24422845503838833,0.010533181214823273,-0.15308969880120657,-0.05621173989402162,-0.5425927051045907] [-0.24855462684766533,-0.22165311981972274,0.038849790631863,-0.20292008773229414,-0.04191126495181286,-0.5472052885898355]
[-0.24855462684766533,-0.22165311981972274,0.038849790631863,-0.20292008773229414,-0.04191126495181286,-0.5472052885898355] [-0.24855462684766533,-0.22165311981972274,0.038849790631863,-0.20292008773229414,-0.04191126495181286,-0.5472052885898355]
