0, array([  13.65321836,   12.91391638, -167.44032226,   45.21900456,
          8.48668781, -357.49507174])
1, array([  20.70014253,   16.11198467, -165.2753196 ,   66.20233657,
         19.55892357, -353.54113923])
2, array([  26.62096099,   19.64502175, -162.8071722 ,   83.29860745,
         32.16534009, -348.62693006])
3, array([  31.38826993,   23.69476039, -159.89532218,   96.30368289,
         47.02106854, -342.40241574])
4, array([  32.02645279,   28.08583636, -156.83808968,   96.61601691,
         62.79765849, -335.46640645])
5, array([  30.30438435,   32.408164  , -153.87526721,   89.39243288,
         78.33593294, -328.55120796])
6, array([  25.09420221,   36.42100717, -151.19444638,   70.99632319,
         92.83105132, -321.9990995 ])
7, array([  16.30045399,   39.34255615, -149.68670766,   42.32404369,
        103.54602136, -317.1022797 ])
8, array([   6.02038026,   41.58263207, -149.00093401,   10.06151944,
        111.75794068, -313.63245726])
9, array([  -5.71678675,   42.49425756, -149.90299548,  -24.4134065 ,
        114.95802856, -313.25270996])
10, array([ -16.26324474,   41.73946493, -152.39080411,  -53.57611856,
        111.77343338, -316.65161033])
11, array([ -25.55327976,   39.96552435, -155.67904148,  -78.27912935,
        104.93152506, -322.21614207])
12, array([ -30.18214172,   36.50457812, -159.65010099,  -89.0422534 ,
         92.73529142, -330.79697153])
13, array([ -30.25858071,   32.09752542, -163.70344213,  -86.13840266,
         77.86123998, -339.58539437])
14, array([ -27.06878461,   27.09961398, -167.61586658,  -73.64026785,
         61.30799562, -348.18015525])
15, array([ -18.525335  ,   21.51490186, -170.03234828,  -46.82986995,
         42.87122546, -354.41212329])
16, array([  -7.91231305,   15.54620558, -171.48959089,  -15.47491692,
         23.30566541, -358.21249486])
17, array([   4.32985982,    9.32735827, -172.09860076,   19.3298019 ,
          3.02418833, -359.85996785])
18, array([  16.66083623,    3.42985985, -170.79284229,   50.62063218,
        -17.05570341, -356.4707026 ])
19, array([  27.30209309,   -2.26930057, -168.91207721,   76.58455097,
        -36.67174768, -350.88846442])
20, array([  35.58332152,   -7.54789111, -166.40568376,   95.35299738,
        -55.10139192, -342.86887913])
21, array([  38.18729438,  -11.93590602, -163.92695874,   97.02081117,
        -70.72966968, -332.87453052])
22, array([  37.80064166,  -15.67029694, -161.90868458,   89.74250925,
        -84.3543458 , -323.50743596])
23, array([  33.39046609,  -18.41569719, -160.68876337,   70.52336532,
        -94.93418013, -315.6733749 ])
24, array([  24.7513563 ,  -19.8432149 , -160.85718837,   39.96275251,
       -100.96228731, -311.49308841])
25, array([  14.93709425,  -20.44965474, -161.74153262,    6.19084752,
       -104.09342617, -309.53365927])
26, array([   3.93102764,  -19.68776335, -163.76152175,  -31.42139528,
       -102.39986469, -311.19917404])
27, array([  -5.87338582,  -17.71436456, -166.41467817,  -63.6750059 ,
        -96.4424954 , -315.92205865])
28, array([ -14.32381212,  -15.13685903, -169.18778256,  -91.00688751,
        -88.2975117 , -322.15860525])
29, array([ -19.33105351,  -11.6510061 , -171.65714827, -107.23763976,
        -76.75095819, -330.61532027])
30, array([ -20.8771317 ,   -8.03465241, -173.71629769, -112.03771537,
        -64.26881565, -339.05484845])
31, array([ -20.10652358,   -4.43198192, -175.396015  , -109.2019094 ,
        -51.53885784, -347.16604044])
32, array([ -15.47330967,   -1.11523321, -175.84704573,  -93.71467377,
        -39.52501796, -353.38942591])
33, array([ -10.0966232 ,    1.68007991, -175.71150501,  -74.02930278,
        -29.22589431, -357.87279706])
34, array([  -3.9513724 ,    4.11625682, -175.0821021 ,  -50.29657561,
        -20.07744796, -361.02501575])
