0, array([ -12.87912766,    7.60471264, -160.13938714,  -27.04924822,
         -7.15060555, -354.00951266])
1, array([  -0.78041183,   10.54286743, -162.03002444,   -5.06049253,
         -1.25832833, -355.01237156])
2, array([   9.39036604,   13.95779101, -162.1927709 ,   16.38622339,
          7.4710645 , -353.83575582])
3, array([  17.60307284,   17.65360583, -161.07572599,   36.08422528,
         18.33735527, -351.03945779])
4, array([  23.82757549,   21.43443431, -159.1269892 ,   52.82683888,
         30.64032629, -347.18326983])
5, array([  28.03374087,   25.1043989 , -156.79466001,   65.40738994,
         43.67975986, -342.8269843 ])
6, array([  30.19143588,   28.46762204, -154.52683792,   72.6192042 ,
         56.75543832, -338.53039353])
7, array([  30.88100681,   30.2658942 , -153.2268894 ,   70.11202482,
         69.09510517, -336.16611777])
8, array([  28.95481616,   31.80969233, -153.47231761,   58.83338083,
         78.76410955, -335.35150223])
9, array([  23.30540025,   34.12190414, -155.06605209,   39.26933152,
         88.56035832, -334.80138967])
10, array([  13.94288842,   35.37289568, -157.11388164,   14.1330306 ,
         95.15354646, -334.82311244])
11, array([   4.51762183,   37.00260689, -158.89659963,  -14.65264794,
         96.92609566, -335.51647238])
12, array([  -4.76783287,   39.1792885 , -160.8780827 ,  -41.49884507,
        105.64871684, -332.42504428])
13, array([ -13.02713156,   39.19615861, -162.49201274,  -60.94086299,
        106.02953089, -328.31458469])
14, array([ -19.54802885,   38.77252003, -163.59257757,  -73.77696036,
        100.62465859, -328.15161206])
15, array([ -22.92866779,   36.40050175, -165.61157211,  -74.37162223,
         91.48172499, -329.96697849])
16, array([ -26.04494541,   31.53725671, -167.51270577,  -78.52144691,
         77.3364077 , -331.46540403])
17, array([ -27.27315927,   25.86517742, -170.08462228,  -79.94487706,
         56.26390559, -336.25562766])
18, array([ -27.37730539,   17.66514249, -171.70427752,  -81.34109321,
         31.08952607, -340.85246754])
19, array([ -27.4946944 ,    8.0058381 , -172.92284343,  -87.83480955,
          2.20635126, -345.82340988])
20, array([-2.68358810e+01,  7.01685419e-02, -1.73708829e+02, -9.20477991e+01,
       -2.30094428e+01, -3.47521318e+02])
21, array([ -25.68056654,   -6.70470196, -173.20144818,  -93.06977096,
        -48.49925127, -348.16841579])
22, array([ -22.80137595,  -12.36763866, -172.21601741,  -92.92296794,
        -71.58696635, -346.68446445])
23, array([ -17.98473042,  -15.1536498 , -171.20608963,  -93.03544034,
        -87.33095647, -345.2121715 ])
24, array([ -12.90800173,  -16.48559037, -169.25305717,  -88.29977851,
        -92.44742034, -338.54926862])
25, array([  -7.84974863,  -17.88118278, -167.92132924,  -67.90018172,
       -101.37369609, -333.06529436])
26, array([-4.86176352e-02, -1.74977955e+01, -1.66194510e+02, -4.21315219e+01,
       -1.04548554e+02, -3.31207887e+02])
27, array([   8.67505681,  -19.20839936, -164.4941239 ,   -8.80581091,
       -108.03963172, -327.16641103])
28, array([  16.42456115,  -18.14400497, -161.62385722,   22.87487293,
       -105.65979791, -322.3270906 ])
29, array([  23.98322191,  -15.49657743, -159.38138007,   53.04850061,
        -98.95048254, -319.3883944 ])
30, array([  28.81457089,  -13.06398063, -157.05498662,   77.39102551,
        -91.58066464, -318.69707049])
31, array([  29.23002228,   -9.5073598 , -156.22732279,   90.1212045 ,
        -79.8423512 , -319.92214204])
32, array([  29.76768779,   -4.81393892, -157.15410953,   94.86006224,
        -63.42153795, -321.77546152])
33, array([ 2.78136078e+01,  2.21278594e-01, -1.57866637e+02,  9.00646674e+01,
       -5.03688823e+01, -3.29173043e+02])
34, array([  24.40420753,    6.06148569, -160.59548262,   71.00662221,
        -32.59558604, -338.27578788])
35, array([  19.80995086,   10.98390967, -163.09105839,   48.3854616 ,
        -16.41503219, -346.76152268])
36, array([  14.29580356,   14.2748366 , -164.73686895,   25.33895666,
         -3.56001397, -353.26567868])
37, array([   8.1267314 ,   15.22055254, -164.91641936,    5.0048784 ,
          4.23667547, -356.42368754])
38, array([   1.56770012,   13.10734358, -163.01321467,   -9.47900215,
          5.24224297, -354.87098094])
39, array([  -5.11632451,    7.22149577, -158.41075998,  -14.97491397,
         -2.27610463, -347.24299055])
