0, array([  12.21921318,    9.76793314, -168.77591189,   24.98894244,
          4.38963008, -359.90213105])
1, array([  23.89367372,   13.18712954, -165.35964735,   54.5874975 ,
         14.84831456, -355.32883503])
2, array([  31.86677372,   17.37780467, -162.00576476,   74.91605642,
         27.9809119 , -350.3613204 ])
3, array([  36.46121422,   22.03893687, -158.84594858,   86.67473606,
         42.76588725, -345.18057995])
4, array([  37.99969624,   26.86950448, -156.01188328,   90.56365329,
         58.18170576, -339.96760642])
5, array([  36.80492083,   31.56848587, -153.63525333,   87.28292495,
         73.20683257, -334.90339259])
6, array([  33.199589  ,   35.83485938, -151.8477432 ,   77.53266792,
         86.81973282, -330.16893123])
7, array([  27.14919095,   39.51478549, -151.61145778,   58.70008254,
         95.97568541, -326.7350697 ])
8, array([  18.8829065 ,   41.06821687, -151.09368446,   37.91479951,
        103.83196271, -320.74229257])
9, array([   8.29820287,   42.41325867, -152.15822121,    9.21281784,
        106.43413139, -317.70616731])
10, array([-6.64417851e-02,  4.11081912e+01, -1.53379245e+02, -1.75233887e+01,
        1.02480727e+02, -3.16753960e+02])
11, array([  -9.4078744 ,   38.50419831, -156.0738699 ,  -48.5408969 ,
         98.07282678, -319.1971306 ])
12, array([ -17.60875871,   35.88521185, -159.28893919,  -62.28793859,
         85.84730474, -324.8857691 ])
13, array([ -21.63334217,   31.7953351 , -161.87829468,  -64.70966396,
         71.55963849, -330.60605134])
14, array([ -21.58201255,   26.97411282, -165.31570971,  -62.41228917,
         56.68385566, -338.0911008 ])
15, array([ -19.99233934,   21.98373585, -168.45711653,  -52.33694481,
         39.17303759, -346.38682205])
16, array([ -13.98331867,   16.80441228, -170.17749342,  -34.8678821 ,
         23.3402084 , -351.43326882])
17, array([  -3.12362754,   11.30536643, -171.88045421,   -7.90419156,
          5.96329627, -355.02302668])
18, array([   6.12426092,    5.7582363 , -171.20986098,   16.1498287 ,
        -11.19371468, -354.58732351])
19, array([  15.54550019,    0.49128576, -169.73348296,   36.08414271,
        -29.12837651, -350.24297433])
20, array([  21.34117094,   -4.62408524, -166.58649307,   51.67481317,
        -43.44413579, -340.50112097])
21, array([  24.17186514,   -9.1020886 , -163.72694073,   56.41091669,
        -59.17063121, -333.04701206])
22, array([  27.02857954,  -13.34292102, -160.47075752,   51.9336387 ,
        -74.84972526, -324.62393458])
23, array([  24.69376752,  -17.01858549, -159.26397898,   35.70108652,
        -87.21534988, -318.14862871])
24, array([  19.09566598,  -18.93466235, -158.40534231,   23.96460276,
        -94.52176055, -314.83967763])
25, array([  11.87653995,  -19.5445119 , -158.28307256,    2.02896411,
        -97.05639522, -311.80914465])
26, array([   3.78854713,  -18.75953116, -160.7290828 ,  -30.62622188,
        -97.04492252, -312.6982061 ])
27, array([  -6.1241822 ,  -16.13725097, -163.56044918,  -59.13622288,
        -94.18328336, -315.75701608])
28, array([ -12.32052416,  -12.95849825, -166.6388637 ,  -82.07429848,
        -84.48745612, -320.20871916])
29, array([ -17.34258557,   -9.19363757, -169.77931796,  -98.94548424,
        -74.57269907, -327.09871065])
30, array([ -20.45430778,   -5.41824482, -172.58201224, -109.61912369,
        -63.44890684, -334.78067615])
31, array([ -21.20395404,   -2.01370556, -174.73417743, -112.7816456 ,
        -51.81394093, -342.68803347])
32, array([ -19.13978762,    0.63859467, -175.92304439, -107.11947876,
        -40.36566283, -350.25420039])
33, array([ -13.81007178,    2.1572703 , -175.835844  ,  -91.31905194,
        -29.80193403, -356.91259473])
34, array([  -4.76306978,    2.16093578, -174.15980712,  -64.06679392,
        -20.82061602, -362.09663429])
