0, array([ 5.47547542,  2.76564238,  3.30330913, 12.96793914,  5.98787629,
        4.8447533 ])
1, array([ 5.58920629,  2.6976183 ,  3.0009247 , 15.63446684,  5.0896128 ,
        5.12680743])
2, array([ 5.90443966,  2.5761192 ,  2.85119396, 18.16877307,  5.25306902,
        5.13558225])
3, array([ 6.16069583,  2.42346662,  2.74399132, 19.64805845,  6.23680615,
        4.87759605])
4, array([ 5.98978823,  2.38293322,  2.67813802, 19.51089822,  8.13586685,
        4.59854233])
5, array([ 5.50962385,  2.54937008,  2.5655225 , 17.99275686, 10.21209296,
        4.60523923])
6, array([ 4.9159622 ,  2.83712627,  2.47030586, 16.01740515, 12.41040539,
        4.93909162])
7, array([ 4.24796281,  3.17012645,  2.24668274, 13.98516114, 14.37646237,
        5.3628666 ])
8, array([ 4.04025016,  3.30743769,  1.84497723, 14.01936525, 15.25409304,
        5.74201829])
9, array([ 4.38272393,  3.25192139,  1.26492732, 16.15018668, 15.07611436,
        5.83512017])
10, array([ 5.14714645,  2.90916812,  0.5951607 , 19.18514444, 13.4874729 ,
        5.57199344])
11, array([ 6.04998151,  2.11819669,  0.74224884, 21.70535618, 10.29480715,
        5.20167951])
12, array([ 6.7101011 ,  1.18459731,  1.57891463, 22.80972286,  6.07344525,
        5.54190365])
13, array([ 6.97211663,  0.4057021 ,  2.23991408, 22.79031184,  2.12406953,
        6.77825482])
14, array([ 6.75517727,  1.47444258,  2.8653713 , 21.61067652,  5.30229348,
        8.62839522])
15, array([ 5.99356421,  2.76714584,  3.17805763, 19.25767499, 10.45268872,
       10.27552831])
16, array([ 4.90416554,  3.86005112,  3.18653605, 16.12711008, 14.75108243,
       10.99571276])
17, array([ 3.31335798,  4.92887164,  2.91527594, 11.63414841, 18.63460225,
       10.84530736])
18, array([ 1.45277223,  5.67547206,  2.27308231,  6.5602406 , 21.25116475,
       10.00268469])
19, array([ 0.96185002,  6.03272366,  1.36457211,  2.14980443, 22.24519491,
        8.91259583])
20, array([ 2.67028586,  6.00085212,  0.62843539,  5.97983957, 21.80704136,
        8.42179613])
21, array([ 4.65552189,  5.47375393,  1.41464079, 12.1420342 , 19.68164454,
        8.69872203])
22, array([ 6.04151192,  4.50278509,  2.48780037, 17.31597181, 16.03586305,
        9.16955279])
23, array([ 7.17216906,  3.26359178,  3.39731281, 21.67903409, 11.46101914,
        9.06399805])
24, array([ 7.6546686 ,  1.7177215 ,  4.05252228, 24.38056226,  5.82905849,
        8.1902318 ])
25, array([ 7.45282762,  1.02691456,  4.43174896, 24.74284664,  3.00218802,
        6.86771477])
26, array([ 6.90626763,  2.06340953,  4.62727441, 23.17847081,  6.70927439,
        6.04917347])
27, array([ 5.55738593,  3.53453637,  4.52960821, 18.62950684, 11.57534726,
        6.5082806 ])
28, array([ 4.57452995,  4.4373851 ,  4.44973527, 14.12292527, 14.52562194,
        7.86547478])
29, array([ 4.35047613,  5.02806198,  4.24867865, 11.31563147, 16.28794679,
        8.78608523])
30, array([ 4.95698438,  5.19815279,  4.10794067, 11.74470538, 16.37103077,
        8.71611373])
31, array([ 5.83683216,  5.03625738,  4.0684848 , 13.64154934, 15.14390922,
        7.74051514])
32, array([ 6.63864942,  4.60339124,  4.01301748, 15.8739291 , 13.06702238,
        5.90728572])
33, array([ 6.84472442,  4.02988731,  4.00790002, 16.5102238 , 10.2721432 ,
        3.71279736])
34, array([ 6.39459585,  3.54771882,  3.92688057, 15.38605586,  8.19986383,
        1.94069946])
35, array([ 5.70254657,  3.12885009,  3.85256568, 13.62959084,  6.7791422 ,
        1.54696704])
36, array([ 4.74967165,  2.84891124,  3.7664389 , 11.32191499,  6.0749729 ,
        2.44149948])
37, array([ 4.12961062,  2.70741073,  3.64855152, 10.10057769,  5.86400979,
        3.19713336])
38, array([3.87419418, 2.66412836, 3.54651511, 9.90550478, 5.90857233,
       3.7923165 ])
39, array([ 3.87127796,  2.67490949,  3.47592267, 10.39799252,  6.10381277,
        4.2417219 ])
