0, array([   4.95558027,   11.92598011, -153.93632238,   -3.10794387,
          1.87294689, -351.46217062])
1, array([   3.12550511,   11.91040389, -154.01541883,  -12.01478913,
          4.32241833, -350.99705868])
2, array([   3.73694046,   11.84707091, -154.61421492,  -12.59744208,
          4.15304892, -351.71736333])
3, array([   6.10631196,   11.86293694, -155.43237241,   -6.59183649,
          2.42712929, -353.05338573])
4, array([   9.15111544,   12.27557247, -155.86740287,    3.6707555 ,
          1.21542396, -353.88432481])
5, array([  14.58573274,   14.2575945 , -155.64766099,   23.46083304,
          4.19352568, -352.97354142])
6, array([  19.66673885,   16.7816311 , -154.93794424,   42.15381816,
         10.06322837, -351.12057809])
7, array([  23.66422432,   19.63842689, -153.75759381,   56.91085961,
         18.74017481, -348.48583391])
8, array([  26.70977813,   23.57226544, -152.25755214,   68.18747883,
         32.11329725, -344.98775921])
9, array([  28.21135084,   27.74023777, -150.88213031,   74.08442385,
         47.50176418, -341.36963056])
10, array([  28.1632142 ,   32.05115899, -149.71532102,   74.20196099,
         64.43500998, -337.6068565 ])
11, array([  25.86980751,   36.37616769, -149.00093401,   65.30931444,
         82.65403684, -333.62852328])
12, array([  20.63791563,   39.62095878, -149.90023465,   46.81024507,
         97.86487213, -330.1631891 ])
13, array([  13.94381495,   41.71358282, -151.85303746,   24.1852282 ,
        108.9106652 , -327.98067122])
14, array([   5.92503427,   42.49425756, -154.87927834,   -1.82206816,
        114.95802856, -327.47947779])
15, array([  -2.87903263,   41.14677696, -159.18495476,  -28.18969898,
        111.74958081, -330.42538637])
16, array([ -11.38128402,   38.17876759, -163.66889645,  -53.42449394,
        102.46912958, -335.48054465])
17, array([ -19.28057165,   33.70298879, -168.11903798,  -76.85520532,
         87.53248899, -341.67075142])
18, array([ -25.67668862,   27.61412386, -172.06862699,  -96.06925214,
         66.45015992, -347.89420743])
19, array([ -29.2566258 ,   19.80296474, -174.74866859, -107.59770724,
         39.16465603, -352.52648705])
20, array([ -30.25858071,   11.31824593, -175.84704573, -112.03771537,
          9.22922898, -354.98743346])
21, array([ -28.47650732,    2.65077647, -175.21047514, -108.77223001,
        -21.54993828, -354.91912647])
22, array([ -22.39136602,   -5.54547707, -172.27626972,  -93.68663745,
        -50.17525747, -350.83608519])
23, array([ -13.83541559,  -12.35034925, -168.12455532,  -71.05385978,
        -74.0068746 , -343.03499449])
24, array([  -3.91570104,  -17.45754695, -163.5755141 ,  -43.45996272,
        -92.08496587, -333.20042005])
25, array([   7.10781077,  -20.44965474, -159.06113555,  -10.9637404 ,
       -103.09131974, -321.94322486])
26, array([  18.01077411,  -20.36152052, -155.3272348 ,   23.45289913,
       -104.09342617, -313.64669934])
27, array([  27.22120835,  -18.30748549, -152.8189192 ,   54.13459721,
        -98.40351173, -309.53365927])
28, array([  34.52617059,  -14.5228416 , -151.65307696,   80.0099686 ,
        -86.64874089, -309.77970112])
29, array([  38.18729438,   -9.07175915, -152.92791283,   94.35395095,
        -68.25528769, -316.79583604])
30, array([  38.13236131,   -3.48613006, -155.09947449,   97.02081117,
        -49.26187349, -326.180453  ])
31, array([  35.62897969,    1.83224483, -157.55958572,   91.80228223,
        -31.11002481, -336.24084328])
32, array([  30.78613279,    6.60340157, -160.03342867,   78.89138999,
        -14.77886788, -346.19666909])
33, array([  24.84685796,    9.71116646, -161.04285538,   60.7853697 ,
         -4.09203988, -353.36883773])
34, array([  19.27665645,   11.74712597, -161.31873968,   42.86696333,
          3.08427089, -358.34255687])
35, array([  14.18602623,   12.81922547, -160.91877743,   25.71972428,
          7.12438843, -361.02501575])
36, array([  10.24623316,   12.94259651, -159.84263959,   12.07926873,
          8.09132231, -360.37787188])
37, array([   7.68480208,   12.63557266, -158.43673693,    2.57378494,
          7.14868883, -358.11293767])
38, array([   6.05132134,   12.1821415 , -156.95563645,   -3.94308319,
          5.586408  , -355.29562457])
39, array([   5.31956869,   11.70041839, -155.54816291,   -7.38479693,
          3.92945404, -352.40648294])
