0, array([  13.24672549,    4.96872373, -156.27579811,   12.13879688,
         -5.80093893, -345.89286453])
1, array([  15.42444889,    4.46856982, -156.82035008,   19.13701719,
         -7.24335863, -348.4001542 ])
2, array([  18.25800196,    4.66851869, -157.48305417,   27.83987622,
         -6.96029994, -350.54745533])
3, array([  21.81519348,    5.60049503, -158.27454085,   38.45008103,
         -4.87298159, -352.34842877])
4, array([  26.26065157,    7.60705891, -158.54739051,   52.61070562,
          0.42581235, -353.1121811 ])
5, array([  30.58871341,   10.36525244, -158.43957072,   67.05268184,
          7.90127063, -352.96116046])
6, array([  34.79990127,   13.87173135, -157.95277667,   81.77475786,
         17.54370845, -351.89943726])
7, array([  37.26427624,   18.60553663, -156.4674047 ,   91.96596824,
         31.64227253, -348.7042157 ])
8, array([  38.18729438,   23.73283206, -154.74283321,   97.02081117,
         47.47303471, -344.56862859])
9, array([  37.53608487,   29.10273969, -152.83101621,   96.77024008,
         64.57087616, -339.61307603])
10, array([  32.87830749,   34.0426879 , -150.82715851,   83.81059146,
         81.15918501, -333.31696059])
11, array([  26.71511359,   38.15212009, -149.54829946,   65.80769878,
         95.78027703, -326.66690923])
12, array([  19.0330168 ,   41.42359603, -149.00093401,   42.71638182,
        108.41652879, -319.65975118])
13, array([   9.65250012,   42.49425756, -150.33296224,   15.27615159,
        113.97897886, -314.2438654 ])
14, array([   0.33655297,   42.39802773, -152.44317255,  -11.7976103 ,
        114.95802856, -310.90679978])
15, array([  -9.03766397,   41.18001854, -155.32781628,  -38.87065412,
        111.53984096, -309.53365927])
16, array([ -16.91633971,   37.62118783, -159.21993285,  -63.05580757,
         99.13354018, -312.17219504])
17, array([ -23.41144128,   33.03805613, -163.22499828,  -83.81651476,
         83.06766289, -316.30254782])
18, array([ -28.55207887,   27.323151  , -167.40112513, -101.28676369,
         62.95925923, -322.03518685])
19, array([ -30.25858071,   20.46531467, -170.85091675, -109.06949269,
         37.83151292, -327.5761557 ])
20, array([ -30.22073414,   13.27366175, -173.5243941 , -112.03771537,
         11.60076625, -331.98359788])
21, array([ -28.43853916,    5.74819223, -175.4215572 , -110.19143171,
        -15.73298077, -335.25751336])
22, array([ -23.32508697,   -1.4910696 , -175.84704573,  -98.82592736,
        -42.16697703, -335.05970192])
23, array([ -16.97912009,   -7.93294991, -175.3665168 ,  -82.63898292,
        -65.27261446, -333.41608487])
24, array([  -9.36920519,  -13.695469  , -174.0116881 ,  -61.61067367,
        -85.48803568, -330.36893557])
25, array([  -0.64784158,  -17.32335798, -172.13230742,  -33.54292103,
        -96.68352027, -325.68960836])
26, array([   8.02859789,  -19.58281202, -170.3020533 ,   -4.25757221,
       -102.92182031, -321.91450946])
27, array([  16.77316393,  -20.44965474, -168.50028492,   26.67055497,
       -104.09342617, -319.04721916])
28, array([  23.69530159,  -18.57256236, -167.39277288,   52.17779988,
        -96.28612608, -321.09697962])
29, array([  29.26352294,  -15.8528516 , -166.7175705 ,   71.87945355,
        -85.32159866, -325.44767403])
30, array([  33.48984941,  -12.29800409, -166.47083927,   85.82706393,
        -71.22787699, -332.07887234])
31, array([  33.878405  ,   -8.08042435, -166.67322222,   86.65446317,
        -54.56890092, -340.85132199])
32, array([  32.55304891,   -4.06283016, -166.82424774,   81.77126614,
        -38.70765445, -348.85554567])
33, array([  29.55780933,   -0.36405907, -166.91663907,   71.33417667,
        -24.11539293, -355.84857021])
34, array([  24.7395625 ,    2.40003518, -166.38983455,   53.60966075,
        -13.87567702, -359.43121372])
35, array([  20.14260208,    4.45045531, -165.53367964,   36.92740461,
         -6.51323094, -361.02501575])
36, array([  15.76791704,    5.7840117 , -164.34670237,   21.29206638,
         -2.04091399, -360.62108762])
37, array([  13.07064432,    6.03051572, -162.23257614,   12.63995843,
         -1.17059011, -357.84534877])
38, array([  10.99261869,    6.05021449, -160.30320312,    6.0144387 ,
         -0.98832534, -354.82044066])
39, array([   9.47572815,    5.85649582, -158.53051704,    1.2196916 ,
         -1.45012555, -351.52447317])
