0, array([  16.38823631,   13.08737687, -165.3163816 ,   31.23565037,
         13.44909839, -356.56559675])
1, array([  22.93639176,   16.71884463, -163.92156074,   57.56076474,
         17.87026194, -355.94828355])
2, array([  28.26621716,   20.79472013, -161.74391027,   76.6198704 ,
         26.02396953, -352.83127965])
3, array([  32.16768633,   25.09479421, -159.08481514,   88.59106907,
         36.96963748, -347.89143068])
4, array([  34.43077311,   29.39885771, -156.24566028,   93.65246247,
         49.76668213, -341.80558232])
5, array([  34.84545133,   33.48670149, -153.52783064,   91.98215232,
         63.47451981, -335.2505802 ])
6, array([  33.20169481,   37.13811636, -151.23271114,   83.75824034,
         77.15256684, -328.90326999])
7, array([  27.54472155,   39.71976509, -150.20210175,   65.8004302 ,
         90.51064681, -324.98086923])
8, array([  19.53129513,   42.65928762, -150.63049831,   38.24754753,
        100.48754859, -319.0854046 ])
9, array([   7.50151291,   42.62351785, -151.4977283 ,    9.34591637,
        104.79151761, -318.49538571])
10, array([  -1.74784658,   42.30572689, -153.73295442,  -18.82817365,
        111.24366674, -322.6642033 ])
11, array([  -9.64711638,   40.45094401, -156.97899439,  -44.61112249,
        105.55732161, -328.23022146])
12, array([ -17.2181881 ,   36.81421659, -160.63902472,  -60.97578368,
         97.8546577 , -332.84978287])
13, array([ -24.7896718 ,   32.28020512, -163.73072487,  -70.35007688,
         86.78595349, -338.59395293])
14, array([ -23.93591611,   27.1406902 , -168.3192265 ,  -62.5505004 ,
         70.38336385, -345.64817771])
15, array([ -21.95372505,   21.96449542, -170.39258949,  -45.17974873,
         52.14444225, -352.79332772])
16, array([ -14.95092218,   15.54987098, -172.30452798,  -22.79973856,
         33.27487309, -355.999325  ])
17, array([  -8.02844346,    9.727763  , -172.67964974,    9.20089306,
         12.51546531, -356.9915699 ])
18, array([   0.53546925,    4.23909288, -170.97607552,   38.59390201,
         -8.65503913, -355.04045156])
19, array([   8.51302198,   -0.89390611, -169.09567813,   61.16850882,
        -28.58781281, -350.36147373])
20, array([  15.15124752,   -5.36452747, -166.2667771 ,   73.12560393,
        -49.12336326, -340.94575741])
21, array([  19.70745124,  -10.22604577, -163.29302816,   80.22084537,
        -67.97290802, -333.94357782])
22, array([  25.53147229,  -13.14613932, -160.31083795,   71.38245185,
        -80.79452855, -327.06306549])
23, array([  24.82367589,  -15.8226797 , -159.22474379,   52.33823328,
        -95.89732453, -319.25639664])
24, array([  18.97872973,  -18.32402153, -158.16836239,   27.80313214,
       -103.58469524, -313.54297475])
25, array([  12.19988258,  -19.4257218 , -158.39552542,   -3.71534518,
       -105.692906  , -312.06162902])
26, array([   7.04511339,  -20.33309678, -160.92292928,  -29.37138528,
       -102.78176751, -314.03424975])
27, array([  -2.01995657,  -18.91395153, -162.91207771,  -62.38754371,
        -95.29467313, -317.60541753])
28, array([  -8.28514947,  -17.10663967, -166.34942277,  -82.90662065,
        -83.71136595, -322.32458521])
29, array([ -13.69504568,  -13.84791009, -169.08231896,  -97.83263484,
        -70.41603312, -329.93036996])
30, array([ -17.525132  ,   -9.92413146, -171.55550111, -105.86722459,
        -56.4035203 , -337.99250793])
31, array([ -19.29758226,   -5.55372226, -173.55322814, -105.89298781,
        -42.78881845, -345.74550843])
32, array([ -18.53457031,   -0.95510094, -174.85975895,  -96.79252241,
        -30.68691852, -352.42388076])
33, array([ -14.75826997,    3.65331403, -175.25935247,  -77.4484263 ,
        -21.21281147, -357.26213422])
34, array([  -7.49085509,    8.05310416, -174.5362676 ,  -46.74329741,
        -15.48148825, -359.49477814])
