0, array([-1.95723808e-01,  9.37571769e+00, -1.58307607e+02, -1.86112991e+01,
        1.89663314e+00, -3.47712810e+02])
1, array([   1.87258806,   10.83579832, -165.91656623,  -12.7610179 ,
          6.97901054, -355.50531275])
2, array([   8.76449013,   13.12737414, -168.06945151,    6.11183371,
         13.36997968, -357.44028648])
3, array([  18.59884731,   16.68902843, -165.71114628,   33.738463  ,
         24.4201999 , -354.53060013])
4, array([  28.05766199,   21.38420723, -159.07564605,   61.52799808,
         40.51309368, -345.8413416 ])
5, array([  32.13178558,   26.56417453, -152.99401202,   76.75835666,
         60.81644279, -335.15651664])
6, array([  30.58483054,   31.03609354, -149.85811154,   75.75070624,
         80.75967849, -327.07816098])
7, array([  25.36735693,   33.49907804, -150.70587631,   60.49301664,
         91.7951345 , -326.3032322 ])
8, array([  18.9367281 ,   33.51692812, -154.40957374,   36.96027974,
         89.76737027, -332.66657759])
9, array([  12.23442613,   32.52771266, -159.01654693,   12.60182803,
         80.49402402, -341.90881992])
10, array([   5.91023661,   32.8629608 , -161.34506813,   -5.72104   ,
         75.61814445, -346.80738767])
11, array([  -1.25805107,   35.51127845, -160.43247682,  -21.98387347,
         83.0694618 , -343.67815697])
12, array([  -9.24299989,   39.46109843, -156.92216467,  -41.02271715,
         99.83544071, -333.36795545])
13, array([ -17.58628367,   42.49425756, -153.1744914 ,  -62.56380412,
        114.95802856, -320.88467422])
14, array([ -24.14900064,   41.70076834, -153.33763394,  -80.80709508,
        113.5851378 , -314.21355192])
15, array([ -27.81564709,   37.73529663, -157.62698985,  -91.76802   ,
         97.28209738, -317.0065045 ])
16, array([ -25.87337305,   31.29795441, -164.61152063,  -87.45822052,
         72.11907406, -329.01400397])
17, array([ -19.94956392,   23.47696498, -171.11448128,  -70.58661334,
         44.83356918, -344.24070761])
18, array([ -15.8268435 ,   15.45451933, -174.99613594,  -58.88592406,
         20.11089623, -356.32029192])
19, array([ -16.96847728,    7.99857566, -175.84704573,  -63.3819277 ,
          0.71540514, -359.70216333])
20, array([ -23.09148129,    0.44112266, -174.48958666,  -81.97861228,
        -19.6287302 , -354.78823189])
21, array([ -29.59738596,   -7.2548769 , -171.69377131, -104.42052122,
        -44.42714164, -345.07256953])
22, array([ -30.25858071,  -14.21180782, -168.99581991, -112.03771537,
        -70.54962352, -334.98958857])
23, array([ -22.97919882,  -18.02509429, -167.66264442,  -95.1766267 ,
        -89.44086539, -330.61576957])
24, array([ -12.482512  ,  -17.30117338, -168.15201591,  -69.3179708 ,
        -91.54858474, -334.39330687])
25, array([  -1.94387187,  -13.25252426, -169.23213736,  -44.52202761,
        -76.63660912, -343.59534185])
26, array([   7.1550337 ,  -10.34881882, -168.66058749,  -23.53237045,
        -62.99879855, -351.13885864])
27, array([  14.08783111,  -12.03508835, -164.34615138,   -6.90914328,
        -65.95434015, -348.7463343 ])
28, array([  20.74741479,  -16.94574074, -157.9733749 ,   13.36817888,
        -83.06136587, -337.01448016])
29, array([  27.36815231,  -20.44965474, -152.10208047,   38.10147121,
       -101.06210087, -321.79185319])
30, array([  32.9986199 ,  -19.27622528, -149.00093401,   62.89281497,
       -104.09342617, -311.11345695])
31, array([  36.71429903,  -13.27793082, -149.56417822,   84.27678057,
        -88.09326472, -309.53365927])
32, array([  38.18729438,   -4.90461529, -152.28350884,   97.02081117,
        -61.37817734, -316.64265465])
33, array([  35.51636434,    3.1731869 , -157.01688904,   93.09196323,
        -32.59693176, -329.73623446])
34, array([  28.36387152,    9.26349824, -163.09688488,   72.83918263,
         -9.16443157, -344.19051834])
35, array([  18.42586722,   12.57053531, -168.45751053,   43.26746925,
          4.71061401, -355.81485677])
36, array([   7.93171757,   12.67442757, -170.96395487,   14.44315994,
          8.604895  , -361.02501575])
37, array([-3.45278422e-01,  1.10139350e+01, -1.69717089e+02, -6.24926835e+00,
        5.52375549e+00, -3.59777367e+02])
38, array([  -4.36316705,    9.18386578, -165.26941589,  -16.11945125,
          0.63583639, -354.96500265])
39, array([  -5.31528867,    7.98898846, -160.89720517,  -19.61670826,
         -2.56131329, -350.39999221])
