0, array([   8.02535685,   14.23525288, -167.89402346,   19.43225207,
          6.08248176, -358.88405129])
1, array([  15.61473013,   16.45363615, -166.02877274,   39.65894979,
         13.75621077, -356.63936958])
2, array([  22.90776024,   18.90525207, -163.91117962,   58.99358272,
         22.56718935, -353.87624164])
3, array([  29.8996874 ,   22.04766897, -161.07581925,   77.2767171 ,
         34.5723977 , -349.72638827])
4, array([  34.75911429,   25.69037654, -158.04126971,   89.26214531,
         48.54298055, -344.65230279])
5, array([  38.18729438,   29.66885871, -154.87303258,   97.02081117,
         63.83264226, -338.95791057])
6, array([  35.64835705,   33.62600711, -152.22378359,   89.60354245,
         79.1583655 , -332.73440811])
7, array([  31.18834873,   37.40057136, -149.92052135,   77.38044609,
         93.8987175 , -326.62107273])
8, array([  21.65822691,   40.14617927, -149.00093401,   52.66017149,
        105.09964442, -321.64717337])
9, array([  10.33737598,   41.84204005, -149.53592461,   23.62662878,
        112.11262771, -318.98851178])
10, array([  -2.53453745,   42.49425756, -151.4705055 ,   -9.1144311 ,
        114.95802856, -318.61418073])
11, array([ -14.06101943,   41.26412064, -155.31166642,  -36.91151149,
        111.27171742, -322.28032411])
12, array([ -24.50995249,   39.33455814, -159.67444643,  -61.57204849,
        105.22171323, -327.29559965])
13, array([ -29.02932795,   35.54913796, -164.37587241,  -71.11791582,
         93.30816781, -334.99871667])
14, array([ -30.25858071,   31.11382849, -168.36441216,  -71.78263836,
         79.12928859, -342.22814663])
15, array([ -26.60302861,   25.52191013, -171.44708734,  -59.15288645,
         60.97130703, -349.04333413])
16, array([ -18.17949751,   19.23687886, -172.84367777,  -34.69163142,
         40.11987827, -353.31782457])
17, array([  -7.70514813,   12.65448788, -173.49864398,   -5.16650188,
         18.10926985, -356.46563202])
18, array([   4.44417097,    6.00270457, -171.50633834,   25.41696542,
         -4.66850212, -354.48119593])
19, array([  15.71972013,   -0.51288385, -168.94536538,   52.59612143,
        -27.24339199, -350.93298695])
20, array([  24.48210465,   -6.45404097, -165.12889454,   70.62693355,
        -48.46843162, -343.79812422])
21, array([  29.15397649,  -11.34312331, -161.27103721,   76.42952524,
        -66.51474952, -335.39516514])
22, array([  31.22648663,  -15.66440395, -157.28018293,   74.23851073,
        -82.93498837, -325.91721947])
23, array([  27.63244375,  -18.23440449, -155.03339191,   55.51798504,
        -93.37755691, -318.12712263])
24, array([  22.50787023,  -20.17603732, -153.56773591,   32.41218557,
       -101.64786988, -311.64608263])
25, array([ 1.40899271e+01, -2.04496547e+01, -1.54349024e+02,  1.34083136e-01,
       -1.04093426e+02, -3.09533659e+02])
26, array([   5.35303527,  -19.80043191, -156.35941665,  -32.51613491,
       -102.79698879, -310.23613711])
27, array([  -3.56774859,  -18.20880485, -159.60588186,  -65.00676596,
        -97.65696935, -313.83447986])
28, array([ -10.13954543,  -15.19095871, -163.54058462,  -88.70152138,
        -87.10445893, -320.77333367])
29, array([ -15.61530575,  -11.80507968, -167.50270564, -108.22170656,
        -75.17947396, -328.48566116])
30, array([ -17.11938587,   -7.66471232, -170.81110142, -112.03771537,
        -60.77744206, -337.09319376])
31, array([ -17.12306391,   -3.54027544, -173.52354829, -109.61080831,
        -46.69051982, -345.06821214])
32, array([ -14.89120308,    0.56042566, -175.34805522,  -97.88220732,
        -33.07309832, -352.10080971])
33, array([ -11.61188124,    3.90812573, -175.84704573,  -81.95470031,
        -22.10947861, -356.96248703])
34, array([  -7.81600542,    7.01731665, -175.80059782,  -63.89173902,
        -12.00587061, -361.02501575])
