0, array([  -1.13901429,   12.51181201, -155.29262847,  -15.56447548,
          1.6033197 , -345.74762937])
1, array([-3.09089650e-01,  1.23796224e+01, -1.61616658e+02, -9.99547247e+00,
        1.92622089e+00, -3.52771411e+02])
2, array([   4.50760977,   13.38808124, -164.61491291,    3.80792327,
          6.59288347, -355.95643664])
3, array([  11.80552476,   15.65500182, -165.50788538,   24.75188891,
         14.84715931, -356.30197615])
4, array([  20.53943692,   19.56503199, -163.20746076,   50.6968567 ,
         27.18283327, -351.5457856 ])
5, array([  27.14326506,   24.85520656, -158.66318372,   72.67124289,
         44.05824407, -342.01786773])
6, array([  29.41635004,   30.26265853, -154.77832199,   82.1889853 ,
         64.37329097, -331.47259064])
7, array([  27.12334482,   34.37948113, -152.90937235,   76.92156484,
         83.58011832, -323.83152525])
8, array([  20.58012689,   36.51707246, -154.76602175,   57.47932917,
         94.43430866, -323.85539118])
9, array([  12.20182633,   37.04040228, -158.54606306,   31.29908515,
         97.03274842, -329.30515929])
10, array([   3.85047104,   37.34840281, -161.90585734,    5.38886757,
         96.44492966, -335.65814443])
11, array([  -3.42782483,   38.53607556, -163.62214907,  -17.59111474,
         97.59260205, -337.94157837])
12, array([ -10.48723579,   40.74983379, -163.33442837,  -39.79640307,
        103.45601107, -332.51984333])
13, array([ -17.27199367,   42.49425756, -162.44767734,  -61.65858389,
        111.94200224, -321.17469286])
14, array([ -23.33513521,   41.97927709, -162.91750922,  -80.42331748,
        114.95802856, -311.33912542])
15, array([ -26.68328135,   38.34791403, -165.89020593,  -91.12663933,
        103.80625429, -312.12538962])
16, array([ -26.16680614,   32.22129271, -169.84890711,  -89.60525342,
         80.68353334, -323.25578909])
17, array([ -22.97110292,   24.49348435, -173.6451384 ,  -79.67918518,
         51.70450837, -339.48921444])
18, array([ -20.0040737 ,   15.98855017, -175.84704573,  -73.3608676 ,
         22.21292777, -353.46179619])
19, array([ -20.60995627,    7.32056462, -175.68384268,  -79.70103635,
         -4.39344994, -358.22067975])
20, array([ -24.51728848,   -1.32491176, -173.58483708,  -94.60733748,
        -28.99171199, -353.20083972])
21, array([ -29.18969999,   -9.83248975, -170.41802913, -109.62495557,
        -54.16176827, -342.44247414])
22, array([ -30.25858071,  -15.81639811, -168.2219647 , -112.03771537,
        -76.61677333, -333.38036144])
23, array([ -25.46884975,  -17.86761351, -167.70948058,  -97.81021386,
        -88.99066589, -331.62993535])
24, array([ -15.75357466,  -16.75838258, -168.5087406 ,  -72.95685291,
        -89.54945248, -336.90809168])
25, array([  -3.96836806,  -15.13953767, -168.44429492,  -44.77148134,
        -85.35077187, -343.23765618])
26, array([   7.37147449,  -14.80881845, -165.48643786,  -17.80341472,
        -83.54509341, -343.8239163 ])
27, array([  17.32921978,  -16.7461873 , -160.23807691,    8.13382842,
        -88.5107158 , -336.93908378])
28, array([  25.7071765 ,  -19.86895196, -153.8248745 ,   34.59853591,
        -98.68959873, -324.10620214])
29, array([  32.27647134,  -20.44965474, -149.49942068,   61.36935753,
       -104.09342617, -312.75015673])
30, array([  36.61874422,  -16.84129439, -149.00093401,   82.39535091,
        -94.73396107, -309.53365927])
31, array([  38.18729438,  -10.2617461 , -151.85591373,   94.60705543,
        -72.93513906, -315.07354099])
32, array([  36.99438911,   -3.3208839 , -156.40364442,   97.02081117,
        -47.87180583, -325.69606208])
33, array([  32.86520981,    2.48060858, -161.1314156 ,   88.02675125,
        -26.38968662, -337.66660083])
34, array([  26.47908818,    6.42751305, -165.64431156,   70.6797422 ,
        -10.77176001, -348.01075364])
35, array([  18.32635557,    9.10254368, -169.20023799,   48.1959325 ,
         -1.21317857, -355.78381838])
36, array([   9.42784348,   10.81703668, -170.51628946,   24.5119504 ,
          3.17062505, -360.44787688])
37, array([   1.3807219 ,   11.47311717, -169.59355357,    4.44749918,
          3.35945472, -361.02501575])
38, array([  -5.00719012,   11.58093819, -166.71886848,  -10.17241241,
          1.29930946, -358.28087184])
39, array([  -8.46152745,   11.38347056, -162.55111787,  -17.77323874,
         -1.88850136, -353.49778998])
