0, array([   1.34635632,   13.48817193, -153.27698638,   -7.59442941,
          5.62858232, -337.36485003])
1, array([   3.20482138,   13.70272624, -160.21632711,   -3.88384191,
          4.24892579, -346.90249368])
2, array([   7.56737553,   15.25824034, -163.76396792,    9.54507545,
          6.97855182, -351.52940616])
3, array([  14.17881619,   17.63180396, -164.83573406,   31.85724796,
         13.16487184, -352.90364771])
4, array([  22.24224119,   20.90037606, -162.93290494,   59.88059415,
         24.5509631 , -349.28478213])
5, array([  29.4028565 ,   25.5277748 , -157.45571255,   85.23990932,
         43.17873754, -339.83489459])
6, array([  32.77640287,   30.24699687, -152.33499645,   97.02081117,
         65.82008809, -329.57691992])
7, array([  31.3938668 ,   33.49618974, -150.85272726,   91.7583138 ,
         83.16436482, -325.21635961])
8, array([  25.86572716,   34.58895505, -153.03364298,   73.0852265 ,
         90.13201956, -327.82824546])
9, array([  17.42678551,   33.98303898, -158.07001368,   46.8442547 ,
         86.81788486, -336.01714726])
10, array([   7.99432804,   32.59926785, -163.48464924,   20.20290031,
         78.4330863 , -345.88009277])
11, array([  -0.83073675,   32.76517798, -166.79627525,   -2.51874185,
         75.00554919, -351.14244625])
12, array([  -9.46818845,   35.41021365, -166.54031518,  -25.37977124,
         82.32362511, -347.56881797])
13, array([ -17.99308641,   39.5511058 , -163.67669621,  -49.40214236,
         98.92937858, -333.61442855])
14, array([ -25.35882216,   42.49425756, -161.22984309,  -71.43004751,
        114.11983839, -317.64418226])
15, array([ -30.13557606,   41.72778202, -161.40157506,  -86.9646424 ,
        114.95802856, -310.06613055])
16, array([ -30.25858071,   36.86561723, -164.45899668,  -90.04192752,
         98.97979793, -314.49662219])
17, array([ -26.4269762 ,   29.2553824 , -169.02002012,  -80.6198554 ,
         70.9459434 , -327.9058552 ])
18, array([ -20.93536234,   20.34399704, -173.41399962,  -67.2089305 ,
         37.88038615, -344.96282876])
19, array([ -17.30803407,   11.72320746, -175.84704573,  -61.02819013,
          6.83828891, -358.75912291])
20, array([ -17.97322688,    4.23331816, -175.54785032,  -69.34654032,
        -17.78447324, -361.02501575])
21, array([ -22.14380984,   -2.75342769, -172.98734488,  -87.20039116,
        -38.73480595, -352.02619833])
22, array([ -26.46551321,   -9.77144531, -169.60818332, -105.51361136,
        -60.35877085, -340.01083876])
23, array([ -27.4710608 ,  -16.25563631, -166.15965485, -112.03771537,
        -82.146543  , -328.47823394])
24, array([ -23.33327626,  -20.22828437, -163.89946839,  -99.86064249,
        -98.9850727 , -320.97988017])
25, array([ -14.35096323,  -20.44965474, -163.95382987,  -74.56219988,
       -104.09342617, -321.39758729])
26, array([  -2.87916272,  -18.06742535, -164.40947128,  -44.99210395,
        -98.77833097, -327.22831968])
27, array([   8.48285564,  -15.35185561, -163.74571074,  -17.47114649,
        -90.36521984, -333.0428082 ])
28, array([  18.1044463 ,  -14.07390658, -161.18204801,    5.80315549,
        -86.15687062, -334.05001725])
29, array([  25.7716367 ,  -15.00297196, -156.6381374 ,   27.64751116,
        -89.46121119, -327.76666591])
30, array([  32.12622118,  -16.93890986, -151.94085602,   52.86904187,
        -97.06375192, -316.99877573])
31, array([  36.72944075,  -16.62801209, -149.00093401,   77.50592382,
        -98.44210301, -309.53365927])
32, array([  38.18729438,  -11.98915376, -150.16031867,   93.25035129,
        -85.83367377, -310.70308999])
33, array([  36.2329032 ,   -4.19900063, -154.24261156,   96.25975677,
        -61.40245895, -320.2098634 ])
34, array([  30.76171735,    4.15758293, -159.33846389,   85.62891261,
        -33.91493875, -333.8488464 ])
35, array([  22.28433154,   10.45216111, -162.80566705,   62.00331648,
        -12.52485723, -345.44468717])
36, array([  13.19968558,   13.7059007 , -163.88866251,   35.4543697 ,
         -0.73201039, -350.59538929])
37, array([   5.67027459,   14.51011418, -162.69090539,   12.79946096,
          3.35235926, -350.08988451])
38, array([   0.86038357,   14.19544592, -160.17940368,   -4.04023981,
          4.04941064, -346.95583881])
39, array([  -1.72741129,   13.7504239 , -157.45479495,  -15.43598371,
          3.92660639, -343.52542093])
