0, array([  -4.51228876,   10.65083137, -155.65094324,  -20.97469707,
         -5.6255292 , -349.16398608])
1, array([   2.93574485,   10.80671246, -160.52939431,    1.58067864,
         -2.0208887 , -355.47893396])
2, array([  10.00956376,   12.27436276, -162.83832254,   22.50345503,
          5.72939569, -357.05184508])
3, array([  16.38392903,   14.74965191, -163.14843129,   40.93275763,
         16.61521815, -354.95785759])
4, array([  21.7336017 ,   17.92844953, -162.03042391,   56.00771201,
         29.62647285, -350.27210963])
5, array([  25.73334282,   21.50662525, -160.05500376,   66.86744369,
         43.75305395, -344.06973938])
6, array([  28.05791345,   25.1800487 , -157.7928742 ,   72.65107824,
         57.98485563, -337.42588496])
7, array([  27.20646695,   27.6854459 , -156.46408596,   71.38078661,
         69.37900303, -333.14369719])
8, array([  23.80217842,   30.03961065, -156.65241974,   60.26014524,
         79.13582739, -333.18750624])
9, array([  18.86416151,   32.67471599, -157.59483215,   43.02395597,
         88.85925342, -331.82750471])
10, array([  12.37647796,   34.67292586, -159.84861204,   20.0620261 ,
         94.32127512, -332.04955572])
11, array([   4.03089962,   37.06121149, -160.76316832,   -8.99076109,
         98.64043182, -331.42453171])
12, array([  -3.77659019,   38.09997347, -162.74563684,  -35.60744407,
        102.40234708, -332.41437006])
13, array([ -10.3898913 ,   39.40577826, -163.552361  ,  -54.53459784,
        101.79199055, -329.72779699])
14, array([ -15.32158378,   39.61435313, -164.95124562,  -72.31135067,
         96.23129107, -329.10206999])
15, array([ -18.08116517,   37.35259302, -166.33206058,  -81.33440295,
         88.93672342, -329.71725667])
16, array([ -20.60589216,   33.29690682, -168.69316706,  -84.7806764 ,
         75.6483573 , -332.44598232])
17, array([ -23.2141054 ,   27.02115274, -170.55741034,  -85.88027652,
         53.55737764, -335.31003266])
18, array([ -24.1656072 ,   18.27167644, -171.58002854,  -91.06805596,
         25.79801482, -339.33862955])
19, array([ -25.32582698,    8.78174635, -172.79860114,  -95.48418399,
         -2.72896926, -342.54002337])
20, array([ -26.22162782,   -0.9793092 , -172.82861013,  -98.42048145,
        -30.07898246, -347.19981644])
21, array([ -26.53979483,   -8.40484038, -172.189188  ,  -98.87436717,
        -52.91241608, -345.1849437 ])
22, array([ -27.26041082,  -13.75081579, -171.24592183,  -98.6374228 ,
        -71.43203113, -343.0822811 ])
23, array([ -25.58070116,  -16.05308854, -169.22319923,  -93.2591789 ,
        -82.52748115, -339.80743299])
24, array([ -22.78950567,  -18.59622151, -167.66326493,  -83.12325501,
        -89.53334387, -341.25305992])
25, array([ -16.62701173,  -19.95482304, -165.74566649,  -62.11365423,
        -94.98987673, -338.69548651])
26, array([  -8.65205017,  -19.39983079, -162.47916342,  -37.60396126,
        -98.88054296, -337.43823831])
27, array([   0.68408422,  -20.16282591, -159.27332941,   -8.08239859,
        -96.88080647, -334.57485729])
28, array([   9.64150461,  -19.11662016, -156.92310106,   22.48137529,
        -97.80209995, -333.19036737])
29, array([  18.5560044 ,  -15.54795966, -154.2757124 ,   48.59158707,
        -95.62653868, -331.98124885])
30, array([  26.43563158,  -12.83403178, -152.17581667,   66.76214679,
        -85.82528365, -330.27049041])
31, array([  32.1899059 ,   -8.68010928, -152.73292475,   80.57736358,
        -74.63099345, -330.6508232 ])
32, array([  33.52297519,   -4.66078806, -154.70244123,   84.68729194,
        -59.653152  , -332.60357925])
33, array([  31.13616102,    0.68260498, -157.34736388,   80.48717261,
        -43.88046042, -334.50720315])
34, array([  27.43149432,    6.23355841, -162.09432946,   69.91066171,
        -25.27526449, -342.05964406])
35, array([  22.30128177,   10.74933646, -166.2436054 ,   54.69461841,
         -9.16514094, -349.24802415])
36, array([  16.14756973,   13.5639279 , -168.89826806,   35.8842658 ,
          2.33135044, -354.67005648])
37, array([   9.3724046 ,   14.0113215 , -169.16139381,   14.52482693,
          7.09564986, -356.92345412])
38, array([   2.37783275,   11.42550605, -166.13605901,   -8.33847511,
          3.00919752, -354.60593015])
39, array([  -4.43409944,    5.14047031, -158.92534001,  -31.66041726,
        -12.04656637, -346.31519765])
