0, array([  10.14304999,    8.321389  , -156.7276429 ,    8.67672089,
         -1.58156186, -344.99687906])
1, array([  14.41291878,    7.88742678, -155.95719165,   25.30554368,
         -3.40764318, -346.83024888])
2, array([  18.66286717,    8.04258171, -155.17758177,   40.9783256 ,
         -2.9148707 , -347.99333916])
3, array([  22.87933674,    9.18782358, -154.38257963,   55.04435824,
          1.47503303, -348.02993864])
4, array([  27.21834648,   11.43614472, -153.3979439 ,   69.23001021,
          9.16606996, -347.42824514])
5, array([  31.47299033,   14.20269291, -152.31814572,   82.87206559,
         18.53794867, -346.49159836])
6, array([  34.79555735,   18.02527277, -151.01190497,   92.19409752,
         32.03107638, -344.68449843])
7, array([  37.05685146,   22.48347551, -149.89683468,   96.95921908,
         47.3668603 , -342.25384001])
8, array([  38.18729438,   27.4401257 , -149.0072447 ,   97.02081117,
         64.07343015, -339.27441258])
9, array([  35.98503483,   32.30680513, -149.00093401,   86.57659985,
         80.48464182, -334.89661827])
10, array([  32.36188693,   36.77222574, -149.38372373,   72.03137364,
         95.58386025, -330.3629388 ])
11, array([  25.88806784,   40.09432085, -150.55881813,   49.61091596,
        106.94522462, -325.92696596])
12, array([  17.74181217,   41.78087529, -152.62853815,   23.2399019 ,
        112.63805855, -323.27756727])
13, array([   8.6004307 ,   42.49425756, -155.23057435,   -5.48175474,
        114.95802856, -321.69120802])
14, array([  -1.20302806,   39.86511676, -158.87133597,  -34.53393987,
        106.24990271, -323.67158367])
15, array([ -10.48745005,   36.07931444, -162.54088898,  -61.51032624,
         93.40091283, -325.97558583])
16, array([ -18.89956422,   30.34959408, -166.25882964,  -84.99806654,
         73.59266978, -328.82348383])
17, array([ -24.86937668,   22.80879471, -169.4074366 , -100.68178571,
         47.58035445, -330.30946253])
18, array([ -29.48766343,   14.55415548, -172.24040355, -112.03771537,
         19.03949098, -331.0336082 ])
19, array([ -30.25858071,    5.57862563, -174.17220072, -111.03202484,
        -12.58602502, -329.55190062])
20, array([ -28.55876914,   -3.10972347, -175.38687296, -102.18056919,
        -42.71692862, -326.89443883])
21, array([ -24.44053062,  -11.24355801, -175.84704573,  -85.75570092,
        -70.4261151 , -323.14299086])
22, array([ -16.8089197 ,  -16.28267992, -175.06970741,  -59.25491943,
        -88.26788475, -318.81073705])
23, array([  -8.46975284,  -19.87575706, -174.00623338,  -30.63481736,
       -101.29444639, -314.6451702 ])
24, array([ 5.52179689e-01, -2.04496547e+01, -1.72593799e+02,  2.08239797e-01,
       -1.04093426e+02, -3.11200243e+02])
25, array([   8.83285994,  -18.80067393, -171.00818764,   28.25006301,
        -99.92910597, -309.76812478])
26, array([  16.67248355,  -15.82904581, -169.31953346,   54.6251084 ,
        -91.62151382, -309.53365927])
27, array([  21.97145929,  -10.40382956, -168.21581518,   71.04574515,
        -75.48907626, -314.48774368])
28, array([  26.10425135,   -4.72403823, -167.51993895,   82.81069942,
        -58.24088405, -320.98721397])
29, array([  28.27712217,    1.38359917, -167.50949367,   86.75118208,
        -39.11752306, -330.08390342])
30, array([  28.02498763,    6.91874033, -167.82203161,   82.756799  ,
        -21.97524753, -339.16395288])
31, array([  26.71614484,   12.02738571, -168.25990275,   75.25453977,
         -6.23283679, -347.90646562])
32, array([  23.69612946,   15.42321296, -168.81176189,   61.78185985,
          4.14434934, -354.19528777])
33, array([  20.1364818 ,   17.78741384, -169.16920911,   47.11188469,
         11.26631534, -358.61345232])
34, array([  16.14672948,   19.04724372, -169.32124602,   31.69599813,
         14.91392379, -361.02501575])
35, array([  12.72771416,   18.86950973, -168.62016189,   19.7830124 ,
         15.62680315, -360.77887612])
36, array([   9.99566308,   18.13863952, -167.60492703,   10.67181618,
         14.68916037, -359.57446152])
37, array([   9.05539547,   16.35374753, -166.00563805,    8.40137223,
         10.06790511, -356.6104745 ])
38, array([   8.440057  ,   14.70793552, -164.29975074,    7.19977751,
          6.21597172, -353.57262952])
39, array([   8.01805641,   13.14487828, -162.53043576,    6.63416474,
          2.82179682, -350.49083789])
