0, array([-3.10370942e-01,  1.35563317e+01, -1.58231649e+02, -2.93756756e+00,
        1.16693083e+01, -3.51340272e+02])
1, array([   3.84799917,   13.04108149, -159.27430112,    4.94790053,
          7.51135337, -352.90330111])
2, array([   8.32943565,   13.21892972, -159.7709978 ,   15.19282335,
          5.38063641, -353.48147108])
3, array([  13.21450779,   14.12073954, -159.70620993,   28.04528593,
          5.3342335 , -353.04389613])
4, array([  18.92901387,   16.00623324, -158.77759544,   44.69859242,
          9.13533916, -351.3620197 ])
5, array([  24.64268894,   18.43523297, -157.31060487,   61.35696374,
         15.5852374 , -349.02095399])
6, array([  30.35553672,   21.40532046, -155.30763366,   78.02037735,
         24.67214271, -346.023632  ])
7, array([  34.62635568,   25.14339866, -153.22909068,   89.52262414,
         38.56394042, -342.37010305])
8, array([  37.26506306,   29.12676162, -151.26935547,   95.92521198,
         54.23573046, -338.76100365])
9, array([  38.18729438,   33.23832916, -149.48789038,   97.02081117,
         71.2256651 , -335.30338368])
10, array([  34.56805193,   36.85698722, -149.00093401,   84.541747  ,
         87.61289489, -332.52358711])
11, array([  29.13859064,   39.82363889, -149.5492311 ,   67.02441141,
        101.42809455, -330.48653463])
12, array([  21.88269356,   42.13244309, -151.14205605,   44.42366872,
        112.64822239, -329.19888016])
13, array([  12.49776415,   42.49425756, -154.50464166,   16.15506394,
        114.95802856, -330.35242535])
14, array([   3.07924537,   41.65236007, -158.43805631,  -11.9766257 ,
        112.17236111, -332.58235361])
15, array([  -6.49164025,   39.64063152, -162.97083729,  -40.33721636,
        104.45006219, -335.87474165])
16, array([ -14.59863594,   35.3672289 , -167.59263834,  -65.21190967,
         87.99196782, -339.530753  ])
17, array([ -21.61352149,   29.99961238, -171.54361345,  -86.43094131,
         67.74285349, -342.15255085])
18, array([ -27.58270437,   23.41584808, -174.84531394, -104.12221994,
         43.25995479, -343.72414949])
19, array([ -29.862454  ,   15.61493572, -175.74684794, -111.05692004,
         15.16335144, -341.94311715])
20, array([ -30.25858071,    7.68277033, -175.84704573, -112.03771537,
        -12.68876803, -338.92452295])
21, array([ -28.7710845 ,   -0.38064808, -175.14590734, -107.06460596,
        -40.29640363, -334.66836689])
22, array([ -23.89079545,   -7.52987814, -172.53089463,  -91.11058356,
        -63.87304368, -328.52216906])
23, array([ -17.72831464,  -13.47580415, -169.55363521,  -70.92061626,
        -83.15946111, -322.2275405 ])
24, array([ -10.25589833,  -18.34583354, -166.19369095,  -46.40507043,
        -98.58718705, -315.71216014])
25, array([  -0.82679748,  -20.17467768, -162.83866492,  -15.99556355,
       -103.87910226, -311.42889917])
26, array([   8.78637898,  -20.44965474, -160.10428017,   14.32539479,
       -104.09342617, -309.53365927])
27, array([  18.71664361,  -19.11409826, -157.98159603,   44.94325942,
        -99.03494983, -310.10215195])
28, array([  26.79837471,  -15.28757644, -157.85160969,   67.47729508,
        -85.82837318, -316.00038483])
29, array([  32.95976639,  -10.7656831 , -158.48474196,   83.40387613,
        -70.53476572, -323.47857411])
30, array([  37.2178694 ,   -5.55459246, -159.87421707,   92.7816703 ,
        -53.17265823, -332.5226913 ])
31, array([  37.20171714,   -0.59073542, -161.74710645,   89.11807415,
        -35.48381982, -341.30629153])
32, array([  35.17335753,    3.99080011, -163.29894509,   80.75714142,
        -19.1472409 , -348.97644833])
33, array([  31.19756089,    8.05666495, -164.48285716,   67.96554604,
         -4.64020443, -355.30779969])
34, array([  25.11574109,   10.93575629, -165.00723385,   51.7949558 ,
          5.91054631, -358.81393906])
35, array([  18.92740617,   12.97423113, -164.96566214,   36.0503386 ,
         13.42114617, -360.72205841])
36, array([  12.63208008,   14.16833253, -164.35561264,   20.73359822,
         17.87800789, -361.02501575])
37, array([   7.58482673,   14.3212509 , -163.07105842,    9.69635712,
         18.57988082, -359.23948027])
38, array([   3.77433149,   14.30769444, -161.60600166,    1.62964604,
         18.61862935, -357.18628048])
39, array([   1.10073531,   14.13841484, -159.94916829,   -3.6980213 ,
         18.03626015, -354.85628807])
