0, array([ 273.02519531,   21.43125   ,   25.003125  ,  269.56494141,
         -0.66972656, -152.69765625])
1, array([ 272.91357422,   21.65449219,   24.55664062,  269.00683594,
         -0.55810547, -152.69765625])
2, array([ 272.91357422,   20.98476562,   24.44501953,  270.23466797,
         -1.11621094, -152.58603516])
3, array([ 272.57871094,   21.31962891,   25.003125  ,  269.00683594,
         -0.55810547, -152.69765625])
4, array([ 273.13681641,   20.87314453,   25.003125  ,  270.12304688,
         -1.11621094, -152.58603516])
5, array([ 273.02519531,   21.54287109,   26.00771484,  269.11845703,
         -0.66972656, -152.69765625])
6, array([ 273.02519531,   21.20800781,   25.56123047,  269.89980469,
         -1.00458984, -152.58603516])
7, array([ 272.69033203,   21.65449219,   25.003125  ,  269.45332031,
         -0.78134766, -152.69765625])
8, array([ 272.69033203,   21.31962891,   24.44501953,  269.23007812,
         -1.00458984, -152.69765625])
9, array([ 273.02519531,   21.20800781,   25.11474609,  269.45332031,
         -4.46484375, -152.47441406])
10, array([ 277.26679688,   20.76152344,   23.32880859,  276.37382812,
         -7.70185547, -156.04628906])
11, array([ 286.86621094,   24.11015625,   19.31044922,  293.67509766,
        -10.38076172, -165.42246094])
12, array([ 302.04667969,   31.81201172,   18.64072266,  327.27304687,
         12.83642578, -167.76650391])
13, array([ 306.95800781,   43.64384766,   21.20800781,  347.25322266,
         54.91757812, -160.17626953])
14, array([ 307.62773437,   54.24785156,   25.22636719,  347.02998047,
         95.99414062, -151.91630859])
15, array([ 300.37236328,   68.42373047,   28.79824219,  327.83115234,
        137.96367187, -140.30771484])
16, array([ 287.75917969,   76.12558594,   29.35634766,  292.11240234,
        163.97138672, -133.16396484])
17, array([ 273.02519531,   78.02314453,   24.66826172,  240.98994141,
        169.99892578, -129.92695312])
18, array([ 256.39365234,   75.23261719,   19.42207031,  195.56015625,
        154.70683594, -125.46210937])
19, array([ 245.45478516,   64.62861328,   15.51533203,  171.45      ,
        109.50029297, -126.24345703])
20, array([ 241.43642578,   51.7921875 ,   12.05507812,  161.62734375,
         58.26621094, -137.74042969])
21, array([ 241.54804687,   37.39306641,    8.70644531,  153.25576172,
          3.23701172, -146.55849609])
22, array([ 242.44101562,   13.72939453,    6.13916016,  149.46064453,
        -49.89462891, -147.33984375])
23, array([ 247.68720703,   -3.90673828,    6.02753906,  171.78486328,
        -98.33818359, -144.32607422])
24, array([ 257.50986328,  -16.18505859,    7.81347656,  216.99140625,
       -136.73583984, -136.40097656])
25, array([ 272.24384766,  -22.88232422,   10.38076172,  257.84472656,
       -154.37197266, -128.25263672])
26, array([ 287.64755859,  -22.77070312,   13.72939453,  300.70722656,
       -151.24658203, -125.23886719])
27, array([ 301.71181641,  -10.82724609,   16.18505859,  341.89541016,
       -122.78320312, -130.3734375 ])
28, array([ 307.40449219,    1.00458984,   15.62695312,  354.95507812,
        -75.79072266, -145.77714844])
29, array([ 303.27451172,   15.85019531,   14.39912109,  342.45351562,
        -34.60253906, -159.84140625])
30, array([ 296.35400391,   25.67285156,   13.61777344,  319.34794922,
         -9.26455078, -167.54326172])
31, array([ 286.64296875,   30.24931641,   12.27832031,  300.0375    ,
          1.00458984, -170.33378906])
32, array([ 276.26220703,   30.3609375 ,   18.97558594,  278.60625   ,
          7.25537109, -162.74355469])
33, array([ 272.02060547,   27.57041016,   20.98476562,  271.23925781,
          2.34404297, -157.83222656])
34, array([ 272.80195313,   28.12851562,   22.77070312,  274.81113281,
          1.67431641, -154.37197266])
35, array([ 273.58330078,   20.31503906,   22.88232422,  277.04355469,
        -13.50615234, -153.25576172])
36, array([ 269.23007812,   15.96181641,   22.21259766,  261.30498047,
        -16.85478516, -153.81386719])
37, array([ 271.79736328,   16.51992187,   23.55205078,  266.43955078,
         -7.81347656, -153.92548828])
38, array([ 272.57871094,   19.42207031,   24.44501953,  270.56953125,
         -4.57646484, -153.47900391])
39, array([ 271.35087891,   19.08720703,   23.77529297,  264.43037109,
        -10.93886719, -153.36738281])
40, array([ 271.90898437,   19.19882812,   24.22177734,  267.55576172,
         -7.36699219, -153.36738281])
41, array([ 271.90898437,   18.08261719,   23.66367187,  266.43955078,
         -8.81806641, -153.36738281])
42, array([ 272.91357422,   21.31962891,   24.11015625,  269.23007812,
          0.55810547, -153.25576172])
43, array([ 273.2484375 ,   21.20800781,   25.67285156,  270.68115234,
         -2.00917969, -153.14414062])
44, array([ 273.2484375 ,   20.98476562,   25.003125  ,  270.68115234,
         -3.34863281, -153.03251953])
45, array([ 273.69492187,   21.65449219,   25.33798828,  270.79277344,
         -2.90214844, -153.03251953])
46, array([ 272.80195313,   20.87314453,   24.89150391,  269.6765625 ,
         -3.23701172, -153.03251953])
47, array([ 273.69492187,   21.87773437,   25.78447266,  271.79736328,
         -1.89755859, -152.92089844])
48, array([ 272.80195313,   20.76152344,   24.66826172,  269.89980469,
         -3.23701172, -153.03251953])
49, array([ 273.36005859,   20.53828125,   24.89150391,  271.4625    ,
         -1.89755859, -152.92089844])
