0, array([ 269.34169922,   14.84560547,   24.66826172,  264.43037109,
         -1.89755859, -151.13496094])
1, array([ 269.56494141,   13.39453125,   25.67285156,  264.43037109,
         -1.89755859, -151.13496094])
2, array([ 269.34169922,   14.95722656,   25.44960937,  264.43037109,
         -1.89755859, -151.13496094])
3, array([ 269.00683594,   14.51074219,   24.77988281,  264.31875   ,
         -1.89755859, -151.13496094])
4, array([ 269.45332031,   13.95263672,   25.003125  ,  264.43037109,
         -1.89755859, -151.13496094])
5, array([ 269.23007812,   14.06425781,   24.89150391,  264.43037109,
         -1.89755859, -151.13496094])
6, array([ 269.11845703,   14.39912109,   24.89150391,  264.43037109,
         -1.89755859, -151.13496094])
7, array([ 269.34169922,   14.84560547,   24.89150391,  264.43037109,
         -1.89755859, -151.13496094])
8, array([ 269.23007812,   14.2875    ,   25.56123047,  264.43037109,
         -1.89755859, -151.13496094])
9, array([ 269.78818359,   14.17587891,   25.67285156,  266.88603516,
          1.00458984, -150.91171875])
10, array([ 269.78818359,   14.95722656,   25.67285156,  265.43496094,
         -2.56728516, -151.02333984])
11, array([ 271.79736328,   16.63154297,   25.78447266,  273.36005859,
         -4.57646484, -150.80009766])
12, array([ 278.04814453,   14.06425781,   24.66826172,  284.74541016,
        -11.83183594, -150.57685547])
13, array([ 287.5359375 ,   13.72939453,   28.24013672,  314.77148438,
        -11.38535156, -147.56308594])
14, array([ 299.70263672,   17.97099609,   30.02607422,  345.35566406,
          8.70644531, -144.54931641])
15, array([ 309.41367187,   28.68662109,   32.59335937,  368.68447266,
         36.94658203, -137.96367187])
16, array([ 313.65527344,   40.40683594,   38.84414062,  373.48417969,
         78.24638672, -129.92695312])
17, array([ 309.30205078,   51.68056641,   39.84873047,  352.38779297,
        115.19296875, -126.24345703])
18, array([ 301.60019531,   60.721875  ,   38.95576172,  318.12011719,
        143.20986328, -123.56455078])
19, array([ 287.5359375 ,   64.62861328,   34.71416016,  270.68115234,
        154.93007812, -122.11347656])
20, array([ 270.34628906,   61.83808594,   30.02607422,  221.67949219,
        147.67470703, -118.42998047])
21, array([ 256.28203125,   55.47568359,   26.45419922,  185.40263672,
        124.01103516, -116.64404297])
22, array([ 243.55722656,   43.42060547,   22.88232422,  160.734375  ,
         80.25556641, -122.55996094])
23, array([ 235.85537109,   28.12851562,   16.63154297,  147.45146484,
         27.68203125, -133.38720703])
24, array([ 233.84619141,   13.84101562,   15.18046875,  148.56767578,
        -27.57041016, -142.54013672])
25, array([ 239.42724609,   -3.90673828,   13.95263672,  168.21298828,
        -85.39013672, -142.54013672])
26, array([ 251.25908203,  -21.20800781,   13.39453125,  211.52197266,
       -139.52636719, -130.15019531])
27, array([ 270.12304688,  -29.80283203,   17.30126953,  263.20253906,
       -165.31083984, -114.18837891])
28, array([ 288.76376953,  -30.69580078,   23.88691406,  314.54824219,
       -166.31542969, -103.02626953])
29, array([ 306.51152344,  -22.99394531,   25.44960937,  363.88476562,
       -136.17773438, -107.60273437])
30, array([ 316.66904297,  -10.38076172,   28.90986328,  387.99492187,
        -87.95742187, -121.89023437])
31, array([ 320.01767578,    5.02294922,   28.12851562,  375.60498047,
        -26.56582031, -143.09824219])
32, array([ 306.84638672,   19.31044922,   25.67285156,  342.34189453,
          4.68808594, -153.70224609])
33, array([ 295.23779297,   26.67744141,   23.2171875 ,  309.07880859,
         10.49238281, -158.9484375 ])
34, array([ 285.86162109,   25.003125  ,   21.76611328,  286.64296875,
          9.04130859, -160.62275391])
35, array([ 278.38300781,   27.12392578,   19.86855469,  272.24384766,
          5.58105469, -160.06464844])
36, array([ 273.80654297,   25.33798828,   22.99394531,  266.1046875 ,
          3.01376953, -155.93466797])
37, array([ 273.36005859,   23.32880859,   23.88691406,  262.64443359,
          2.23242188, -153.47900391])
38, array([ 275.034375  ,   22.21259766,   24.89150391,  263.64902344,
          4.12998047, -153.25576172])
39, array([ 274.36464844,   21.76611328,   25.003125  ,  265.10009766,
          5.3578125 , -153.14414062])
40, array([ 277.71328125,   17.07802734,   24.22177734,  274.47626953,
         -3.571875  , -152.47441406])
41, array([ 2.76931934e+02,  1.91988281e+01,  2.50031250e+01,  2.70123047e+02,
       -1.11621094e-01, -1.52809277e+02])
42, array([ 275.36923828,   19.31044922,   24.44501953,  269.56494141,
          1.11621094, -152.80927734])
43, array([ 277.15517578,   17.74775391,   24.44501953,  273.02519531,
         -2.90214844, -152.58603516])
44, array([ 276.48544922,   18.97558594,   25.89609375,  269.34169922,
          1.11621094, -152.69765625])
45, array([ 276.59707031,   18.75234375,   26.34257812,  271.68574219,
         -1.56269531, -152.58603516])
46, array([ 276.93193359,   18.30585938,   25.33798828,  270.90439453,
         -0.44648437, -152.69765625])
47, array([ 276.37382812,   18.41748047,   25.003125  ,  269.89980469,
          0.44648437, -152.69765625])
48, array([ 276.59707031,   19.75693359,   25.33798828,  271.79736328,
         -1.67431641, -152.58603516])
49, array([ 276.48544922,   19.31044922,   26.00771484,  270.12304688,
          0.33486328, -152.69765625])
