0, array([ 274.02978516,   12.38994141,   23.32880859,  269.78818359,
         -5.3578125 , -155.59980469])
1, array([ 274.25302734,   13.17128906,   22.99394531,  270.45791016,
         -5.69267578, -155.59980469])
2, array([ 274.25302734,   12.61318359,   22.54746094,  269.89980469,
         -5.46943359, -155.59980469])
3, array([ 274.25302734,   11.94345703,   22.32421875,  270.23466797,
         -5.46943359, -155.59980469])
4, array([ 274.25302734,   12.05507812,   22.88232422,  270.12304688,
         -5.58105469, -155.59980469])
5, array([ 274.25302734,   12.38994141,   22.88232422,  270.01142578,
         -5.3578125 , -155.59980469])
6, array([ 274.14140625,   12.61318359,   22.54746094,  270.23466797,
         -5.58105469, -155.48818359])
7, array([ 274.14140625,   12.27832031,   22.54746094,  270.01142578,
         -5.3578125 , -155.48818359])
8, array([ 273.02519531,   10.60400391,   21.65449219,  268.56035156,
        -11.38535156, -156.04628906])
9, array([ 275.48085937,   11.49697266,   14.73398437,  273.91816406,
         -9.48779297, -165.19921875])
10, array([ 280.28056641,   12.38994141,    9.71103516,  278.49462891,
         -8.25996094, -174.57539062])
11, array([ 287.64755859,   16.85478516,    8.70644531,  297.47021484,
          4.24160156, -177.58916016])
12, array([ 296.68886719,   21.54287109,    9.93427734,  326.71494141,
         19.75693359, -175.13349609])
13, array([ 306.84638672,   27.23554687,   13.17128906,  356.40615234,
         31.70039062, -169.32919922])
14, array([ 315.10634766,   32.146875  ,   14.17587891,  381.29765625,
         47.66220703, -160.39951172])
15, array([ 322.25009766,   41.74628906,   19.98017578,  403.73349609,
         70.87939453, -146.22363281])
16, array([ 326.04521484,   49.55976562,   25.67285156,  414.00263672,
        100.0125    , -132.38261719])
17, array([ 325.26386719,   56.81513672,   24.33339844,  417.35126953,
        128.14101562, -118.76484375])
18, array([ 318.12011719,   68.64697266,   25.78447266,  400.49648437,
        156.93925781, -112.84892578])
19, array([ 307.85097656,   69.98642578,   24.77988281,  372.25634766,
        169.99892578, -116.42080078])
20, array([ 298.58642578,   66.0796875 ,   18.64072266,  343.23486328,
        173.34755859, -123.67617187])
21, array([ 288.87539062,   60.94511719,   15.51533203,  319.23632812,
        159.72978516, -137.07070312])
22, array([ 277.37841797,   59.71728516,   12.83642578,  298.13994141,
        136.51259766, -152.92089844])
23, array([ 266.66279297,   60.38701172,   10.38076172,  270.01142578,
        127.24804687, -158.72519531])
24, array([ 256.61689453,   67.19589844,   11.38535156,  242.44101562,
        153.36738281, -146.446875  ])
25, array([ 247.24072266,   74.89775391,   12.5015625 ,  215.76357422,
        184.17480469, -126.13183594])
26, array([ 236.74833984,   80.03232422,   14.84560547,  184.73291016,
        199.46689453, -106.48652344])
27, array([231.27890625,  75.009375  ,  13.61777344, 161.51572266,
       192.54638672, -94.98955078])
28, array([231.27890625,  62.73105469,   7.92509766, 152.02792969,
       170.44541016, -92.42226562])
29, array([ 234.73916016,   50.56435547,    5.3578125 ,  162.96679688,
        134.72666016, -110.17001953])
30, array([ 243.22236328,   36.05361328,    2.34404297,  177.25429687,
         85.39013672, -144.54931641])
31, array([ 2.49696387e+02,  2.22125977e+01,  1.11621094e-01,  2.00359863e+02,
        3.94022461e+01, -1.74128906e+02])
32, array([ 254.60771484,    7.47861328,    1.45107422,  226.92568359,
         -4.91132812, -184.50966797])
33, array([ 252.82177734,   -7.03212891,    1.00458984,  212.30332031,
        -51.56894531, -181.04941406])
34, array([ 243.33398438,  -21.87773437,    1.00458984,  176.58457031,
        -86.61796875, -168.54785156])
35, array([ 235.63212891,  -33.26308594,    1.89755859,  151.91630859,
       -108.83056641, -154.59521484])
36, array([ 232.61835937,  -42.75087891,    5.46943359,  137.07070312,
       -137.18232422, -137.5171875 ])
37, array([ 236.07861328,  -57.37324219,    8.81806641,  149.01416016,
       -179.93320312, -118.98808594])
38, array([ 251.03583984,  -65.52158203,   11.05048828,  194.33232422,
       -208.84306641, -111.50947266])
39, array([ 268.11386719,  -61.72646484,   10.715625  ,  237.19482422,
       -206.16416016, -117.64863281])
40, array([ 282.28974609,  -50.67597656,    9.48779297,  258.9609375 ,
       -177.58916016, -135.50800781])
41, array([ 297.58183594,  -37.72792969,    9.71103516,  278.71787109,
       -140.08447266, -154.14873047])
42, array([ 308.9671875 ,  -38.50927734,   12.72480469,  309.86015625,
       -128.69912109, -155.82304687])
43, array([ 321.24550781,  -52.23867187,   22.32421875,  340.33271484,
       -172.78945312, -125.90859375])
44, array([ 326.93818359,  -58.37783203,   32.70498047,  371.02851562,
       -201.25283203,  -94.20820312])
45, array([ 335.97949219,  -58.71269531,   34.82578125,  404.29160156,
       -194.6671875 ,  -82.71123047])
46, array([ 341.78378906,  -46.21113281,   30.47255859,  429.74121094,
       -167.43164062,  -84.49716797])
47, array([ 342.78837891,  -33.82119141,   30.80742187,  442.24277344,
       -122.00185547, -101.91005859])
48, array([ 339.88623047,  -13.17128906,   22.10097656,  439.56386719,
        -72.44208984, -122.89482422])
49, array([ 334.41679687,   -5.80429687,   19.6453125 ,  417.35126953,
        -35.83037109, -145.55390625])
50, array([ 325.37548828,    2.34404297,   14.95722656,  390.67382812,
        -18.75234375, -160.51113281])
51, array([ 311.64609375,    6.80888672,    8.59482422,  359.53154297,
         -5.91591797, -171.89648438])
52, array([ 298.92128906,   11.60859375,    8.59482422,  329.84033203,
         -3.46025391, -176.91943359])
53, array([ 285.97324219,   11.72021484,    9.26455078,  297.13535156,
          3.23701172, -178.48212891])
54, array([ 275.48085937,   13.50615234,   13.84101562,  274.47626953,
          5.91591797, -170.78027344])
55, array([ 271.90898437,   14.17587891,   18.41748047,  266.43955078,
          1.33945312, -162.5203125 ])
56, array([ 271.12763672,   14.17587891,   21.20800781,  261.86308594,
         -0.44648437, -158.27871094])
57, array([ 274.25302734,   14.62236328,   21.09638672,  263.42578125,
         -2.34404297, -157.05087891])
58, array([ 276.15058594,   14.84560547,   22.99394531,  267.33251953,
         -2.67890625, -156.38115234])
59, array([ 275.48085937,   15.51533203,   22.32421875,  270.45791016,
         -1.7859375 , -156.26953125])
60, array([ 275.25761719,   14.84560547,   22.10097656,  271.79736328,
         -2.56728516, -156.15791016])
61, array([ 275.36923828,   15.06884766,   22.10097656,  270.68115234,
         -5.3578125 , -156.04628906])
62, array([ 273.58330078,   14.39912109,   21.87773437,  267.10927734,
         -3.90673828, -156.15791016])
63, array([ 274.36464844,   14.2875    ,   22.65908203,  271.01601562,
         -4.91132812, -155.82304687])
64, array([ 273.2484375 ,   15.29208984,   22.32421875,  268.00224609,
         -4.46484375, -156.04628906])
65, array([ 274.25302734,   14.17587891,   22.32421875,  269.78818359,
         -4.35322266, -155.93466797])
66, array([ 274.14140625,   14.51074219,   22.88232422,  269.45332031,
         -4.91132812, -155.93466797])
67, array([ 273.36005859,   15.40371094,   22.43583984,  268.22548828,
         -4.01835938, -155.93466797])
68, array([ 274.02978516,   14.73398437,   22.21259766,  270.01142578,
         -4.79970703, -155.82304687])
69, array([ 274.25302734,   14.06425781,   22.32421875,  268.44873047,
         -4.24160156, -155.93466797])
70, array([ 273.47167969,   14.06425781,   21.65449219,  269.56494141,
         -4.46484375, -155.82304687])
71, array([ 274.36464844,   14.84560547,   22.32421875,  269.00683594,
         -4.57646484, -155.82304687])
72, array([ 274.36464844,   14.51074219,   22.21259766,  268.67197266,
         -4.12998047, -155.82304687])
73, array([ 274.25302734,   14.2875    ,   22.65908203,  269.45332031,
         -4.57646484, -155.82304687])
74, array([ 273.58330078,   14.62236328,   21.87773437,  268.67197266,
         -4.12998047, -155.82304687])
