0, array([ 270.12304688,   17.30126953,   22.77070312,  264.76523437,
         -2.67890625, -156.04628906])
1, array([ 270.34628906,   17.859375  ,   22.10097656,  264.76523437,
         -2.67890625, -156.04628906])
2, array([ 270.23466797,   17.52451172,   22.21259766,  264.76523437,
         -2.67890625, -156.04628906])
3, array([ 269.78818359,   17.52451172,   21.65449219,  264.76523437,
         -2.67890625, -156.04628906])
4, array([ 269.34169922,   17.41289062,   21.43125   ,  262.42119141,
         -3.46025391, -156.04628906])
5, array([ 268.33710938,   17.52451172,   22.54746094,  262.42119141,
         -3.34863281, -156.04628906])
6, array([ 268.78359375,   17.63613281,   19.6453125 ,  265.32333984,
         -6.58564453, -158.61357422])
7, array([ 269.34169922,   17.97099609,   12.5015625 ,  271.68574219,
         -3.34863281, -168.32460937])
8, array([ 277.71328125,   19.42207031,    7.70185547,  287.5359375 ,
          9.82265625, -177.14267578])
9, array([ 289.65673828,   27.23554687,    7.47861328,  312.09257812,
         18.64072266, -181.38427734])
10, array([ 300.93046875,   33.15146484,    8.81806641,  341.78378906,
         38.50927734, -176.47294922])
11, array([ 312.87392578,   40.18359375,   12.5015625 ,  375.49335937,
         59.38242187, -163.74814453])
12, array([ 321.58037109,   46.76923828,   18.64072266,  402.72890625,
         78.13476562, -148.00957031])
13, array([ 325.59873047,   52.79677734,   23.66367187,  417.23964844,
         99.34277344, -133.27558594])
14, array([ 323.70117188,   59.49404297,   26.45419922,  410.98886719,
        133.38720703, -121.66699219])
15, array([ 317.11552734,   66.63779297,   24.11015625,  380.29306641,
        158.50195312, -124.34589844])
16, array([ 306.06503906,   67.865625  ,   22.88232422,  348.03457031,
        169.88730469, -128.69912109])
17, array([ 297.02373047,   66.19130859,   16.18505859,  325.82197266,
        159.50654297, -140.86582031])
18, array([ 287.75917969,   56.70351562,   13.72939453,  304.16748047,
        136.28935547, -155.82304687])
19, array([ 278.04814453,   53.24326172,    9.59941406,  282.62460937,
        121.89023437, -163.63652344])
20, array([ 267.66738281,   54.69433594,    8.48320312,  258.29121094,
        126.8015625 , -161.18085937])
21, array([ 257.50986328,   65.07509766,    9.71103516,  237.97617187,
        150.01875   , -150.46523437])
22, array([ 250.25449219,   76.90693359,   14.62236328,  223.68867187,
        184.17480469, -131.04316406])
23, array([ 240.43183594,   86.72958984,   18.41748047,  201.69931641,
        205.82929687, -114.3       ])
24, array([227.48378906,  89.52011719,  20.64990234, 169.88730469,
       212.97304687, -97.22197266])
25, array([217.884375  ,  84.16230469,  19.75693359, 148.12119141,
       205.49443359, -85.94824219])
26, array([216.0984375 ,  75.45585938,  15.06884766, 144.99580078,
       189.86748047, -85.16689453])
27, array([ 220.56328125,   60.05214844,    9.82265625,  157.60898437,
        158.16708984, -100.90546875])
28, array([ 229.26972656,   41.85791016,    4.91132812,  173.01269531,
        110.05839844, -134.16855469])
29, array([ 238.08779297,   30.02607422,    1.7859375 ,  188.97451172,
         77.79990234, -160.28789062])
30, array([ 2.46012891e+02,  1.97569336e+01,  1.11621094e-01,  2.05606055e+02,
        5.34665039e+01, -1.74687012e+02])
31, array([ 246.34775391,    5.46943359,    0.33486328,  206.94550781,
         20.20341797, -182.72373047])
32, array([ 240.65507812,   -9.04130859,    1.11621094,  187.18857422,
        -11.05048828, -182.72373047])
33, array([ 233.9578125 ,  -19.53369141,    0.78134766,  164.75273437,
        -34.04443359, -180.04482422])
34, array([ 226.14433594,  -27.79365234,    2.56728516,  138.29853516,
        -47.32734375, -172.23134766])
35, array([ 220.22841797,  -37.28144531,    5.58105469,  121.89023437,
        -71.99560547, -158.61357422])
36, array([ 219.55869141,  -50.56435547,    8.37158203,  121.10888672,
       -114.18837891, -147.78632812])
37, array([ 223.68867187,  -61.72646484,   10.04589844,  129.25722656,
       -150.46523437, -139.74960938])
38, array([ 234.85078125,  -69.09345703,   11.49697266,  153.36738281,
       -176.02646484, -134.72666016])
39, array([ 247.91044922,  -68.64697266,   11.16210938,  195.00205078,
       -189.64423828, -134.83828125])
40, array([ 258.51445312,  -58.15458984,    8.59482422,  224.58164062,
       -174.91025391, -143.99121094])
41, array([ 266.43955078,  -42.08115234,    4.24160156,  238.42265625,
       -149.46064453, -154.59521484])
42, array([ 275.59248047,  -33.9328125 ,    4.35322266,  247.57558594,
       -123.56455078, -165.64570312])
43, array([ 283.07109375,  -35.27226562,    5.69267578,  260.18876953,
       -123.2296875 , -165.75732422])
44, array([ 290.88457031,  -46.54599609,   10.26914062,  279.61083984,
       -150.13037109, -153.70224609])
45, array([ 300.26074219,  -60.49863281,   14.73398437,  298.13994141,
       -179.48671875, -134.83828125])
46, array([ 308.9671875 ,  -64.29375   ,   21.54287109,  325.040625  ,
       -197.23447266, -117.98349609])
47, array([ 317.45039062,  -61.94970703,   25.67285156,  354.50859375,
       -198.57392578, -106.48652344])
48, array([ 323.58955078,  -55.92216797,   24.66826172,  382.74873047,
       -183.39345703, -104.36572266])
49, array([ 328.27763672,  -38.73251953,   22.21259766,  402.17080078,
       -153.14414062, -111.84433594])
50, array([ 330.3984375 ,  -24.89150391,   19.98017578,  418.24423828,
       -117.53701172, -118.98808594])
51, array([ 330.28681641,  -11.38535156,   17.18964844,  415.67695312,
        -85.83662109, -131.93613281])
52, array([ 320.68740234,    1.89755859,   12.94804687,  397.48271484,
        -49.33652344, -150.35361328])
53, array([ 311.19960937,   10.15751953,   10.82724609,  369.13095703,
        -28.24013672, -165.64570312])
54, array([ 298.2515625 ,   14.2875    ,    7.25537109,  344.57431641,
        -19.53369141, -173.79404297])
55, array([ 286.97783203,   16.18505859,    6.92050781,  313.65527344,
        -10.26914062, -178.92861328])
56, array([ 274.25302734,   18.08261719,    9.82265625,  285.08027344,
         -2.23242188, -176.8078125 ])
57, array([ 267.10927734,   14.73398437,   14.84560547,  265.32333984,
         -4.01835938, -169.88730469])
58, array([ 263.76064453,   12.27832031,   16.40830078,  257.62148437,
         -8.70644531, -163.74814453])
59, array([ 263.53740234,   10.93886719,   19.42207031,  256.50527344,
         -7.14375   , -160.17626953])
60, array([ 268.00224609,   11.05048828,   22.10097656,  257.95634766,
        -10.49238281, -158.16708984])
61, array([ 268.89521484,   10.38076172,   20.64990234,  259.63066406,
        -14.95722656, -157.1625    ])
62, array([ 269.56494141,   10.82724609,   21.65449219,  261.75146484,
        -14.95722656, -156.82763672])
63, array([ 268.78359375,   12.5015625 ,   21.98935547,  261.63984375,
        -12.38994141, -156.82763672])
64, array([ 268.67197266,   12.38994141,   21.20800781,  260.97011719,
        -12.83642578, -156.60439453])
65, array([ 269.34169922,   11.27373047,   22.21259766,  264.98847656,
        -11.16210938, -156.26953125])
66, array([ 268.78359375,   15.73857422,   22.10097656,  264.76523437,
         -2.34404297, -156.26953125])
67, array([ 268.44873047,   15.18046875,   22.10097656,  263.09091797,
         -6.58564453, -156.26953125])
68, array([ 269.56494141,   13.84101562,   22.43583984,  265.43496094,
         -6.69726562, -156.04628906])
69, array([ 269.00683594,   15.06884766,   21.98935547,  263.64902344,
         -3.68349609, -156.15791016])
70, array([ 269.34169922,   14.17587891,   21.87773437,  264.43037109,
         -7.03212891, -156.04628906])
71, array([ 269.11845703,   15.06884766,   22.65908203,  264.87685547,
         -4.46484375, -156.04628906])
72, array([ 268.67197266,   15.73857422,   22.88232422,  263.53740234,
         -5.24619141, -156.15791016])
73, array([ 268.78359375,   15.06884766,   22.32421875,  265.10009766,
         -5.80429687, -156.04628906])
74, array([ 269.11845703,   15.06884766,   23.44042969,  263.87226563,
         -4.35322266, -156.04628906])
