0, array([ 268.22548828,   13.72939453,   21.54287109,  267.890625  ,
         -5.02294922, -155.3765625 ])
1, array([ 268.33710938,   13.95263672,   22.10097656,  267.22089844,
         -4.91132812, -155.3765625 ])
2, array([ 268.67197266,   14.95722656,   22.88232422,  267.77900391,
         -4.91132812, -155.3765625 ])
3, array([ 268.67197266,   13.84101562,   22.65908203,  267.55576172,
         -4.91132812, -155.3765625 ])
4, array([ 268.89521484,   13.95263672,   21.98935547,  267.44414062,
         -4.91132812, -155.3765625 ])
5, array([ 268.56035156,   13.50615234,   22.21259766,  267.66738281,
         -4.91132812, -155.3765625 ])
6, array([ 268.44873047,   13.95263672,   22.32421875,  267.33251953,
         -4.79970703, -155.3765625 ])
7, array([ 268.33710938,   13.84101562,   21.98935547,  267.66738281,
         -4.91132812, -155.3765625 ])
8, array([ 268.44873047,   14.06425781,   22.43583984,  267.44414062,
         -4.57646484, -155.3765625 ])
9, array([ 271.01601562,   13.28291016,   20.42666016,  269.00683594,
          1.00458984, -158.39033203])
10, array([ 283.51757812,   10.49238281,   10.82724609,  292.89375   ,
         -0.89296875, -169.88730469])
11, array([ 295.23779297,   14.06425781,    7.25537109,  315.21796875,
         -0.44648437, -176.58457031])
12, array([ 311.31123047,   16.74316406,   10.715625  ,  347.81132812,
         11.16210938, -176.58457031])
13, array([ 324.70576172,   25.56123047,   14.06425781,  383.08359375,
         31.03066406, -167.76650391])
14, array([ 331.17978516,   35.38388672,   18.19423828,  406.63564453,
         53.13164062, -156.60439453])
15, array([ 338.32353516,   44.76005859,   23.77529297,  423.15556641,
         79.80908203, -142.65175781])
16, array([ 336.09111328,   58.71269531,   27.34716797,  436.32685547,
        106.70976562, -126.24345703])
17, array([ 336.53759766,   71.4375    ,   32.92822266,  436.99658203,
        144.32607422, -108.9421875 ])
18, array([ 328.05439453,   81.70664062,   33.59794922,  407.41699219,
        179.26347656, -105.81679687])
19, array([ 312.65068359,   83.15771484,   25.11474609,  368.12636719,
        188.97451172, -116.75566406])
20, array([ 301.71181641,   79.02773437,   21.20800781,  335.64462891,
        171.89648438, -139.303125  ])
21, array([ 292.00078125,   77.57666016,   18.64072266,  308.29746094,
        152.69765625, -154.03710938])
22, array([ 280.05732422,   83.15771484,   15.40371094,  275.14599609,
        148.79091797, -157.38574219])
23, array([ 269.11845703,   86.17148437,   15.51533203,  244.78505859,
        163.63652344, -149.46064453])
24, array([ 257.28662109,   93.65009766,   20.09179688,  227.48378906,
        193.66259766, -131.71289062])
25, array([ 247.57558594,   99.00791016,   21.31962891,  202.81552734,
        214.64736328, -113.40703125])
26, array([233.51132812,  98.33818359,  21.54287109, 166.42705078,
       218.33085937, -95.21279297])
27, array([226.92568359,  88.96201172,  17.18964844, 148.34443359,
       200.58310547, -87.5109375 ])
28, array([228.71162109,  75.67910156,  10.60400391, 155.48818359,
       167.20839844, -97.78007812])
29, array([ 236.85996094,   56.59189453,    3.79511719,  174.35214844,
        118.20673828, -132.60585937])
30, array([ 244.45019531,   41.41142578,    0.89296875,  192.65800781,
         69.53994141, -165.42246094])
31, array([ 249.80800781,   25.67285156,   -1.11621094,  216.65654297,
         34.26767578, -182.38886719])
32, array([ 248.2453125 ,    7.59023437,   -2.12080078,  215.42871094,
         -2.34404297, -185.62587891])
33, array([ 2.39985352e+02, -8.70644531e+00, -1.11621094e-01,  1.84956152e+02,
       -3.65000977e+01, -1.80156445e+02])
34, array([ 230.3859375 ,  -21.76611328,    1.45107422,  151.58144531,
        -55.02919922, -170.89189453])
35, array([ 221.79111328,  -35.60712891,    4.57646484,  128.25263672,
        -78.58125   , -155.82304687])
36, array([ 217.884375  ,  -49.67138672,    9.26455078,  122.33671875,
       -118.09511719, -141.75878906])
37, array([ 223.80029297,  -63.28916016,   11.60859375,  138.18691406,
       -158.05546875, -134.28017578])
38, array([ 237.86455078,  -71.4375    ,   14.06425781,  164.86435547,
       -182.72373047, -130.70830078])
39, array([ 255.50068359,  -68.87021484,   11.60859375,  198.79716797,
       -186.63046875, -135.84287109])
40, array([ 268.56035156,  -57.70810547,    8.9296875 ,  228.04189453,
       -166.0921875 , -149.34902344])
41, array([ 277.93652344,  -44.87167969,    6.13916016,  249.58476562,
       -137.96367187, -161.51572266])
42, array([ 288.20566406,  -34.04443359,    7.03212891,  269.6765625 ,
       -109.72353516, -170.33378906])
43, array([ 300.81884766,  -33.70957031,    9.37617187,  299.14453125,
       -113.29541016, -165.64570312])
44, array([ 312.20419922,  -45.76464844,   14.95722656,  324.48251953,
       -149.12578125, -146.89335937])
45, array([ 319.79443359,  -55.92216797,   21.76611328,  350.04375   ,
       -176.47294922, -125.79697266])
46, array([ 330.73330078,  -60.05214844,   30.02607422,  388.55302734,
       -183.61669922, -104.70058594])
47, array([ 340.44433594,  -55.25244141,   30.3609375 ,  420.69990234,
       -171.56162109,  -93.42685547])
48, array([ 346.36025391,  -40.96494141,   26.34257812,  442.01953125,
       -146.33525391,  -92.75712891])
49, array([ 349.03916016,  -24.77988281,   26.00771484,  451.28408203,
       -112.73730469, -102.46816406])
50, array([ 345.24404297,  -10.04589844,   22.32421875,  450.61435547,
        -76.23720703, -117.20214844])
51, array([ 340.89082031,    1.56269531,   20.98476562,  439.11738281,
        -43.30898437, -133.38720703])
52, array([ 333.41220703,   13.84101562,   17.18964844,  416.90478516,
        -16.96640625, -150.80009766])
53, array([ 3.21580371e+02,  1.99801758e+01,  1.26131836e+01,  3.92348145e+02,
       -2.23242187e-01, -1.62408691e+02])
54, array([ 311.31123047,   23.77529297,    9.59941406,  369.13095703,
          8.03671875, -169.6640625 ])
55, array([ 299.81425781,   28.24013672,   10.04589844,  347.25322266,
         14.51074219, -174.57539062])
56, array([ 289.43349609,   26.45419922,   10.04589844,  321.91523437,
         13.39453125, -176.91943359])
57, array([ 284.18730469,   23.77529297,   14.17587891,  296.465625  ,
          9.82265625, -172.34296875])
58, array([ 283.18271484,   20.31503906,   19.6453125 ,  287.64755859,
          5.69267578, -163.30166016])
59, array([ 277.60166016,   18.64072266,   22.32421875,  285.75      ,
         -1.11621094, -157.94384766])
60, array([ 277.26679688,   18.41748047,   22.54746094,  281.17353516,
         -2.56728516, -157.05087891])
61, array([ 277.26679688,   18.08261719,   22.88232422,  279.27597656,
         -5.3578125 , -156.49277344])
62, array([ 276.8203125 ,   19.86855469,   23.44042969,  280.16894531,
          3.23701172, -156.15791016])
63, array([ 274.81113281,   18.64072266,   21.54287109,  270.34628906,
         -0.66972656, -156.82763672])
64, array([ 273.80654297,   17.18964844,   21.87773437,  270.90439453,
         -4.35322266, -156.60439453])
65, array([ 275.36923828,   20.42666016,   22.54746094,  274.58789062,
          1.45107422, -156.26953125])
66, array([ 274.02978516,   18.86396484,   22.54746094,  270.23466797,
         -2.45566406, -156.49277344])
67, array([ 274.81113281,   18.41748047,   22.10097656,  272.80195313,
         -1.00458984, -156.26953125])
68, array([ 2.74476270e+02,  1.97569336e+01,  2.19893555e+01,  2.71797363e+02,
       -2.23242187e-01, -1.56381152e+02])
69, array([ 273.80654297,   19.08720703,   21.98935547,  270.79277344,
         -2.23242188, -156.38115234])
70, array([ 2.74364648e+02,  1.95336914e+01,  2.26590820e+01,  2.72690332e+02,
        1.11621094e-01, -1.56269531e+02])
71, array([ 274.02978516,   19.19882812,   21.65449219,  271.01601562,
         -1.45107422, -156.26953125])
72, array([ 274.58789062,   19.31044922,   22.10097656,  272.13222656,
         -0.66972656, -156.26953125])
73, array([ 274.36464844,   18.30585938,   21.65449219,  271.79736328,
         -0.33486328, -156.26953125])
74, array([ 274.81113281,   17.74775391,   22.43583984,  271.12763672,
         -1.45107422, -156.26953125])
