0, array([ 272.57871094,   10.49238281,   20.31503906,  270.56953125,
        -14.2875    , -151.24658203])
1, array([ 272.69033203,   10.04589844,   19.86855469,  270.56953125,
        -14.2875    , -151.24658203])
2, array([ 272.46708984,   10.04589844,   19.75693359,  270.56953125,
        -14.2875    , -151.24658203])
3, array([ 272.46708984,   10.26914062,   20.20341797,  270.56953125,
        -14.2875    , -151.24658203])
4, array([ 272.69033203,   10.15751953,   20.20341797,  270.56953125,
        -14.2875    , -151.24658203])
5, array([ 274.58789062,   10.60400391,   20.76152344,  277.49003906,
        -13.61777344, -150.68847656])
6, array([ 274.47626953,    9.71103516,   21.09638672,  281.17353516,
        -14.84560547, -150.24199219])
7, array([ 274.47626953,    9.59941406,   19.98017578,  284.18730469,
        -15.18046875, -150.57685547])
8, array([ 275.59248047,   11.94345703,   19.19882812,  287.87080078,
        -11.60859375, -151.8046875 ])
9, array([ 277.04355469,   12.72480469,   18.41748047,  290.54970703,
         -7.70185547, -154.03710938])
10, array([ 279.72246094,   20.31503906,   16.29667969,  298.36318359,
         -6.25078125, -156.38115234])
11, array([ 279.16435547,   23.2171875 ,   14.95722656,  302.49316406,
         -1.22783203, -156.49277344])
12, array([ 278.38300781,   29.80283203,   13.84101562,  302.15830078,
          4.24160156, -156.93925781])
13, array([ 276.03896484,   34.71416016,   11.94345703,  300.26074219,
         11.27373047, -158.05546875])
14, array([ 274.92275391,   40.63007812,   11.38535156,  298.02832031,
         20.09179688, -159.72978516])
15, array([ 274.81113281,   46.76923828,   11.38535156,  298.13994141,
         30.69580078, -157.94384766])
16, array([ 274.36464844,   54.69433594,   14.2875    ,  299.70263672,
         31.36552734, -154.26035156])
17, array([ 274.58789062,   57.37324219,   14.17587891,  301.71181641,
         17.07802734, -147.45146484])
18, array([ 274.36464844,   57.26162109,   12.5015625 ,  301.04208984,
          4.91132812, -141.53554687])
19, array([ 274.92275391,   55.92216797,   11.94345703,  304.94882812,
         -3.34863281, -135.50800781])
20, array([ 276.8203125 ,   52.12705078,   12.05507812,  304.05585938,
        -18.64072266, -128.92236328])
21, array([ 279.27597656,   44.98330078,    9.37617187,  298.2515625 ,
        -45.76464844, -114.3       ])
22, array([281.28515625,  35.04902344,   7.92509766, 295.12617188,
       -70.76777344, -97.78007812])
23, array([285.63837891,  23.32880859,   8.9296875 , 294.56806641,
       -94.09658203, -85.16689453])
24, array([ 286.86621094,    3.12539062,    8.70644531,  293.78671875,
       -124.79238281,  -69.6515625 ])
25, array([ 285.75      ,  -13.39453125,   10.93886719,  292.55888672,
       -148.2328125 ,  -55.69892578])
26, array([ 285.63837891,  -26.34257812,   11.60859375,  289.09863281,
       -168.54785156,  -41.52304687])
27, array([ 282.84785156,  -36.83496094,   14.39912109,  286.41972656,
       -183.17021484,  -29.24472656])
28, array([ 281.84326172,  -42.8625    ,   15.29208984,  284.07568359,
       -189.309375  ,  -22.10097656])
29, array([ 280.28056641,  -36.94658203,   13.05966797,  283.07109375,
       -183.61669922,  -26.7890625 ])
30, array([ 278.94111328,  -26.00771484,   10.04589844,  284.85703125,
       -169.21757812,  -38.62089844])
31, array([ 278.82949219,  -13.84101562,    8.9296875 ,  285.08027344,
       -151.46982422,  -49.55976562])
32, array([ 277.60166016,   -1.67431641,    6.92050781,  284.41054687,
       -134.94990234,  -65.74482422])
33, array([ 276.70869141,    9.71103516,    6.80888672,  284.29892578,
       -115.63945312,  -88.85039062])
34, array([ 275.92734375,   13.72939453,    6.92050781,  285.41513672,
        -98.89628906, -109.50029297])
35, array([ 274.92275391,   16.74316406,    6.25078125,  285.86162109,
        -82.71123047, -126.8015625 ])
36, array([ 275.70410156,   16.85478516,    8.14833984,  284.29892578,
        -64.40537109, -142.76337891])
37, array([ 274.36464844,   14.17587891,    8.25996094,  284.52216797,
        -44.6484375 , -155.04169922])
38, array([ 274.58789062,   13.72939453,   11.72021484,  281.62001953,
        -21.09638672, -161.85058594])
39, array([ 274.02978516,   10.93886719,   12.5015625 ,  279.16435547,
         -3.90673828, -164.08300781])
40, array([ 274.36464844,    8.48320312,   15.40371094,  278.82949219,
          4.46484375, -161.73896484])
41, array([ 275.14599609,    7.47861328,   19.08720703,  276.8203125 ,
          3.79511719, -154.59521484])
42, array([ 274.92275391,    5.46943359,   20.98476562,  280.95029297,
        -14.62236328, -152.13955078])
43, array([ 274.92275391,    5.46943359,   20.76152344,  279.05273438,
        -16.74316406, -152.02792969])
44, array([ 274.58789062,    7.03212891,   19.98017578,  275.48085937,
        -11.27373047, -152.58603516])
45, array([ 274.58789062,    7.70185547,   20.64990234,  276.15058594,
         -9.93427734, -152.36279297])
46, array([ 271.57412109,    5.58105469,   19.19882812,  267.890625  ,
        -17.63613281, -152.58603516])
47, array([ 271.4625    ,    5.13457031,   19.86855469,  271.23925781,
        -13.28291016, -152.47441406])
48, array([ 271.4625    ,    5.58105469,   19.31044922,  269.56494141,
        -14.84560547, -152.47441406])
49, array([ 271.4625    ,    5.91591797,   20.20341797,  269.45332031,
        -15.29208984, -152.47441406])
