0, array([ 266.77441406,    5.58105469,   20.31503906,  266.1046875 ,
        -15.40371094, -152.02792969])
1, array([ 267.22089844,    5.02294922,   20.42666016,  265.99306641,
        -15.51533203, -152.02792969])
2, array([ 266.99765625,    5.3578125 ,   19.98017578,  265.88144531,
        -15.40371094, -152.02792969])
3, array([ 266.77441406,    5.80429687,   19.42207031,  266.1046875 ,
        -15.51533203, -152.02792969])
4, array([ 264.31875   ,    4.91132812,   19.31044922,  265.99306641,
        -15.40371094, -151.8046875 ])
5, array([ 268.00224609,    5.3578125 ,   20.09179688,  270.34628906,
        -13.05966797, -151.58144531])
6, array([ 267.44414062,    4.79970703,   20.09179688,  266.43955078,
        -13.17128906, -152.02792969])
7, array([ 267.10927734,    5.24619141,   19.42207031,  269.6765625 ,
         -7.81347656, -152.36279297])
8, array([ 267.55576172,    7.14375   ,   18.52910156,  270.68115234,
         -3.34863281, -155.04169922])
9, array([ 269.89980469,   11.16210938,   17.63613281,  271.01601562,
          2.34404297, -157.1625    ])
10, array([ 272.57871094,   19.86855469,   16.18505859,  275.25761719,
          7.70185547, -161.62734375])
11, array([ 271.35087891,   28.24013672,   14.39912109,  280.05732422,
         23.99853516, -161.40410156])
12, array([ 272.13222656,   38.73251953,   12.83642578,  282.95947266,
         39.84873047, -161.06923828])
13, array([ 272.02060547,   46.65761719,   13.50615234,  283.40595703,
         43.08574219, -158.83681641])
14, array([ 271.57412109,   52.68515625,   13.39453125,  287.64755859,
         25.22636719, -152.69765625])
15, array([ 272.13222656,   51.7921875 ,   12.27832031,  284.52216797,
         -5.3578125 , -142.54013672])
16, array([ 272.24384766,   41.52304687,   10.49238281,  283.18271484,
        -35.04902344, -131.82451172])
17, array([ 272.24384766,   20.42666016,    8.03671875,  280.05732422,
        -74.56289062, -124.56914062])
18, array([ 270.90439453,   -3.90673828,    5.91591797,  270.68115234,
       -120.43916016, -107.71435547])
19, array([ 268.89521484,  -23.10556641,    6.58564453,  264.20712891,
       -154.70683594,  -90.30146484])
20, array([ 268.78359375,  -35.60712891,   12.16669922,  258.51445312,
       -178.70537109,  -71.99560547])
21, array([ 266.21630859,  -49.78300781,   15.85019531,  255.16582031,
       -199.91337891,  -54.58271484])
22, array([ 264.65361328,  -54.02460937,   17.52451172,  252.82177734,
       -206.94550781,  -50.22949219])
23, array([ 265.32333984,  -40.18359375,   11.38535156,  257.62148437,
       -186.85371094,  -66.74941406])
24, array([ 268.56035156,  -25.89609375,    6.92050781,  260.85849609,
       -165.98056641,  -73.78154297])
25, array([ 270.01142578,  -14.39912109,    4.68808594,  263.31416016,
       -150.46523437,  -76.7953125 ])
26, array([ 272.91357422,   -5.80429687,    2.79052734,  267.44414062,
       -136.51259766,  -82.153125  ])
27, array([ 275.14599609,    6.36240234,    2.34404297,  271.57412109,
       -119.99267578,  -86.50634766])
28, array([277.93652344,  18.75234375,   4.12998047, 276.59707031,
       -99.23115234, -97.89169922])
29, array([ 278.60625   ,   28.575     ,    5.3578125 ,  281.62001953,
        -73.89316406, -117.20214844])
30, array([ 277.26679688,   35.83037109,    9.48779297,  282.28974609,
        -47.77382812, -132.82910156])
31, array([ 275.25761719,   35.83037109,   12.5015625 ,  284.18730469,
        -25.22636719, -146.11201172])
32, array([ 272.46708984,   27.12392578,   12.72480469,  284.29892578,
        -13.17128906, -154.48359375])
33, array([ 268.44873047,   20.53828125,   15.40371094,  279.61083984,
         -1.11621094, -157.27412109])
34, array([ 267.44414062,   14.84560547,   18.52910156,  276.48544922,
          5.58105469, -152.58603516])
35, array([ 269.45332031,   11.38535156,   21.31962891,  273.80654297,
          4.46484375, -148.00957031])
36, array([ 269.56494141,    8.59482422,   22.10097656,  272.69033203,
         -1.67431641, -147.33984375])
37, array([ 269.34169922,    9.04130859,   21.65449219,  274.58789062,
         -3.23701172, -148.79091797])
38, array([ 269.6765625 ,    9.04130859,   21.87773437,  270.23466797,
         -4.91132812, -150.35361328])
39, array([ 267.77900391,    8.03671875,   19.98017578,  267.33251953,
        -11.16210938, -150.68847656])
40, array([ 269.45332031,    7.25537109,   20.76152344,  272.46708984,
        -13.17128906, -150.24199219])
41, array([ 268.33710938,    9.26455078,   19.6453125 ,  267.77900391,
         -9.04130859, -150.68847656])
42, array([ 269.56494141,    7.03212891,   21.31962891,  270.56953125,
        -13.17128906, -150.35361328])
43, array([ 269.34169922,    7.14375   ,   20.42666016,  269.6765625 ,
         -9.82265625, -150.57685547])
44, array([ 268.78359375,    7.81347656,   20.20341797,  269.11845703,
        -12.05507812, -150.57685547])
45, array([ 269.11845703,    7.36699219,   20.20341797,  271.01601562,
        -11.27373047, -150.35361328])
46, array([ 268.56035156,    8.03671875,   20.87314453,  268.44873047,
        -10.82724609, -150.57685547])
47, array([ 268.89521484,    7.81347656,   19.6453125 ,  270.90439453,
        -11.72021484, -150.35361328])
48, array([ 268.89521484,    8.25996094,   20.42666016,  268.89521484,
        -10.60400391, -150.57685547])
49, array([ 268.44873047,    7.70185547,   20.31503906,  270.01142578,
        -11.83183594, -150.46523437])
