0, array([ 271.01601562,   14.39912109,   20.64990234,  274.36464844,
        -10.60400391, -149.68388672])
1, array([ 270.56953125,   14.17587891,   21.09638672,  273.58330078,
        -11.27373047, -149.68388672])
2, array([ 271.01601562,   14.2875    ,   20.98476562,  274.14140625,
        -10.60400391, -149.68388672])
3, array([ 271.01601562,   14.39912109,   20.98476562,  273.80654297,
        -11.16210938, -149.68388672])
4, array([ 271.12763672,   13.84101562,   20.87314453,  273.80654297,
        -10.82724609, -149.68388672])
5, array([ 271.12763672,   13.95263672,   20.76152344,  274.14140625,
        -10.82724609, -149.68388672])
6, array([ 271.12763672,   14.73398437,   21.09638672,  273.69492187,
        -11.05048828, -149.68388672])
7, array([ 270.68115234,   14.17587891,   19.6453125 ,  274.47626953,
        -14.95722656, -149.12578125])
8, array([ 267.55576172,   22.65908203,   18.08261719,  279.72246094,
          3.23701172, -152.36279297])
9, array([ 265.21171875,   29.57958984,   11.83183594,  275.92734375,
         15.18046875, -159.06005859])
10, array([ 264.87685547,   39.17900391,    8.48320312,  268.78359375,
         33.26308594, -163.85976562])
11, array([ 264.76523437,   48.33193359,    8.59482422,  265.99306641,
         57.15      , -163.74814453])
12, array([ 266.32792969,   58.71269531,   13.05966797,  259.74228516,
         70.54453125, -160.84599609])
13, array([ 266.88603516,   63.28916016,   11.60859375,  257.62148437,
         52.35029297, -160.734375  ])
14, array([ 266.43955078,   63.62402344,   13.05966797,  254.94257812,
         20.53828125, -153.03251953])
15, array([ 267.33251953,   55.92216797,    9.82265625,  257.84472656,
        -14.2875    , -142.875     ])
16, array([ 267.55576172,   42.52763672,    5.02294922,  256.39365234,
        -54.13623047, -129.36884766])
17, array([ 269.45332031,   23.2171875 ,    2.34404297,  254.04960937,
        -93.87333984, -112.73730469])
18, array([ 270.45791016,    2.56728516,    1.33945312,  251.37070312,
       -127.24804687,  -97.22197266])
19, array([ 271.12763672,  -13.50615234,    2.79052734,  251.03583984,
       -154.81845703,  -82.82285156])
20, array([ 272.02060547,  -29.35634766,    4.57646484,  251.92880859,
       -177.36591797,  -71.88398437])
21, array([ 272.46708984,  -36.38847656,    7.14375   ,  250.70097656,
       -191.20693359,  -65.29833984])
22, array([ 271.23925781,  -36.83496094,    6.36240234,  251.59394531,
       -187.96992187,  -66.74941406])
23, array([ 272.24384766,  -18.52910156,    3.79511719,  252.48691406,
       -165.31083984,  -73.11181641])
24, array([ 272.35546875,    0.55810547,    2.12080078,  251.59394531,
       -141.0890625 ,  -78.80449219])
25, array([ 272.24384766,   16.29667969,    2.12080078,  253.71474609,
       -116.0859375 ,  -88.73876953])
26, array([ 270.56953125,   30.47255859,    3.46025391,  260.18876953,
        -87.17607422, -109.72353516])
27, array([ 271.01601562,   34.49091797,    7.59023437,  266.21630859,
        -57.15      , -134.16855469])
28, array([ 269.78818359,   32.92822266,   11.49697266,  267.890625  ,
        -29.35634766, -151.02333984])
29, array([ 268.11386719,   30.58417969,   13.28291016,  264.87685547,
         -4.79970703, -157.49736328])
30, array([ 268.89521484,   27.90527344,   18.41748047,  265.99306641,
         13.95263672, -154.37197266])
31, array([ 269.89980469,   24.55664062,   21.43125   ,  266.99765625,
         16.0734375 , -149.79550781])
32, array([ 270.34628906,   22.32421875,   21.31962891,  267.890625  ,
         11.49697266, -148.2328125 ])
33, array([ 269.11845703,   19.6453125 ,   20.98476562,  271.23925781,
          5.91591797, -148.34443359])
34, array([ 269.6765625 ,   18.64072266,   20.42666016,  271.57412109,
          1.7859375 , -150.01875   ])
35, array([ 269.56494141,   14.06425781,   19.19882812,  270.45791016,
        -14.95722656, -149.90712891])
36, array([ 270.34628906,   15.06884766,   21.43125   ,  270.79277344,
         -9.26455078, -150.13037109])
37, array([ 270.56953125,   16.40830078,   21.43125   ,  270.45791016,
         -7.36699219, -150.24199219])
38, array([ 269.6765625 ,   14.06425781,   21.31962891,  270.45791016,
        -13.39453125, -150.01875   ])
39, array([ 270.56953125,   15.96181641,   20.87314453,  270.79277344,
         -6.92050781, -150.24199219])
40, array([ 270.23466797,   15.29208984,   20.53828125,  270.23466797,
        -11.60859375, -150.13037109])
41, array([ 269.78818359,   14.84560547,   19.31044922,  270.90439453,
         -9.37617187, -150.13037109])
42, array([ 269.78818359,   14.17587891,   19.86855469,  270.34628906,
         -8.9296875 , -150.13037109])
43, array([ 270.01142578,   13.95263672,   19.6453125 ,  270.56953125,
        -11.49697266, -150.01875   ])
44, array([ 270.34628906,   14.73398437,   20.76152344,  270.68115234,
         -8.37158203, -150.13037109])
45, array([ 269.89980469,   15.18046875,   19.98017578,  270.34628906,
        -11.16210938, -150.13037109])
46, array([ 270.56953125,   15.62695312,   20.53828125,  270.90439453,
         -9.04130859, -150.13037109])
47, array([ 270.23466797,   15.18046875,   20.09179688,  270.34628906,
        -10.04589844, -150.13037109])
48, array([ 270.23466797,   14.73398437,   20.20341797,  270.79277344,
        -10.26914062, -150.13037109])
49, array([ 270.23466797,   14.62236328,   20.20341797,  270.56953125,
         -9.15292969, -150.13037109])
