0, array([   6.28561241,   16.05185563, -171.6391602 ,   -8.70183529,
         -2.30102622, -356.80572966]), array([   3.66117191,   12.9837656 , -173.0841217 ,  -12.30064487,
          9.74675369, -352.5708313 ]), array([   3.77279305,   14.99294472, -173.0841217 ,   -9.73335934,
         13.65349197, -353.68707275])
1, array([   7.9807607 ,   15.87117066, -171.38201059,   -3.63869357,
         -4.48362137, -356.6610627 ]), array([   4.56368703,   14.65456507, -172.29876083,   -8.90830052,
          9.94989963, -352.90720797]), array([   8.23813899,   15.21518263, -172.30177534,    4.77085138,
         10.99267267, -354.01892756])
2, array([  10.44819442,   16.3298293 , -170.10741594,    4.86901096,
         -5.36456004, -355.71206798]), array([   6.67335054,   13.87732089, -171.41049044,    0.75173845,
          5.5085017 , -353.24031885]), array([   8.34917373,   14.99311219, -172.07971154,    3.32739683,
         14.98993019, -353.3527058 ])
3, array([  14.24600929,   17.66807482, -167.1003266 ,   18.0084567 ,
         -1.55944998, -352.97523437]), array([  10.70837287,   14.43986441, -170.40062209,   14.09426948,
          8.65105826, -352.0031266 ]), array([  12.05619928,   17.67352684, -169.73382935,   17.12353089,
         21.90340565, -351.33380656])
4, array([  18.34247921,   19.23672655, -163.71568597,   32.05285624,
          4.32398985, -349.53311181]), array([  14.70563134,   15.77228326, -169.17922565,   27.97363559,
         14.09177034, -349.44931699]), array([  18.27415649,   18.11766583, -169.28967139,   35.11119021,
         19.23856793, -348.89104403])
5, array([  22.88856982,   21.06133768, -159.99722001,   47.36582892,
         12.90262024, -345.27400578]), array([  19.74633085,   17.35239601, -164.47758044,   42.43488669,
         20.60381159, -345.18677509]), array([  22.31562797,   19.02369789, -165.2585871 ,   47.47190749,
         25.4212693 , -344.39739484])
6, array([  26.70815012,   22.68103398, -157.45441063,   60.18015995,
         22.46561047, -341.17656424]), array([  23.63255552,   22.46000195, -160.59135767,   56.09218615,
         30.48592018, -339.52398118]), array([  26.86805922,   23.13199016, -161.26134761,   65.79267201,
         41.1882318 , -336.06977461])
7, array([  29.93038579,   23.68191091, -155.92988418,   71.04105749,
         30.47994055, -337.62122777]), array([  28.22359132,   22.69103318, -157.34430971,   69.64431456,
         35.30923945, -333.69959359]), array([  31.23509768,   23.14279221, -157.56478252,   78.79247277,
         41.11203059, -330.57595539])
8, array([  31.34270687,   25.05663107, -155.19769258,   76.11495852,
         39.10996023, -334.90532694]), array([  30.77739144,   21.02550913, -156.78911985,   76.30641075,
         35.86441413, -330.47959258]), array([  32.78958793,   23.80900258, -155.78822657,   83.34490213,
         41.00099489, -328.13322322])
9, array([  30.51990321,   27.94502144, -154.1672957 ,   74.21649487,
         51.32626346, -332.74367943]), array([  31.67873615,   23.92430695, -153.88429485,   79.00775387,
         41.80110111, -327.67664174]), array([  34.13104846,   27.04668344, -152.88271648,   88.36785134,
         55.75106206, -322.88282065])
10, array([  28.18804248,   32.14920849, -152.94204164,   67.59449814,
         68.46851787, -330.41202046]), array([  32.12287513,   25.03465632, -153.21808826,   80.56224602,
         54.4590869 , -325.90010097]), array([  32.35449251,   26.15840356, -154.21514483,   79.26298503,
         66.63248432, -324.9924723 ])
11, array([  23.14050019,   36.92276924, -152.56281224,   52.12791701,
         89.16102403, -328.89068747]), array([  29.10324441,   25.26635744, -154.89206973,   67.03766702,
         66.91015691, -329.13227433]), array([  24.86189558,   29.72977767, -156.45460063,   52.52952068,
         78.52050456, -330.02248587])
12, array([  17.15278362,   40.06345655, -153.32721898,   33.57562305,
        104.7909869 , -328.7460304 ]), array([  19.11010013,   30.92913806, -157.77897504,   34.83753545,
         84.67574675, -331.57503686]), array([  15.20185459,   33.50496665, -159.11944214,   23.77147289,
         98.61782502, -328.80108942])
13, array([  10.1227466 ,   41.13011681, -155.28106164,   11.63441081,
        113.10572497, -330.29619257]), array([  11.58626938,   35.75447083, -158.23852539,    9.2422266 ,
         95.36013031, -331.02798462]), array([   4.66576195,   38.32175446, -160.91743469,   -6.94283199,
        109.08953094, -327.00961304])
14, array([   2.57719311,   38.64045451, -158.71390272,  -11.18915882,
        106.31463411, -334.17526843]), array([   1.94816913,   34.08166167, -162.14827818,  -10.85451092,
         87.30833742, -334.47766947]), array([  -6.63007531,   38.07841392, -164.71305734,  -35.82146471,
        104.36928855, -325.66162489])
15, array([  -4.49775872,   34.42854487, -161.81086418,  -32.47223472,
         92.32210242, -338.27408277]), array([  -6.60152108,   34.41476497, -162.81448476,  -36.61461391,
         83.97728932, -332.14595401]), array([ -11.51561223,   33.63701646, -164.82408924,  -53.58705454,
         97.26304958, -323.77403705])
16, array([ -11.10307951,   28.88284962, -164.04353465,  -52.19645668,
         72.21089827, -342.19472581]), array([ -12.8754977 ,   30.15415667, -163.48975013,  -58.12474543,
         76.84929098, -328.80477376]), array([ -17.00338531,   28.58978549, -165.72299415,  -71.17059837,
         77.18080327, -323.78517404])
17, array([ -16.04348443,   23.0211831 , -164.66716106,  -67.43004809,
         51.08037514, -344.25190074]), array([ -17.31689611,   25.04654694, -164.8221633 ,  -73.89170034,
         52.08849787, -331.2475363 ]), array([ -20.88960619,   23.03803676, -167.2774863 ,  -83.27340189,
         51.53173219, -327.11622213])
18, array([ -19.99512744,   17.7797564 , -164.6670399 ,  -79.81944636,
         31.90373683, -344.92396079]), array([ -20.90317155,   17.88437561, -166.94429167,  -84.31064448,
         32.03848258, -333.70989324]), array([ -22.79570746,   18.33052428, -166.83200375,  -86.86889216,
         39.07161481, -329.58393822])
19, array([ -22.41909392,   13.36479913, -164.17194309,  -87.72614917,
         15.37338338, -344.38308508]), array([ -23.45697736,   14.33125803, -166.72222787,  -89.08514523,
         21.26809413, -334.70922588]), array([ -23.68398733,   14.66637195, -166.38787615,  -88.64544811,
         28.63433344, -331.91568403])
20, array([ -23.35497663,    9.62945461, -163.75661167,  -90.84378388,
          1.89251756, -342.87974427]), array([ -23.4675282 ,   10.52383135, -167.83719802,  -93.11959424,
         10.07558831, -335.60169833]), array([ -25.24291373,    9.85184313, -165.60626817,  -90.64457786,
         13.28496709, -334.72128399])
21, array([ -23.4139932 ,    5.94890247, -163.33706989,  -91.13186272,
        -11.08786267, -340.94767059]), array([ -25.57719123,    8.63623686, -167.50408713,  -95.45131728,
          7.41075012, -334.38030189]), array([ -22.68911171,    6.96493545, -165.93937905,  -84.42662446,
         -1.59371483, -339.05163437])
22, array([ -21.7741369 ,    1.58732357, -162.63579497,  -85.90022027,
        -26.29174186, -337.51337424]), array([ -19.32038017,    2.9281537 , -166.27542076,  -76.22452716,
        -14.39254371, -343.53305798]), array([ -16.20001527,    4.1606748 , -165.605682  ,  -66.98241935,
        -14.15841517, -343.75294459])
23, array([ -19.25483172,   -3.37455798, -161.57441286,  -77.37666243,
        -43.87549375, -332.54721269]), array([ -11.10379563,   -3.51187204, -166.38645267,  -53.01822999,
        -33.7126219 , -345.86480379]), array([ -11.31447693,    0.82962647, -165.7167139 ,  -58.65479911,
        -26.26122344, -343.86399167])
24, array([ -16.03051377,   -8.91385863, -160.10748852,  -66.2012427 ,
        -63.65803883, -325.75719187]), array([  -8.05435367,   -4.54610536, -165.49230548,  -51.58231062,
        -44.29870537, -342.85561541]), array([  -8.61028199,   -2.75974961, -165.26830052,  -53.58487738,
        -39.04983668, -342.41157162])
25, array([ -11.46305379,  -13.98314173, -158.40906923,  -49.12590568,
        -82.45411107, -318.61066717]), array([  -1.83639742,  -11.65234196, -163.38263866,  -39.70157469,
        -71.94639999, -337.30386858]), array([   0.49458272,   -9.31080939, -162.15933141,  -32.93237465,
        -63.14441561, -340.07985617])
26, array([  -6.6681021 ,  -17.80006139, -156.87431943,  -31.17719212,
        -96.34733624, -312.95437866]), array([   7.56790972,  -17.26555252, -161.92202759,  -10.51470757,
        -94.95384216, -331.80932617]), array([   3.99603534,  -14.14016056, -162.03364563,  -21.56519699,
        -82.78713226, -334.71148682])
27, array([  -1.47534522,  -20.04954525, -155.61797512,  -11.71575774,
       -104.00467083, -309.55452256]), array([   8.55893392,  -19.37931866, -159.81076976,    1.08182876,
       -103.87749301, -328.57433629]), array([   5.45766005,  -14.81792566, -161.25079679,  -11.66466327,
        -86.85423101, -333.91155559])
28, array([   3.15212934,  -19.88863957, -155.650377  ,    5.48955727,
       -101.39874964, -310.89340123]), array([   5.56099149,  -17.8248303 , -161.92043659,   -1.58300991,
       -102.54507985, -329.01846389]), array([   7.78939305,  -16.5944835 , -160.91768591,    5.54575141,
        -97.62462137, -329.80323866])
29, array([   7.13019063,  -18.46975929, -156.43528506,   20.12860755,
        -93.72599618, -314.260283  ]), array([   6.01275148,  -18.26679023, -161.35972008,   12.07378494,
       -104.39892175, -326.91015204]), array([   7.56414156,  -17.03602855, -159.8028985 ,   11.04867941,
        -99.2798458 , -328.69230312])
30, array([  10.20713706,  -15.71366663, -158.23847436,   31.16465224,
        -81.42844153, -319.82443093]), array([   8.01138024,  -17.37851226, -160.24938589,   22.95520625,
        -93.07335671, -330.13015305]), array([   6.56482742,  -15.3705045 , -160.24704128,   16.48939054,
        -92.06257493, -330.91300185])
31, array([  11.72785332,  -11.99338352, -160.68143755,   36.56636099,
        -67.6469249 , -326.54230554]), array([   8.80411571,  -13.79122817, -161.36692144,   32.15770962,
        -73.91882076, -335.05503434]), array([   8.35997578,  -14.57123756, -160.81084086,   30.7036205 ,
        -79.27261999, -333.49536572])
32, array([  12.40694   ,   -8.20130918, -163.22876492,   38.97614989,
        -54.585103  , -333.31348772]), array([  11.57998912,   -9.12776217, -162.36625408,   43.15016757,
        -57.26358409, -337.94195483]), array([  11.91309431,   -9.46362782, -162.4763649 ,   40.69676668,
        -61.28495876, -337.3815885 ])
33, array([  11.67285358,   -4.50779086, -165.87758309,   36.44126586,
        -42.81428148, -340.43411236]), array([   9.90717998,   -2.85889326, -165.2796887 ,   34.44950162,
        -32.64037275, -345.55003127]), array([  12.0330042 ,   -3.97208967, -165.49640862,   41.38482855,
        -39.22024249, -343.20497128])
34, array([  10.0332839 ,   -1.45585455, -168.48531018,   30.66358085,
        -33.2447935 , -346.79371238]), array([   7.79751552,    0.47215454, -169.27694338,   26.01084569,
        -19.87135506, -350.54660341]), array([  12.1440399 ,    0.69137763, -166.60677316,   39.49723691,
        -23.89741898, -347.75741582])
35, array([   7.90098916,    1.32612377, -171.07963763,   23.09283427,
        -24.38358405, -352.81723781]), array([ 9.68753885e+00,  2.63314827e-01, -1.69516607e+02,  3.14399174e+01,
       -1.50202342e+01, -3.51349717e+02]), array([  14.1530525 ,    0.71130698, -168.8457113 ,   39.48584871,
        -17.4661854 , -350.67665875])
36, array([   5.54428764,    3.32524761, -173.15169688,   14.49041601,
        -18.46575359, -356.83334869]), array([   8.91029373,    3.15022367, -172.40351243,   21.55780881,
         -6.47054403, -355.79111398]), array([  13.81994731,    4.59752964, -170.95537813,   35.71065784,
         -2.47646755, -352.89732712])
37, array([   3.49161295,    4.85663447, -174.68200783,    6.92056839,
        -14.09446047, -359.44357818]), array([   3.10080555,    7.06835015, -174.20093405,    1.53392345,
          5.28190994, -357.92915233]), array([  14.48850136,   10.86430442, -169.17813707,   37.59431764,
         10.97768379, -352.79376296])
38, array([ 1.62227875e+00,  6.04243478e+00, -1.75815576e+02, -4.27855944e-02,
       -1.09596665e+01, -3.60959267e+02]), array([ 1.02862232e-01,  7.73456005e+00, -1.74978173e+02, -7.01576652e+00,
        5.28190994e+00, -3.58595374e+02]), array([  14.59953611,   12.64086416, -170.17746971,   38.03845663,
         15.08597701, -352.34963536])
39, array([ 1.62227875e+00,  6.04243478e+00, -1.75815576e+02, -4.27855944e-02,
       -1.09596665e+01, -3.60959267e+02]), array([  -0.46880862,    7.51433229, -175.31655884,   -5.82662106,
          3.16110921, -358.93325806]), array([  14.60003853,   12.64890289, -170.18199158,   38.04046631,
         15.10456657, -352.34762573])
