0, array([   6.28561241,   16.05185563, -171.6391602 ,   -8.70183529,
         -2.30102622, -356.80572966]), array([   3.8844142 ,   13.76511383, -172.52603149,  -12.74712944,
          8.96540642, -353.01733398]), array([   4.21927738,   15.43943024, -173.41899109,   -9.73335934,
         12.8721447 , -353.91030884])
1, array([   7.9807607 ,   15.87117066, -171.38201059,   -3.63869357,
         -4.48362137, -356.6610627 ]), array([   4.8955357 ,   13.87120811, -171.86483391,   -9.91992445,
          8.28512921, -353.24057007]), array([   7.23254411,   14.106508  , -172.30478985,    0.64237826,
         11.6624    , -354.24166117])
2, array([  10.44819442,   16.3298293 , -170.10741594,    4.86901096,
         -5.36456004, -355.71206798]), array([   6.33898978,   12.649824  , -173.75243694,   -1.81437453,
          5.95339479, -353.24057007]), array([   7.12150984,   15.54996161, -172.74893263,   -0.46797122,
         15.65965752, -353.46439233])
3, array([  14.24600929,   17.66807482, -167.1003266 ,   18.0084567 ,
         -1.55944998, -352.97523437]), array([  10.37099805,   15.66434773, -169.9545534 ,   12.41995308,
          7.96835317, -352.22633228]), array([  10.14691793,   17.33238292, -171.41149525,   10.05748821,
         19.78595509, -352.56831926])
4, array([  18.34247921,   19.23672655, -163.71568597,   32.05285624,
          4.32398985, -349.53311181]), array([  13.70204519,   16.10848576, -168.84420403,   26.29931918,
          9.96698193, -349.67255303]), array([  13.25589653,   16.11099786, -171.85562285,   19.05131693,
         18.00939535, -351.90212786])
5, array([  22.88856982,   21.06133768, -159.99722001,   47.36582892,
         12.90262024, -345.27400578]), array([  20.08052461,   18.57218817, -163.81557595,   43.55244122,
         21.27052249, -344.6290046 ]), array([  16.7318937 ,   19.79566665, -167.72129415,   30.83031498,
         24.83871269, -348.98422477])
6, array([  26.70815012,   22.68103398, -157.45441063,   60.18015995,
         22.46561047, -341.17656424]), array([  23.74467789,   21.0149583 , -162.4831476 ,   57.65387587,
         30.15331741, -339.07725778]), array([  20.39604509,   20.79498032, -166.05577011,   45.8200333 ,
         32.50012255, -344.09869971])
7, array([  29.93038579,   23.68191091, -155.92988418,   71.04105749,
         30.47994055, -337.62122777]), array([  28.55945793,   23.02916067, -157.45063715,   71.31786973,
         33.75081548, -333.25236778]), array([  26.32879452,   23.3657828 , -160.35304897,   61.06907941,
         37.11125517, -338.26677581])
8, array([  31.34270687,   25.05663107, -155.19769258,   76.11495852,
         39.10996023, -334.90532694]), array([  31.55740273,   22.80709117, -154.56374702,   77.64687021,
         36.1935856 , -329.69925588]), array([  30.1039816 ,   23.92095748, -157.57717556,   76.39190291,
         44.77266503, -330.93845786])
9, array([  30.51990321,   27.94502144, -154.1672957 ,   74.21649487,
         51.32626346, -332.74367943]), array([  33.35288508,   23.36636896, -152.99183766,   84.1394817 ,
         40.45745962, -326.00419803]), array([  31.90214543,   25.82119718, -154.77693474,   81.2400159 ,
         48.04049492, -327.56453653])
10, array([  28.18804248,   32.14920849, -152.94204164,   67.59449814,
         68.46851787, -330.41202046]), array([  33.68599217,   24.58775212, -152.65872678,   83.80637082,
         50.339572  , -325.44902335]), array([  32.45732201,   26.48740566, -153.88864918,   82.68346855,
         53.14810276, -325.45488488])
11, array([  23.14050019,   36.92276924, -152.56281224,   52.12791701,
         89.16102403, -328.89068747]), array([  27.31898279,   28.61239442, -155.56095589,   62.79857909,
         68.69717993, -329.46597141]), array([  32.45330265,   26.26801383, -153.4420095 ,   78.98187921,
         63.22649105, -326.2317047 ])
12, array([  17.15278362,   40.06345655, -153.32721898,   33.57562305,
        104.7909869 , -328.7460304 ]), array([  19.54653723,   30.83309315, -157.33752701,   33.92949561,
         87.90621483, -330.35425698]), array([  24.34775001,   28.04457547, -157.66132798,   47.7810651 ,
         80.7700057 , -330.78414924])
13, array([  10.1227466 ,   41.13011681, -155.28106164,   11.63441081,
        113.10572497, -330.29619257]), array([  11.58626938,   33.74528885, -159.46635437,   15.26976585,
         94.24391937, -331.02798462]), array([  13.37220669,   35.64284897, -158.9082489 ,   18.84164047,
         96.81121063, -330.35827637])
14, array([   2.57719311,   38.64045451, -158.71390272,  -11.18915882,
        106.31463411, -334.17526843]), array([   4.84328396,   33.6412033 , -160.5885944 ,   -4.73444276,
         87.65727457, -334.36104234]), array([   3.94931023,   37.3176678 , -161.59569939,   -5.17389343,
        103.49993507, -329.45525297])
15, array([  -4.49775872,   34.42854487, -161.81086418,  -32.47223472,
         92.32210242, -338.27408277]), array([  -5.26089554,   35.30672735, -161.92102274,  -34.7138756 ,
         87.43520318, -330.91894717]), array([  -6.37693901,   37.42870349, -163.48330242,  -33.59883698,
        101.61233204, -327.23452388])
16, array([ -11.10307951,   28.88284962, -164.04353465,  -52.19645668,
         72.21089827, -342.19472581]), array([ -15.77764594,   33.82676548, -162.8250356 ,  -64.26683641,
         81.65568783, -323.88717759]), array([ -14.31568652,   34.6173257 , -164.93830311,  -59.22127825,
         94.7312673 , -322.10918283])
17, array([ -16.04348443,   23.0211831 , -164.66716106,  -67.43004809,
         51.08037514, -344.25190074]), array([ -20.2190434 ,   25.83225043, -165.48987712,  -80.81104498,
         58.67146205, -324.66441607]), array([ -15.87017582,   29.06557888, -165.60450969,  -69.76959722,
         75.96636759, -324.99607296])
18, array([ -19.99512744,   17.7797564 , -164.6670399 ,  -79.81944636,
         31.90373683, -344.92396079]), array([ -21.90374317,   18.44382087, -167.16821289,  -85.64608737,
         36.38232596, -331.37189756]), array([ -19.67869012,   19.67433134, -167.50375215,  -80.19507283,
         42.98672676, -332.46965598])
19, array([ -22.41909392,   13.36479913, -164.17194309,  -87.72614917,
         15.37338338, -344.38308508]), array([ -23.12512823,   15.33484227, -167.16821289,  -89.08815977,
         22.5029608 , -334.36983477]), array([ -23.34284341,   17.45363451, -167.72581595,  -89.74407433,
         35.3253169 , -329.36070205])
20, array([ -23.35497663,    9.62945461, -163.75661167,  -90.84378388,
          1.89251756, -342.87974427]), array([ -23.90597308,   10.62967441, -167.49931412,  -91.09484105,
          8.26377634, -336.61682685]), array([ -24.24033242,   13.86040607, -167.39096179,  -89.86624321,
         26.87887612, -331.82841811])
21, array([ -23.4139932 ,    5.94890247, -163.33706989,  -91.13186272,
        -11.08786267, -340.94767059]), array([ -22.46251853,    6.18827743, -165.83379007,  -86.54240411,
         -5.83766163, -340.05892203]), array([ -22.57480837,    6.6431352 , -167.16888281,  -84.98071056,
          1.45187477, -340.26705507])
22, array([ -21.7741369 ,    1.58732357, -162.63579497,  -85.90022027,
        -26.29174186, -337.51337424]), array([ -17.09281503,    1.70668633, -167.05508758,  -71.77576086,
        -16.94592895, -344.31205487]), array([ -22.8997911 ,    3.60457854, -167.39263654,  -85.95767033,
        -12.2558318 , -340.85265665])
23, array([ -19.25483172,   -3.37455798, -161.57441286,  -77.37666243,
        -43.87549375, -332.54721269]), array([ -12.09624383,   -0.5140137 , -166.05577012,  -59.22881456,
        -27.05010893, -345.08929336]), array([ -19.6797787 ,    1.60595025, -168.16987502,  -77.40797871,
        -21.02759292, -342.18506981])
24, array([ -16.03051377,   -8.91385863, -160.10748852,  -66.2012427 ,
        -63.65803883, -325.75719187]), array([  -7.94357014,   -4.54560294, -163.70888314,  -53.92526577,
        -44.96759533, -342.63307972]), array([ -11.96268295,   -4.54560294, -168.05974897,  -58.73041416,
        -39.94230529, -344.53197201])
25, array([ -11.46305379,  -13.98314173, -158.40906923,  -49.12590568,
        -82.45411107, -318.61066717]), array([  -2.83596277,  -10.98562821, -164.9302644 ,  -40.60107339,
        -71.50494439, -337.9695881 ]), array([  -7.85439068,  -10.98562821, -166.17216112,  -52.62349266,
        -63.37067385, -341.64505151])
26, array([  -6.6681021 ,  -17.80006139, -156.87431943,  -31.17719212,
        -96.34733624, -312.95437866]), array([   3.77279305,  -16.59582329, -162.7033844 ,  -19.22115326,
        -90.7122345 , -333.70687866]), array([  -3.70582032,  -16.70744705, -166.2752533 ,  -43.10806656,
        -85.80091095, -336.27416992])
27, array([  -1.47534522,  -20.04954525, -155.61797512,  -11.71575774,
       -104.00467083, -309.55452256]), array([   6.23297876,  -18.16153426, -161.24828469,   -4.56010284,
        -99.21805109, -330.7926905 ]), array([   4.45407534,  -20.74690693, -163.59383189,  -17.57957678,
       -103.73263448, -332.11304551])
28, array([   3.15212934,  -19.88863957, -155.650377  ,    5.48955727,
       -101.39874964, -310.89340123]), array([   7.2322929 ,  -18.82774274, -160.35999912,    3.98958713,
       -104.21461564, -328.12786417]), array([ 7.00787878e+00, -2.54103720e+01, -1.63038657e+02, -1.47092001e-01,
       -1.19721661e+02, -3.25228886e+02])
29, array([   7.13019063,  -18.46975929, -156.43528506,   20.12860755,
        -93.72599618, -314.260283  ]), array([   6.12102291,  -18.37715793, -160.69629203,   11.50395634,
       -103.40564092, -327.57692964]), array([   6.78195692,  -24.84908453, -162.14986918,    7.26151703,
       -119.47698046, -324.22832712])
30, array([  10.20713706,  -15.71366663, -158.23847436,   31.16465224,
        -81.42844153, -319.82443093]), array([   7.2313718 ,  -17.15577097, -161.25146671,   19.27640094,
        -95.0780131 , -330.01972253]), array([   5.56057281,  -23.07252668, -163.37125045,   14.81189404,
       -110.59418554, -326.67105929])
31, array([  11.72785332,  -11.99338352, -160.68143755,   36.56636099,
        -67.6469249 , -326.54230554]), array([   8.80512055,  -13.12083285, -161.36993592,   31.04685973,
        -74.12632196, -335.50321167]), array([   8.24835487,  -21.93253451, -162.59876976,   30.26886002,
        -92.08626938, -331.82607352])
32, array([  12.40694   ,   -8.20130918, -163.22876492,   38.97614989,
        -54.585103  , -333.31348772]), array([  11.91409915,   -8.23529451, -163.36857085,   43.81587173,
        -52.25244176, -338.94527649]), array([  11.80147246,  -14.93733313, -164.93051557,   44.14822519,
        -66.54823399, -337.37782035])
33, array([  11.67285358,   -4.50779086, -165.87758309,   36.44126586,
        -42.81428148, -340.43411236]), array([   9.01597027,   -5.31581371, -165.16431777,   36.00867922,
        -34.65181562, -344.76941291]), array([  10.46553666,   -6.30683839, -168.18084454,   38.34493544,
        -35.9578593 , -346.33740191])
34, array([  10.0332839 ,   -1.45585455, -168.48531018,   30.66358085,
        -33.2447935 , -346.79371238]), array([   7.68355046,   -2.5399403 , -167.4960484 ,   26.01553494,
        -22.88211159, -350.09912629]), array([   8.46690742,    2.46492155, -171.73397161,   24.90970736,
         -9.42050645, -353.99883074])
35, array([   7.90098916,    1.32612377, -171.07963763,   23.09283427,
        -24.38358405, -352.81723781]), array([  10.13402246,    2.60601874, -170.07253544,   29.77163004,
        -11.44953097, -352.46341535]), array([   7.10518117,    2.04791327, -175.21465425,   15.3311447 ,
         -0.51267345, -359.38592674])
36, array([   5.54428764,    3.32524761, -173.15169688,   14.49041601,
        -18.46575359, -356.83334869]), array([   9.35677829,    4.60464726, -171.51599569,   23.88677803,
         -3.67708518, -355.23928877]), array([  -3.66520799,    4.0465418 , -181.65467145,  -17.97933719,
          5.92735266, -363.49421331])
37, array([   3.49161295,    4.85663447, -174.68200783,    6.92056839,
        -14.09446047, -359.44357818]), array([   4.66274742,    6.84485666, -173.97759898,    7.89448392,
          4.05516668, -357.70608372]), array([  -9.95576473,    6.73206392, -183.01925471,  -36.63018894,
         17.88864619, -362.84208976])
38, array([ 1.62227875e+00,  6.04243478e+00, -1.75815576e+02, -4.27855944e-02,
       -1.09596665e+01, -3.60959267e+02]), array([   0.66548949,    7.17796185, -174.64380556,   -3.09797522,
          5.49862076, -358.59436928]), array([  -8.84541536,    5.51067933, -184.1295889 ,  -31.5225849 ,
          9.33895646, -365.61796317])
39, array([ 1.62227875e+00,  6.04243478e+00, -1.75815576e+02, -4.27855944e-02,
       -1.09596665e+01, -3.60959267e+02]), array([-1.33945301e-01,  6.17487955e+00, -1.76321136e+02, -6.04986334e+00,
        5.93823969e-01, -3.59602966e+02]), array([  -8.84039116,    5.5051527 , -184.13461304,  -31.49947357,
          9.30027008, -365.63052368])
