0, array([  -5.40112309,   14.43875537, -174.26821098,    6.43387117,
          6.98099337, -355.55086853]), array([  -9.62173843,   11.532691  , -174.42359924,  -12.18902302,
         10.30485916, -353.46380615]), array([  -8.5055275 ,   12.9837656 , -174.42359924,   -8.6171484 ,
         11.64431286, -354.13354492])
1, array([   2.33795222,   17.29692615, -173.53541305,   18.01653934,
         11.29787063, -354.39670331]), array([  -1.99030543,   13.90034849, -175.08526878,    5.54709138,
         16.61844374, -352.77701552]), array([   2.79181679,   16.3479744 , -174.08270077,   19.66870801,
         25.41138836, -351.33347164])
2, array([  12.57532143,   22.92556346, -168.4641569 ,   36.46362938,
         25.93933974, -347.80347815]), array([   7.11455969,   19.11898918, -173.30871283,   27.6430425 ,
         30.4978108 , -349.00180947]), array([   8.01045913,   19.79005629, -172.75027243,   29.77288609,
         33.73900859, -349.22381999])
3, array([  23.13934747,   27.59886393, -162.63154585,   55.32916782,
         43.88791452, -338.35260879]), array([  10.60470696,   24.04806874, -170.50471906,   31.8026654 ,
         52.54787694, -344.17708952]), array([  12.50561464,   24.28596638, -170.38722424,   34.95233628,
         53.68544074, -344.05540786])
4, array([  30.24672202,   28.72992041, -159.0152765 ,   66.61008848,
         61.22246068, -329.77657314]), array([  16.71162941,   27.71222392, -167.28468769,   35.24474729,
         65.87206932, -338.29223182]), array([  19.50081696,   31.83634244, -165.6127159 ,   44.83445245,
         72.67241184, -335.50572382])
5, array([  31.34270687,   29.9054751 , -157.89202327,   65.01317392,
         79.21158094, -324.58125172]), array([  24.20782703,   28.06132283, -160.46190367,   51.01631835,
         67.70791088, -331.90019268]), array([  24.43609304,   28.39049049, -161.46818651,   53.36303786,
         75.72520423, -330.34420852])
6, array([  27.05503487,   33.16028323, -158.41766409,   53.25082456,
         94.55489859, -323.76594272]), array([  26.98370044,   30.94823004, -157.46395128,   60.23221276,
         77.59002326, -325.01600234]), array([  28.8774905 ,   29.38980416, -159.02539362,   63.46721784,
         79.16729182, -325.6807169 ])
7, array([  19.34431268,   33.95506767, -162.56458471,   35.49538558,
         97.16367902, -330.17903042]), array([  25.74632166,   29.82799973, -157.80409607,   53.40499073,
         86.750742  , -324.57053498]), array([  27.42013564,   30.39138062, -157.80434727,   60.42330156,
         87.88981305, -323.7829131 ])
8, array([  10.80034038,   32.31972866, -168.41665785,   17.15965611,
         84.61067928, -342.69848742]), array([  18.75112028,   25.16453088, -163.13377909,   36.08353988,
         80.31071721, -331.89885293]), array([  20.20286477,   28.0596481 , -163.2450622 ,   36.994933  ,
         91.55395685, -328.33532729])
9, array([   2.74078938,   30.9364827 , -170.68526192,    1.33416415,
         70.32002856, -353.64729379]), array([   8.55089519,   26.60321435, -168.62147035,    9.85149599,
         77.05595025, -336.82775357]), array([   5.4295245 ,   26.27119583, -169.17771838,   -1.742361  ,
         81.63927845, -335.93142929])
10, array([  -4.904657  ,   30.89089505, -170.08448581,  -16.7163418 ,
         66.72373514, -355.5695203 ]), array([  -5.77261085,   27.71356371, -170.06491542,  -30.23211779,
         78.16629961, -333.829786  ]), array([  -6.22914335,   29.26914063, -169.39979736,  -32.05490022,
         87.30205717, -330.71279335])
11, array([ -12.00684357,   31.60994478, -167.62061589,  -39.77317094,
         74.3783639 , -345.19300486]), array([ -16.32218606,   31.17633048, -168.39512077,  -57.96037326,
         85.53027423, -322.09704107]), array([ -16.10154009,   34.07655374, -167.50358469,  -55.73640879,
         93.89691579, -319.86235831])
12, array([ -18.14457719,   30.29574639, -165.63514121,  -65.43044206,
         76.63593269, -330.80799544]), array([ -20.54151402,   28.95562986, -167.1737395 ,  -66.84316817,
         75.98127273, -320.43151702]), array([ -23.76294995,   29.30204919, -168.16979128,  -75.83372166,
         77.79685   , -315.19889704])
13, array([ -21.19624191,   26.25089838, -165.75106088,  -83.76850719,
         63.13309276, -324.16905111]), array([ -26.14166069,   23.81101227, -166.2752533 ,  -82.17544556,
         60.19948959, -317.63345337]), array([ -28.82056618,   24.25749588, -167.05659485,  -87.31002045,
         61.09246063, -314.17318726])
14, array([ -21.15221898,   22.22595789, -167.1309631 ,  -91.13186272,
         47.36022864, -324.32249876]), array([ -28.7009056 ,   18.3260025 , -167.39548356,  -91.31832833,
         46.19962153, -318.22270888]), array([ -28.58074449,   19.43216503, -167.40151258,  -90.18352786,
         48.54718601, -317.78528017])
15, array([ -18.22267439,   18.24679967, -169.84112851,  -85.55624767,
         37.43703556, -328.05814244]), array([ -26.92434775,   14.88392061, -168.28375394,  -89.09762201,
         35.76233826, -325.10686887]), array([ -24.91659121,   13.7693844 , -169.62219613,  -83.85453496,
         38.88714502, -326.66804473])
16, array([ -13.48484112,   13.26794246, -172.70340166,  -65.83888679,
         26.77373768, -338.41317594]), array([ -19.64042243,   11.62337867, -171.85294329,  -71.60979766,
         34.03242066, -335.41594584]), array([ -16.18268176,    9.60624361, -171.63263797,  -63.12701246,
         32.78156406, -338.42722764])
17, array([  -9.46744331,    7.57080025, -174.16094176,  -42.1042692 ,
         12.12818934, -352.84800545]), array([ -12.42315156,    6.07163185, -170.9646729 ,  -52.17868378,
         21.37444056, -344.63185164]), array([  -9.63161937,    1.94483256, -171.52160607,  -43.80693427,
         14.01665866, -346.97691168])
18, array([  -9.14848593,    2.8917466 , -172.80133746,  -29.27051423,
         -0.68321994, -360.4608808 ]), array([  -9.40452568,   -0.53444548, -171.85595783,  -43.00582323,
          2.33320406, -348.99695278]), array([  -9.40821009,   -3.98498513, -172.52033737,  -39.78823918,
         -1.89901901, -348.99226346])
19, array([-1.20566834e+01, -2.96754933e-01, -1.69892734e+02, -2.94666066e+01,
       -1.45552897e+01, -3.59409968e+02]), array([ -11.40315491,   -4.53170264, -171.74494111,  -46.11480372,
        -13.10065135, -348.33076137]), array([ -12.62822344,   -4.76223002, -170.63273434,  -49.33724068,
        -14.22389808, -346.77156473])
20, array([ -17.04205358,   -2.30545219, -166.3150116 ,  -39.91065948,
        -35.04006225, -351.86455344]), array([ -12.9716273 ,   -7.11305452, -169.1733641 ,  -48.00105938,
        -29.1458709 , -345.4195572 ]), array([ -15.09142343,   -8.0032613 , -169.39762022,  -48.10338265,
        -37.62003312, -344.08312469])
21, array([ -21.80997492,   -3.00705383, -162.55163019,  -53.57542798,
        -58.90246456, -338.74443854]), array([ -13.52680198,   -9.33375325, -167.39682333,  -39.89550674,
        -50.57561401, -342.0885091 ]), array([ -15.20245913,   -9.00257592, -168.06519188,  -35.88953964,
        -55.05251586, -342.08448976])
22, array([ -23.4139932 ,   -3.33673946, -160.77587027,  -60.96206642,
        -77.79328694, -326.92802137]), array([ -12.18718081,   -9.45156973, -167.05659485,  -29.38620796,
        -64.06259065, -341.62361485]), array([ -14.86776294,   -7.89222512, -168.61979564,  -34.74770525,
        -68.08781339, -340.61281018])
23, array([ -20.43628029,   -5.22219048, -160.77085544,  -55.04425514,
        -92.01401235, -320.25662371]), array([ -10.9657967 ,   -9.11846738, -167.05659485,  -34.382782  ,
        -82.49439466, -336.07186803]), array([ -14.75672724,   -9.77981914, -168.95290652,  -42.18704372,
        -91.07205435, -330.95277678])
24, array([ -13.77902057,   -7.24740879, -162.26006231,  -39.87830202,
        -96.7300081 , -321.03441389]), array([ -10.51185956,  -12.02019696, -166.83284109,  -34.94767015,
       -103.54933017, -325.4470974 ]), array([ -15.19810482,  -10.90281275, -168.50665508,  -41.75546524,
       -100.1960081 , -326.2317047 ])
25, array([  -5.58233601,   -8.6383595 , -163.82786097,  -21.53878586,
        -88.39507264, -329.36201791]), array([  -6.73667201,  -13.13054632, -166.1666345 ,  -18.95863626,
       -104.43760815, -325.6691612 ]), array([  -8.98014762,  -10.45867281, -167.17424191,  -24.32298249,
        -94.86633267, -330.78414924])
26, array([   2.17939426,  -10.37586376, -163.21952079,   -5.11359863,
        -74.09674401, -340.68841233]), array([  -2.47798848,  -12.2426033 , -165.60551453,   -6.71958971,
        -95.73518372, -332.25582886]), array([  -2.58960938,  -16.14934158, -165.94038391,   -6.71958971,
        -97.96760559, -333.59527588])
27, array([   8.02477994,  -13.05185087, -160.7687962 ,    7.52950785,
        -66.99804324, -346.71566502]), array([   1.67560597,  -16.5002808 , -163.14382748,   -1.66498824,
        -87.91266359, -338.84598291]), array([   1.43327182,  -20.50407073, -163.81909286,   -5.94829084,
        -93.01658321, -339.29898671])
28, array([  12.67980636,  -16.64316889, -155.59022315,   19.34158481,
        -73.81433959, -341.70015833]), array([   6.8942482 ,  -20.05340029, -161.81139914,    5.3302129 ,
        -85.91403625, -339.8452852 ]), array([   2.4325862 ,  -20.83717402, -163.70804578,   -8.1689891 ,
        -84.24482779, -341.7417796 ])
29, array([  17.53668944,  -17.86888007, -151.15095804,   34.04728598,
        -85.22296633, -329.18812707]), array([   8.12559603,  -24.17852174, -160.25022327,    1.6210096 ,
        -87.66580608, -338.73527079]), array([   7.91114658,  -21.94568118, -160.69461728,    2.78871877,
        -84.99820128, -339.06260385])
30, array([  22.93949653,  -13.7356538 , -151.25315471,   51.68049526,
        -84.8430158 , -318.9854098 ]), array([   8.01456223,  -22.1798944 , -160.91642986,   -6.59557529,
        -79.00507497, -340.17873104]), array([  10.13184531,  -19.83601815, -160.80564918,    8.22943132,
        -79.33542255, -338.50742916])
31, array([  27.74217853,   -6.86999364, -154.41881356,   66.21408086,
        -69.57458276, -317.02751619]), array([  13.73219042,  -15.1162801 , -160.02748958,   12.23146202,
        -64.76656706, -341.18180148]), array([  13.05978448,  -11.66808447, -161.47153598,   12.12285469,
        -64.89493246, -340.84562277])
32, array([  30.67453495,   -0.83910821, -157.95953245,   75.03234123,
        -49.80813244, -320.64366761]), array([  22.05981066,   -5.67830955, -161.02679187,   41.10054456,
        -48.33339418, -339.96043539]), array([  20.49912579,   -6.22737145, -160.13909246,   41.99125089,
        -54.0135102 , -339.18009872])
33, array([  30.27030059,    2.9928338 , -161.15683231,   76.11495852,
        -35.34838375, -326.16917722]), array([ 2.52120831e+01, -1.75464872e-01, -1.60364102e+02,  6.01773682e+01,
       -4.34558135e+01, -3.38171471e+02]), array([  28.99916077,   -0.95279342, -160.25424264,   74.99534287,
        -38.99699878, -335.27612371])
34, array([  24.59883768,    6.32233699, -165.49529442,   66.46204044,
        -25.70807382, -333.60317238]), array([  28.76520066,    5.15421111, -162.47376905,   76.05536642,
        -25.46815416, -338.06045452]), array([  28.99916077,    6.15344294, -163.14114795,   78.65950184,
        -23.67417717, -338.16301384])
35, array([  15.74445811,   10.6347451 , -169.76558148,   49.30555291,
        -15.77404957, -342.64991396]), array([  25.30343872,   15.77546526, -165.72115194,   73.39755879,
         -3.42386514, -340.63290701]), array([  21.28558101,   13.54538801, -166.72741959,   62.79908151,
         -8.99554203, -343.97956062])
36, array([   7.05096462,   15.28805847, -172.41417289,   32.1841116 ,
         -5.75414363, -349.72499156]), array([  17.19788798,   16.55271039, -168.38599345,   55.63196896,
         -2.97972544, -344.29706598]), array([  13.51313546,   15.87712149, -170.50262564,   48.69764686,
         -2.33344537, -346.31127607])
37, array([   0.63864953,   18.76677691, -173.52850726,   19.55163294,
          2.59489612, -353.66746475]), array([   5.99391071,   18.90278126, -171.41023923,   27.29838164,
          3.95602231, -349.22323384]), array([   3.87252358,   19.45929573, -173.19649339,   25.39873001,
          5.39771768, -349.89327705])
38, array([  -2.9281253 ,   21.18770872, -173.43776424,   11.42810951,
          8.73849606, -355.66618201]), array([  -8.99580619,   23.01107353, -171.96539873,   -7.78865667,
         21.94368188, -350.55564701]), array([ -11.8944375 ,   21.45792497, -174.19582603,  -12.46418219,
         10.94946451, -351.66984818])
39, array([  -2.9281253 ,   21.18770872, -173.43776424,   11.42810951,
          8.73849606, -355.66618201]), array([ -12.52388668,   22.24831581, -173.97709656,  -16.09576225,
         20.23913765, -351.11978149]), array([ -11.96578121,   21.46696854, -174.2003479 ,  -12.63550758,
         10.97458553, -351.67788696])
