0, array([   5.90595809,   18.76457226, -170.43318566,   -1.68956496,
         -0.80335706, -356.67824862]), array([  -1.02691412,   15.662673  , -174.53520203,  -19.55601501,
          6.50974178, -355.47299194]), array([  -2.36636734,   14.99294472, -174.75843811,  -20.56060791,
          7.73757458, -355.69622803])
1, array([  12.76529396,   20.62567119, -167.00914106,   17.58839805,
          6.63036326, -353.68053899]), array([   7.57279055,   18.00824511, -172.74735354,    9.81708002,
         20.13325795, -353.90734205]), array([   8.91166955,   17.22507949, -173.75070228,   14.05667221,
         17.22364585, -354.35496264])
2, array([  19.75121606,   22.29644973, -163.23921987,   37.49070745,
         15.83053843, -349.50359747]), array([  13.26632794,   19.79954272, -170.50977896,   29.35048336,
         26.84239069, -350.44142949]), array([  13.93605526,   16.8928017 , -170.06595597,   31.24765877,
         15.23532799, -352.22620034])
3, array([  25.67033104,   23.54371596, -160.00239207,   55.39135822,
         25.81833041, -344.69523989]), array([  16.62845481,   23.81072516, -166.37596123,   38.99286864,
         37.12808749, -345.40125381]), array([  17.30162553,   18.23656105, -167.48614291,   40.67321432,
         26.41045387, -346.51663393])
4, array([  29.4455325 ,   24.24030476, -157.95380987,   67.84112597,
         34.28645548, -340.37242853]), array([  24.10582358,   23.70130446, -162.12880286,   62.08685277,
         50.38563951, -335.35746085]), array([  26.11385522,   20.79111625, -160.90824724,   66.11019326,
         38.87947711, -336.13883282])
5, array([  31.34270687,   25.02353408, -156.58152796,   75.14587094,
         41.2163105 , -337.0027563 ]), array([  29.33737211,   24.25558183, -157.33743104,   75.99260281,
         52.94412231, -328.44873054]), array([  31.00834084,   19.02135362, -158.23278326,   81.45199067,
         38.80269101, -329.22815809])
6, array([  31.00617478,   27.41871287, -154.97591896,   76.11495852,
         50.89603238, -334.25008044]), array([  30.1117969 ,   23.81305392, -155.45667512,   76.2138611 ,
         52.94412231, -325.68292636]), array([  31.00834084,   21.344628  , -156.90520331,   79.34996891,
         46.76821235, -326.01983734])
7, array([  26.54902877,   33.06167481, -152.44533275,   64.86596737,
         71.15348571, -331.2205701 ]), array([  29.44813454,   24.47824942, -155.44799805,   73.76834756,
         58.61564479, -323.55725691]), array([  30.45230702,   25.35877721, -154.8973574 ,   77.22735429,
         61.2617881 , -322.22400015])
8, array([  19.50656708,   38.59056018, -150.46502329,   45.53464631,
         93.81201564, -327.80770766]), array([  30.78126712,   26.59547845, -153.77846677,   70.9766642 ,
         62.75497372, -323.32677936]), array([  28.11289271,   25.37370682, -155.78031535,   65.31015016,
         64.76606593, -324.76985395])
9, array([  10.32039105,   41.94670463, -150.08764486,   19.54644113,
        111.22582519, -325.04026652]), array([  18.75413566,   28.60670017, -157.89540892,   35.32139688,
         78.47386207, -327.22503347]), array([  16.07523018,   27.82445777, -157.56522899,   28.40334773,
         75.35874504, -329.12172316])
10, array([-1.39262415e-01,  4.06488884e+01, -1.52701628e+02, -8.87180021e+00,
        1.12623238e+02, -3.26022663e+02]), array([   6.13125526,   34.4083808 , -159.91054495,    1.80189437,
         95.22937175, -323.88807489]), array([   4.45579042,   33.85002012, -161.35956836,   -5.56458733,
         94.4453429 , -324.33620595])
11, array([  -9.05257075,   36.17407033, -156.37196173,  -33.44212938,
        102.30425188, -329.38218628]), array([  -4.59572626,   34.63819609, -162.14462565,  -28.81182725,
         98.7077742 , -320.75974332]), array([  -5.93527518,   37.98571237, -162.59138493,  -32.71955446,
        102.50157887, -318.63965795])
12, array([ -16.09819828,   30.23036848, -159.9118199 ,  -53.26043605,
         85.58416047, -333.86631842]), array([ -16.76803974,   35.08353127, -162.25766259,  -62.08837764,
        106.85423799, -307.58653411]), array([ -15.4286508 ,   36.08716332, -163.26249544,  -55.95132293,
        104.62200752, -311.60407625])
13, array([ -20.15134352,   24.72353161, -162.56102467,  -65.34844363,
         67.93308704, -338.69641356]), array([ -21.23479754,   32.95086413, -163.59937456,  -70.34951433,
        101.79108608, -305.81662913]), array([ -20.00585012,   32.28273185, -165.04949784,  -67.89033965,
         99.89496912, -308.38532543])
14, array([ -20.41140575,   20.67266598, -164.51876649,  -67.17806044,
         52.78747307, -343.74444316]), array([ -24.36159409,   23.80003837, -165.7181534 ,  -74.48686541,
         71.65180334, -316.30549066]), array([ -22.34833071,   24.24448033, -166.50051582,  -69.56583639,
         70.73944039, -319.88935426])
15, array([ -18.0937998 ,   16.90441645, -166.36379593,  -61.49716918,
         38.29149628, -348.95669937]), array([ -26.91598978,   18.99832121, -166.16642729,  -80.23717995,
         52.07399304, -321.37134643]), array([ -23.1226279 ,   18.55323933, -167.39532423,  -71.09267818,
         42.72027633, -330.17080251])
16, array([ -13.19900083,   12.21904859, -168.06915562,  -48.05603792,
         21.65158556, -354.23769747]), array([ -24.64949779,   14.84738226, -167.06865335,  -67.22086831,
         23.78999036, -338.67089482]), array([ -21.41963262,   14.84872209, -168.62643899,  -60.75756507,
         21.57052023, -341.56010376])
17, array([  -5.54850469,    6.45046893, -169.15554089,  -26.48628409,
          2.40027143, -357.09320511]), array([ -14.38239825,    6.36015934, -170.07795069,  -39.96522844,
         -9.34488755, -351.80142078]), array([ -12.91939368,    6.70153077, -170.41065081,  -36.14299249,
         -8.32023284, -351.46658177])
18, array([   2.26718213,    0.46708226, -168.94264422,   -3.97249991,
        -17.75900711, -356.64789335]), array([  -6.41688259,   -1.38409296, -171.62680406,  -13.63476943,
        -33.02017058, -354.23535266]), array([-2.51997001e+00,  2.84864014e-01, -1.71516972e+02, -4.28092890e+00,
       -2.79021261e+01, -3.53900483e+02])
19, array([   9.72621245,   -4.8401141 , -167.31892786,   17.9413969 ,
        -36.30890384, -352.60768946]), array([  -0.59867696,   -3.64075937, -169.63018724,    2.27188956,
        -40.0145023 , -353.02119403]), array([   3.41933143,   -3.30168551, -170.18620247,   14.5410867 ,
        -33.54468749, -352.12997372])
20, array([  14.23766733,   -9.02027183, -163.90613647,   31.79046509,
        -52.09616259, -344.22141994]), array([   6.88108496,   -7.32285078, -168.9556938 ,   21.81074843,
        -50.5046475 , -348.67404613]), array([   9.89715098,   -6.98798807, -167.1751035 ,   24.95706639,
        -47.14886889, -348.0038274 ])
21, array([  14.4560366 ,  -12.73418956, -159.92208801,   32.37168236,
        -67.31922452, -334.94298815]), array([  13.92026434,  -13.0158149 , -164.04983438,   34.33910726,
        -68.80833684, -340.86181223]), array([  12.58703131,  -13.34972249, -163.93583899,   25.09226108,
        -70.02962615, -340.30351681])
22, array([  11.827556  ,  -16.40955674, -155.88483705,   24.42161498,
        -83.1618549 , -325.39101381]), array([  13.4840828 ,  -15.58976867, -163.03881273,   12.8264159 ,
        -84.34096219, -336.38832479]), array([  11.8099578 ,  -16.25930269, -161.36537431,    4.78899476,
        -86.23813949, -335.60714132])
23, array([   6.11133081,  -19.49554487, -152.31648433,    7.48453748,
        -97.78893119, -316.20282196]), array([   5.22444163,  -20.61469575, -159.35470443,  -27.81527528,
        -98.41574423, -330.02264136]), array([   9.24177999,  -20.05649458, -160.0246346 ,  -11.29729802,
        -94.17468651, -332.25499943])
24, array([  -1.62752775,  -20.0266904 , -151.05796844,  -16.40057131,
       -103.18222807, -311.34264413]), array([   7.2357262 ,  -22.3966764 , -159.24350109,  -25.34423538,
       -104.20894114, -327.34945898]), array([   7.67532018,  -21.5051109 , -160.58333094,  -15.64889392,
       -101.87306784, -329.35558226])
25, array([  -9.2719975 ,  -17.9533915 , -151.82660745,  -40.5984615 ,
        -98.46071163, -310.85771399]), array([   9.55252565,  -19.37585716, -159.58601145,  -11.34987063,
        -95.93163071, -331.70665563]), array([   3.97705433,  -19.70826255, -161.25967316,  -15.34835559,
       -100.72128745, -331.04339271])
26, array([ -16.5504249 ,  -13.37068131, -154.30590288,  -64.28166278,
        -83.66371293, -314.65440485]), array([  -2.7411066 ,  -14.12484815, -163.60495725,  -38.29850291,
        -82.5020085 , -336.17468948]), array([  -5.52302071,  -13.23283509, -164.94057619,  -32.36886912,
        -82.29120612, -338.74035518])
27, array([ -21.51853142,   -7.82044721, -157.47912056,  -81.83593368,
        -63.05980772, -321.80417412]), array([ -16.69450941,   -8.75663464, -166.61385504,  -73.89178229,
        -60.83682268, -340.40210114]), array([ -16.46007041,   -8.21221464, -166.61095202,  -63.18860545,
        -64.97177741, -342.41250068])
28, array([ -23.4139932 ,   -3.99420631, -160.0339806 ,  -90.28450171,
        -47.07791415, -327.98071091]), array([ -27.6009019 ,   -1.85775587, -167.61470032,  -97.48642224,
        -41.3409976 , -339.84297642]), array([ -24.34806813,   -4.98518912, -166.83946851,  -90.08931109,
        -46.83901739, -342.19417733])
29, array([ -22.81686206,   -2.1867567 , -162.38068242,  -91.13186272,
        -38.27783664, -333.13617278]), array([ -29.37101545,   -0.97269898, -167.61470032, -101.57981394,
        -33.81801174, -339.17920156]), array([ -22.68858562,   -4.54266026, -168.16706359,  -87.65540946,
        -45.51142987, -343.07924072])
30, array([ -19.34585829,   -1.31557913, -165.66992138,  -82.93874102,
        -34.78853433, -339.38870657]), array([ -24.1504727 ,   -2.19249276, -169.17202412,  -88.91635156,
        -38.4574823 , -343.62586191]), array([ -18.0093985 ,   -4.65198526, -168.06155534,  -76.6322891 ,
        -54.62722468, -344.08420123])
31, array([-1.43364728e+01,  1.37668617e-01, -1.69463872e+02, -6.87614532e+01,
       -3.11442165e+01, -3.46953132e+02]), array([ -19.45645359,   -1.41736556, -169.51139147,  -82.8606805 ,
        -36.6922196 , -346.86984774]), array([ -19.66333026,   -4.31836478, -168.61785764,  -84.1651004 ,
        -50.65059466, -344.53300069])
32, array([  -9.02795259,    2.27591924, -172.95214173,  -52.98146976,
        -25.61155547, -354.31231597]), array([-1.33157622e+01,  3.32297875e-02, -1.72297995e+02, -6.57964359e+01,
       -2.85532544e+01, -3.53675397e+02]), array([ -12.75899656,   -5.76609074, -171.07074027,  -69.14162337,
        -48.74595256, -350.21704501])
33, array([  -3.80639155,    4.51379632, -175.4964378 ,  -36.89783953,
        -20.01728226, -359.98646276]), array([  -7.6174392 ,    3.82758217, -175.09091493,  -53.27630554,
        -19.95182711, -358.70568487]), array([  -9.51289291,   -6.21467933, -171.85562281,  -55.95578906,
        -53.53828897, -352.56882156])
34, array([  -3.80639155,    4.51379632, -175.4964378 ,  -36.89783953,
        -20.01728226, -359.98646276]), array([  -6.71958971,    4.94704723, -176.54438782,  -52.03775406,
        -17.04230881, -360.71920776]), array([  -9.51011753,   -6.21506214, -171.85629272,  -55.94449615,
        -53.54240417, -352.5708313 ])
