0, array([   6.28561241,   16.05185563, -171.6391602 ,   -8.70183529,
         -2.30102622, -356.80572966]), array([   3.32630849,   14.3232193 , -173.41899109,  -13.64009762,
         10.08161736, -353.01733398]), array([   4.10765648,   14.76970291, -172.74926758,  -10.29146481,
         13.31862926, -353.57543945])
1, array([   7.9807607 ,   15.87117066, -171.38201059,   -3.63869357,
         -4.48362137, -356.6610627 ]), array([   6.01074179,   14.3207072 , -171.29920733,   -7.80816752,
         10.40341808, -353.24107254]), array([   7.90377774,   13.88376862, -172.30026812,    3.54000454,
         10.3204342 , -353.90779674])
2, array([  10.44819442,   16.3298293 , -170.10741594,    4.86901096,
         -5.36456004, -355.71206798]), array([   7.23212543,   13.76553251, -171.52127113,   -1.70124625,
          7.51650945, -353.35211962]), array([   8.12584724,   15.43825792, -171.74510861,    1.43034104,
         13.76251704, -353.35262205])
3, array([  14.24600929,   17.66807482, -167.1003266 ,   18.0084567 ,
         -1.55944998, -352.97523437]), array([  10.1552916 ,   15.11126647, -170.95035394,   12.65324425,
          9.97837013, -352.11431077]), array([  12.05243113,   19.10910825, -170.28900411,   13.98892883,
         19.78344299, -351.78279087])
4, array([  18.34247921,   19.23672655, -163.71568597,   32.05285624,
          4.32398985, -349.53311181]), array([  15.48496893,   16.88782526, -167.50827395,   29.19744902,
         12.19906886, -349.44948443]), array([  17.27107276,   15.44495686, -169.06762284,   29.53381804,
         17.34067287, -350.00625011])
5, array([  22.88856982,   21.06133768, -159.99722001,   47.36582892,
         12.90262024, -345.27400578]), array([  19.97191918,   18.23732641, -163.92652411,   42.43656143,
         20.71744123, -345.07480689]), array([  20.53270423,   19.13196838, -167.04286203,   41.33475702,
         23.63097862, -346.18535418])
6, array([  26.70815012,   22.68103398, -157.45441063,   60.18015995,
         22.46561047, -341.17656424]), array([  24.63538614,   20.68009464, -162.37203197,   56.64903557,
         31.26576019, -339.30099627]), array([  26.08445105,   22.12991318, -162.49043267,   60.32173192,
         37.95448277, -338.52392535])
7, array([  29.93038579,   23.68191091, -155.92988418,   71.04105749,
         30.47994055, -337.62122777]), array([  28.66982183,   20.24265269, -157.23192283,   70.20366845,
         33.75081548, -333.80918675]), array([  31.34747316,   23.47715344, -157.11804389,   76.23095936,
         41.45518229, -332.02301632])
8, array([  31.34270687,   25.05663107, -155.19769258,   76.11495852,
         39.10996023, -334.90532694]), array([  31.11259195,   21.79714294, -156.34365245,   77.42093932,
         36.1935856 , -329.70093053]), array([  33.23506671,   23.92129243, -155.23045604,   83.33719833,
         45.00830177, -327.80371302])
9, array([  30.51990321,   27.94502144, -154.1672957 ,   74.21649487,
         51.32626346, -332.74367943]), array([  33.01886069,   22.47423719, -152.87869711,   85.2578698 ,
         41.45903418, -325.2221866 ]), array([  34.46892854,   26.37829781, -151.98774719,   86.81386161,
         52.62349199, -324.10761993])
10, array([  28.18804248,   32.14920849, -152.94204164,   67.59449814,
         68.46851787, -330.41202046]), array([  33.90713866,   24.25079694, -151.54628395,   86.36821917,
         49.34251922, -324.22288432]), array([  34.69099614,   26.37829781, -151.98774719,   83.4828211 ,
         62.06146159, -324.21869737])
11, array([  23.14050019,   36.92276924, -152.56281224,   52.12791701,
         89.16102403, -328.89068747]), array([  29.21486436,   27.05246127, -153.21859069,   65.47564618,
         65.35072428, -329.01971992]), array([  28.65675889,   27.60855706, -156.00802947,   64.3625335 ,
         71.9298404 , -328.46295425])
12, array([  17.15278362,   40.06345655, -153.32721898,   33.57562305,
        104.7909869 , -328.7460304 ]), array([  19.22172197,   32.93731518, -157.21584537,   34.16379258,
         87.44667208, -330.24108601]), array([  18.66361651,   30.82857136, -158.56183908,   37.15897027,
         85.36506467, -331.46089146])
13, array([  10.1227466 ,   41.13011681, -155.28106164,   11.63441081,
        113.10572497, -330.29619257]), array([  12.36761665,   35.19636536, -159.57797241,   14.93490314,
         94.69039917, -330.46987915]), array([   5.5587306 ,   36.64743805, -160.69419861,    1.42875004,
        102.72711945, -329.01879883])
14, array([   2.57719311,   38.64045451, -158.71390272,  -11.18915882,
        106.31463411, -334.17526843]), array([   4.28166155,   34.08517862, -161.48208678,   -4.40309651,
         87.32140037, -334.58327361]), array([  -3.28646646,   37.31013149, -162.60128191,  -24.65935343,
        106.81691543, -326.45201004])
15, array([  -4.49775872,   34.42854487, -161.81086418,  -32.47223472,
         92.32210242, -338.27408277]), array([  -6.5997626 ,   35.19552799, -162.92551667,  -35.15977306,
         86.87726518, -330.91911464]), array([  -9.28235299,   35.75564314, -164.71096392,  -42.42494517,
         97.93412051, -326.56305712])
16, array([ -11.10307951,   28.88284962, -164.04353465,  -52.19645668,
         72.21089827, -342.19472581]), array([ -13.76930324,   32.15831063, -162.71468878,  -58.57165156,
         81.99893087, -326.12001808]), array([ -13.6560076 ,   30.48524839, -165.94331467,  -61.46416719,
         81.8776755 , -326.6843734 ])
17, array([ -16.04348443,   23.0211831 , -164.66716106,  -67.43004809,
         51.08037514, -344.25190074]), array([ -18.43277019,   25.71828204, -165.71261082,  -74.44964596,
         61.23540003, -327.00827329]), array([ -17.87533462,   24.37832878, -166.72055316,  -74.78835198,
         58.56034643, -329.23818301])
18, array([ -19.99512744,   17.7797564 , -164.6670399 ,  -79.81944636,
         31.90373683, -344.92396079]), array([ -21.4575945 ,   18.10627763, -166.27726292,  -84.75612709,
         37.60881897, -331.03568842]), array([ -21.2387051 ,   18.55879029, -167.61403044,  -83.97879725,
         39.41016479, -331.25021584])
19, array([ -22.41909392,   13.36479913, -164.17194309,  -87.72614917,
         15.37338338, -344.38308508]), array([ -22.79001336,   14.10902011, -166.94345433,  -89.19753214,
         23.28531292, -333.58949803]), array([ -24.01458041,   16.56016296, -167.39196664,  -89.75261547,
         30.19426468, -330.91710496])
20, array([ -23.35497663,    9.62945461, -163.75661167,  -90.84378388,
          1.89251756, -342.87974427]), array([ -23.68273127,   10.18168259, -166.94496155,  -91.32058924,
          8.14688002, -336.05947496]), array([ -24.90805006,   11.52138654, -166.61012268,  -91.75903032,
         15.61871025, -334.05631826])
21, array([ -23.4139932 ,    5.94890247, -163.33706989,  -91.13186272,
        -11.08786267, -340.94767059]), array([ -22.23927672,    5.07407522, -166.94496155,  -87.87850166,
         -8.2862919 , -339.83465066]), array([ -22.35424804,    6.52481487, -166.61012268,  -84.76383084,
         -3.81240364, -340.49635064])
22, array([ -21.7741369 ,    1.58732357, -162.63579497,  -85.90022027,
        -26.29174186, -337.51337424]), array([ -17.65175786,    1.70735622, -167.38844968,  -73.22834844,
        -16.61022792, -343.97721596]), array([ -18.54589931,    2.37691465, -166.72122306,  -74.46270889,
        -21.73994226, -343.19450418])
23, array([ -19.25483172,   -3.37455798, -161.57441286,  -77.37666243,
        -43.87549375, -332.54721269]), array([-1.32103604e+01, -6.92035188e-02, -1.65389800e+02, -6.16807120e+01,
       -2.61592332e+01, -3.44754424e+02]), array([ -14.88174697,    0.48932057, -166.38812735,  -67.24543802,
        -28.06893326, -343.08348746])
24, array([ -16.03051377,   -8.91385863, -160.10748852,  -66.2012427 ,
        -63.65803883, -325.75719187]), array([  -8.27801416,   -5.10328973, -165.38209573,  -54.7053589 ,
        -48.09206333, -342.18682827]), array([  -9.50417222,   -2.87279356, -165.49364528,  -54.48068785,
        -41.73117053, -343.19224327])
25, array([ -11.46305379,  -13.98314173, -158.40906923,  -49.12590568,
        -82.45411107, -318.61066717]), array([  -2.61523283,  -10.98814032, -165.1600471 ,  -39.71564248,
        -73.40803112, -337.85647789]), array([  -1.62069121,  -11.31144925, -165.16054958,  -37.60337978,
        -69.04576186, -339.97224226])
26, array([  -6.6681021 ,  -17.80006139, -156.87431943,  -31.17719212,
        -96.34733624, -312.95437866]), array([   3.66117191,  -15.92609787, -163.03823853,  -22.0116806 ,
        -88.36818695, -334.48822021]), array([   1.42875004,  -16.14934158, -163.26147461,  -27.25787163,
        -89.14954376, -334.8230896 ])
27, array([  -1.47534522,  -20.04954525, -155.61797512,  -11.71575774,
       -104.00467083, -309.55452256]), array([   6.2364957 ,  -18.27013969, -160.80581665,   -7.00270358,
        -98.00026293, -331.12401231]), array([   3.23176988,  -16.26849784, -162.80845569,  -18.8989346 ,
        -93.54998935, -333.5756814 ])
28, array([   3.15212934,  -19.88863957, -155.650377  ,    5.48955727,
       -101.39874964, -310.89340123]), array([   8.01305497,  -18.27013969, -160.80581665,    4.4338943 ,
       -105.2175338 , -327.68191714]), array([   7.00695768,  -17.93402189, -161.36499544,    2.97494916,
       -103.98726882, -329.24530066])
29, array([   7.13019063,  -18.46975929, -156.43528506,   20.12860755,
        -93.72599618, -314.260283  ]), array([   6.00730859,  -18.37967004, -159.58299665,   11.72887383,
       -103.85128338, -327.13045736]), array([   8.67616614,  -20.93732395, -160.80874741,   16.61968568,
       -109.74668433, -325.35330006])
30, array([  10.20713706,  -15.71366663, -158.23847436,   31.16465224,
        -81.42844153, -319.82443093]), array([   6.56248279,  -17.82449536, -160.915425  ,   19.94545837,
        -95.30159175, -329.57321989]), array([   6.56650216,  -17.82834725, -161.5859859 ,   19.3955572 ,
        -95.75628537, -330.1278084 ])
31, array([  11.72785332,  -11.99338352, -160.68143755,   36.56636099,
        -67.6469249 , -326.54230554]), array([   9.02668857,  -14.56453862, -161.26101264,   32.82341759,
        -76.4576339 , -334.16976329]), array([   8.58221274,  -14.80419284, -162.47879326,   30.93758061,
        -84.06227708, -333.05157315])
32, array([  12.40694   ,   -8.20130918, -163.22876492,   38.97614989,
        -54.585103  , -333.31348772]), array([  11.58049154,   -7.23623206, -164.14790278,   42.48345858,
        -50.36442762, -339.61049339]), array([  11.80222609,  -12.91660025, -162.03465048,   44.48384438,
        -62.74356776, -337.82608149])
33, array([  11.67285358,   -4.50779086, -165.87758309,   36.44126586,
        -42.81428148, -340.43411236]), array([   9.79932628,   -2.63992131, -164.71984   ,   35.12852372,
        -31.08873146, -345.43513222]), array([  12.25574454,   -2.63414348, -166.05853345,   42.49827998,
        -26.26993206, -345.54701676])
34, array([  10.0332839 ,   -1.45585455, -168.48531018,   30.66358085,
        -33.2447935 , -346.79371238]), array([   9.35518729,   -1.19646759, -167.93984102,   30.79816006,
        -23.20525211, -348.98824412]), array([  12.14470979,    1.36311321, -168.94545394,   39.38929948,
         -9.94779583, -349.21117573])
35, array([   7.90098916,    1.32612377, -171.07963763,   23.09283427,
        -24.38358405, -352.81723781]), array([ 1.12470514e+01, -1.82498758e-01, -1.68958852e+02,  3.24406546e+01,
       -1.55749902e+01, -3.51906985e+02]), array([  11.35783494,    4.84128743, -172.64200384,   32.21373027,
         -0.94140564, -354.24986744])
36, array([   5.54428764,    3.32524761, -173.15169688,   14.49041601,
        -18.46575359, -356.83334869]), array([   8.36014325,    3.14854894, -172.06782096,   20.00474398,
         -4.8046013 , -355.7932074 ]), array([   7.9157521 ,    8.72751068, -175.52890916,   17.33504955,
         17.26832431, -357.35882138])
37, array([   3.49161295,    4.85663447, -174.68200783,    6.92056839,
        -14.09446047, -359.44357818]), array([   3.65824113,    8.5195927 , -173.53161398,    3.54209796,
          5.17229872, -357.92923606]), array([   0.53268295,   10.41698249, -177.7753988 ,   -3.71570126,
         19.12702981, -360.49719721])
38, array([ 1.62227875e+00,  6.04243478e+00, -1.75815576e+02, -4.27855944e-02,
       -1.09596665e+01, -3.60959267e+02]), array([-2.27981694e-01,  9.40787162e+00, -1.74864042e+02, -6.34001062e+00,
        7.83713739e+00, -3.58706475e+02]), array([  -3.57560938,   11.08319286, -181.99473246,  -16.8178239 ,
         24.56774094, -362.16272126])
39, array([ 1.62227875e+00,  6.04243478e+00, -1.75815576e+02, -4.27855944e-02,
       -1.09596665e+01, -3.60959267e+02]), array([  -1.13853514,    7.40271091, -176.54438782,   -8.39390564,
          3.16110921, -359.60296631]), array([  -3.59419894,   11.08620739, -182.01382446,  -16.87710953,
         24.59235954, -362.17025757])
