0, array([  -5.40112309,   14.43875537, -174.26821098,    6.43387117,
          6.98099337, -355.55086853]), array([  -9.9566021 ,   13.43024921, -175.98628235,  -11.63091755,
         12.09079647, -353.12896729]), array([  -9.9566021 ,   11.75593376, -174.53520203,  -12.85875034,
          8.63054276, -353.57543945])
1, array([   2.33795222,   17.29692615, -173.53541305,   18.01653934,
         11.29787063, -354.39670331]), array([  -0.97918417,   13.12603416, -173.96403364,    7.33353063,
         18.18415472, -352.66337273]), array([  -4.69634234,   14.32723866, -173.86296641,   -1.43471207,
         12.00580386, -352.00823448])
2, array([  12.57532143,   22.92556346, -168.4641569 ,   36.46362938,
         25.93933974, -347.80347815]), array([   9.56913432,   19.89916604, -171.07712833,   29.54051698,
         32.72973025, -348.44406943]), array([  -1.58736398,   15.21551758, -173.30779173,    7.1149779 ,
         17.89065587, -351.00890184])
3, array([  23.13934747,   27.59886393, -162.63154585,   55.32916782,
         43.88791452, -338.35260879]), array([  14.17155831,   26.60781986, -168.82494454,   36.05138496,
         54.21172625, -343.0612972 ]), array([   4.02157504,   20.24457863, -171.85210589,   17.66446842,
         33.79427487, -348.65069516])
4, array([  30.24672202,   28.72992041, -159.0152765 ,   66.61008848,
         61.22246068, -329.77657314]), array([  18.94605906,   28.27334201, -164.16146811,   41.38106039,
         64.76004522, -337.28745622]), array([  10.79470527,   21.68803319, -170.74175652,   31.09969649,
         46.78536775, -345.09758326])
5, array([  31.34270687,   29.9054751 , -157.89202327,   65.01317392,
         79.21158094, -324.58125172]), array([  25.21107822,   27.61349753, -160.9070513 ,   56.7019572 ,
         66.48443621, -330.67301841]), array([  16.39334562,   25.05090126, -167.94520011,   37.14314477,
         59.35575957, -340.83322965])
6, array([  27.05503487,   33.16028323, -158.41766409,   53.25082456,
         94.55489859, -323.76594272]), array([  27.54280885,   30.05626575, -157.46495612,   63.58612098,
         77.81000124, -324.01092223]), array([  18.83611385,   29.04816162, -166.50173987,   35.69968832,
         75.67789296, -335.05938867])
7, array([  19.34431268,   33.95506767, -162.56458471,   35.49538558,
         97.16367902, -330.17903042]), array([  24.85636895,   30.16537741, -159.14079501,   52.29305037,
         90.20947797, -323.34196762]), array([  20.62732752,   33.63090369, -162.92610285,   39.70976232,
         83.09311448, -331.24745255])
8, array([  10.80034038,   32.31972866, -168.41665785,   17.15965611,
         84.61067928, -342.69848742]), array([  19.19358644,   26.61225792, -163.24908159,   36.85919496,
         83.10324659, -330.33717469]), array([  20.51629183,   32.40952242, -162.70405423,   37.48905979,
         88.08969421, -329.5819285 ])
9, array([   2.74078938,   30.9364827 , -170.68526192,    1.33416415,
         70.32002856, -353.64729379]), array([   9.66342267,   24.9304052 , -166.7259123 ,    8.17165295,
         76.38991115, -336.82473908]), array([  14.59132991,   34.97630364, -163.48656816,   22.94817237,
         98.94088293, -327.67781405])
10, array([  -4.904657  ,   30.89089505, -170.08448581,  -16.7163418 ,
         66.72373514, -355.5695203 ]), array([  -7.1028535 ,   27.04006824, -169.50178571,  -35.576116  ,
         79.94302304, -331.82816694]), array([   8.81751359,   37.08596667, -164.70794942,    7.40328411,
        104.82573304, -326.67851176])
11, array([ -12.00684357,   31.60994478, -167.62061589,  -39.77317094,
         74.3783639 , -345.19300486]), array([ -16.76841846,   31.73410101, -166.83384594,  -59.85675725,
         86.42190167, -320.75859888]), array([   2.20549203,   38.76924291, -165.60660311,  -13.98618105,
        112.21768335, -322.76507458])
12, array([ -18.14457719,   30.29574639, -165.63514121,  -65.43044206,
         76.63593269, -330.80799544]), array([ -20.65464313,   29.06926329, -167.5000677 ,  -67.18506381,
         75.09634422, -320.425488  ]), array([  -3.901429  ,   40.10165987, -167.05006335,  -28.86486368,
        115.88182715, -318.87885181])
13, array([ -21.19624191,   26.25089838, -165.75106088,  -83.76850719,
         63.13309276, -324.16905111]), array([ -26.69976425,   24.81560135, -166.49847412,  -82.2870636 ,
         60.08787155, -317.41021729]), array([  -4.93365192,   38.76823807, -167.05659485,  -29.15542984,
        109.98249817, -321.31695557])
14, array([ -21.15221898,   22.22595789, -167.1309631 ,  -91.13186272,
         47.36022864, -324.32249876]), array([ -28.69839349,   19.77255531, -167.17775883,  -90.64708996,
         44.97480706, -318.77980954]), array([  -7.17913769,   35.85252352, -166.72875936,  -36.77882624,
        105.62073131, -321.64629827])
15, array([ -18.22267439,   18.24679967, -169.84112851,  -85.55624767,
         37.43703556, -328.05814244]), array([ -26.36666097,   15.33115785, -169.28741048,  -88.09328794,
         35.20373038, -325.44190573]), array([ -10.06604584,   32.85458252, -168.28325151,  -44.10712902,
        103.73313587, -320.42490183])
16, array([ -13.48484112,   13.26794246, -172.70340166,  -65.83888679,
         26.77373768, -338.41317594]), array([ -19.63958506,   12.28305568, -171.52353202,  -70.15830628,
         33.69211601, -335.41594584]), array([ -12.42775708,   29.92965501, -169.626383  ,  -47.61059185,
         95.40518525, -322.11002029])
17, array([  -9.46744331,    7.57080025, -174.16094176,  -42.1042692 ,
         12.12818934, -352.84800545]), array([ -12.20024374,    4.06647114, -172.0787067 ,  -50.6161567 ,
         19.59067946, -344.63185164]), array([ -16.53605125,   24.48894389, -170.29260476,  -57.60373613,
         77.75062732, -325.21900458])
18, array([  -9.14848593,    2.8917466 , -172.80133746,  -29.27051423,
         -0.68321994, -360.4608808 ]), array([-9.07267654e+00, -1.75892726e+00, -1.72412389e+02, -4.14521760e+01,
       -2.19678577e-01, -3.48882335e+02]), array([ -20.68194132,   21.3419488 , -170.29360962,  -66.23439737,
         66.40404892, -325.6755252 ])
19, array([-1.20566834e+01, -2.96754933e-01, -1.69892734e+02, -2.94666066e+01,
       -1.45552897e+01, -3.59409968e+02]), array([ -12.07062039,   -4.6458366 , -171.74619716,  -47.55909375,
        -10.87903247, -347.21681137]), array([ -23.90195372,   16.90055324, -170.29360962,  -73.11855736,
         51.08122921, -327.45209633])
20, array([ -17.04205358,   -2.30545219, -166.3150116 ,  -39.91065948,
        -35.04006225, -351.86455344]), array([ -13.41509734,   -7.67266726, -168.50539905,  -48.44477969,
        -28.69788002, -344.52786891]), array([ -27.14574735,   12.41460688, -169.62562934,  -82.17795766,
         35.82715128, -328.02449032])
21, array([ -21.80997492,   -3.00705383, -162.55163019,  -53.57542798,
        -58.90246456, -338.74443854]), array([ -12.63785317,  -10.55957731, -167.50609676,  -39.11784578,
        -49.46141276, -341.7519955 ]), array([ -26.92367786,    7.52906996, -170.402883  ,  -83.28830702,
         18.61673803, -332.57693486])
22, array([ -23.4139932 ,   -3.33673946, -160.77587027,  -60.96206642,
        -77.79328694, -326.92802137]), array([ -11.96343658,   -9.22933371, -166.61112749,  -30.39130137,
        -63.06151469, -341.73390835]), array([ -23.57102568,    0.8060127 , -169.95974507,  -78.04044697,
         -2.33980936, -338.84581551])
23, array([ -20.43628029,   -5.22219048, -160.77085544,  -55.04425514,
        -92.01401235, -320.25662371]), array([ -10.40894823,   -9.56243985, -167.2773189 ,  -35.72098059,
        -83.82504933, -335.29387597]), array([ -21.35032695,   -6.52229173, -170.62595165,  -74.70939129,
        -23.21437827, -341.732736  ])
24, array([ -13.77902057,   -7.24740879, -162.26006231,  -39.87830202,
        -96.7300081 , -321.03441389]), array([ -10.62272779,  -10.23509701, -166.38569902,  -35.39189287,
       -101.3184993 , -326.11583131]), array([ -18.65961458,   -9.00726517, -170.51577238,  -68.43241109,
        -37.14373922, -342.63776899])
25, array([  -5.58233601,   -8.6383595 , -163.82786097,  -21.53878586,
        -88.39507264, -329.36201791]), array([  -5.84822514,  -12.45579574, -164.83120687,  -16.40491797,
       -104.3164441 , -325.00545159]), array([ -14.10718143,  -11.2279639 , -169.07231213,  -50.33371037,
        -49.91275312, -344.19224595])
26, array([   2.17939426,  -10.37586376, -163.21952079,   -5.11359863,
        -74.09674401, -340.68841233]), array([  -2.36636734,  -13.13557053, -164.82417297,   -6.16148472,
        -94.84221649, -332.92553711]), array([ -10.40308666,  -12.91232967, -168.50765991,  -32.72730637,
        -67.16017914, -342.52493286])
27, array([   8.02477994,  -13.05185087, -160.7687962 ,    7.52950785,
        -66.99804324, -346.71566502]), array([ 1.78722711e+00, -1.69457596e+01, -1.64141371e+02,  1.23427765e-02,
       -8.60261643e+01, -3.38620204e+02]), array([  -7.59698333,  -12.91986598, -167.61319303,  -20.04981256,
        -84.07123998, -337.80874794])
28, array([  12.67980636,  -16.64316889, -155.59022315,   19.34158481,
        -73.81433959, -341.70015833]), array([   7.0058691 ,  -20.27680766, -161.25448122,    7.67375421,
        -86.47029952, -339.0643623 ]), array([  -4.15490049,  -14.58538908, -167.28008215,   -5.83733936,
        -96.50715438, -331.59077936])
29, array([  17.53668944,  -17.86888007, -151.15095804,   34.04728598,
        -85.22296633, -329.18812707]), array([   8.90233873,  -24.06522705, -160.02782453,    1.29033314,
        -90.113098  , -337.50913176]), array([  -1.58041383,  -13.7012123 , -166.7179573 ,   -4.15314202,
       -101.99140483, -328.79514401])
30, array([  22.93949653,  -13.7356538 , -151.25315471,   51.68049526,
        -84.8430158 , -318.9854098 ]), array([   7.5699194 ,  -21.62245883, -160.91609492,   -5.81590275,
        -79.23166815, -339.39671961]), array([  -0.35902969,  -15.69984154, -165.71863983,   -4.37521199,
       -103.43486507, -328.68409694])
31, array([  27.74217853,   -6.86999364, -154.41881356,   66.21408086,
        -69.57458276, -317.02751619]), array([  14.95633785,  -11.44551066, -160.91207555,   18.2449316 ,
        -61.43333801, -340.17521412]), array([   3.44563341,  -17.6034288 , -164.37333122,    5.22922657,
       -104.76142425, -329.25375806])
32, array([  30.67453495,   -0.83910821, -157.95953245,   75.03234123,
        -49.80813244, -320.64366761]), array([  22.06257397,   -6.22686902, -159.1355196 ,   42.45055003,
        -50.10777676, -338.28762627]), array([   5.99943733,  -18.60274247, -162.92987097,    7.00578536,
        -99.76484452, -333.13998083])
33, array([  30.27030059,    2.9928338 , -161.15683231,   76.11495852,
        -35.34838375, -326.16917722]), array([  23.53651061,   -2.51121859, -162.59274072,   59.06065489,
        -45.7872929 , -337.83839077]), array([   7.12946483,  -18.05091725, -162.47586246,    1.66882329,
        -89.8149967 , -337.94773268])
34, array([  24.59883768,    6.32233699, -165.49529442,   66.46204044,
        -25.70807382, -333.60317238]), array([  26.53445162,    6.48261155, -163.03689868,   74.71658928,
        -22.24788864, -338.50458217]), array([  10.68258195,  -19.827477  , -160.58825943,    9.10816425,
        -87.92740126, -337.6146218 ])
35, array([  15.74445811,   10.6347451 , -169.76558148,   49.30555291,
        -15.77404957, -342.64991396]), array([  25.41187668,   13.9920391 , -165.61003632,   73.0546583 ,
         -1.63575068, -340.63491668]), array([  12.8135988 ,  -15.80945276, -161.36457676,   15.16182841,
        -82.77440427, -337.95083094])
36, array([   7.05096462,   15.28805847, -172.41417289,   32.1841116 ,
         -5.75414363, -349.72499156]), array([ 1.51966629e+01,  1.64348083e+01, -1.68607989e+02,  4.99593892e+01,
        2.51843071e-01, -3.45631489e+02]), array([  12.48049361,  -12.47840467, -161.80871954,   17.60459664,
        -74.33574454, -339.50530791])
37, array([   0.63864953,   18.76677691, -173.52850726,   19.55163294,
          2.59489612, -353.66746475]), array([   2.98323886,   19.46130541, -171.41082539,   21.05379615,
          6.07431095, -349.78092063]), array([  13.7079905 ,  -10.90021691, -162.14635225,   32.01920827,
        -77.98617071, -335.93754208])
38, array([  -2.9281253 ,   21.18770872, -173.43776424,   11.42810951,
          8.73849606, -355.66618201]), array([  -7.89818482,   24.12477426, -172.74323856,   -5.81665668,
         20.7309236 , -350.55815911]), array([  14.92937461,   -7.01399461, -163.5898125 ,   40.3468285 ,
        -76.32064666, -333.60582663])
39, array([  -2.9281253 ,   21.18770872, -173.43776424,   11.42810951,
          8.73849606, -355.66618201]), array([ -11.85416031,   23.36452675, -173.86547852,  -13.86333942,
         19.45779037, -351.23138428]), array([  14.93490124,   -6.99640989, -163.59634399,   40.38451004,
        -76.31311035, -333.59527588])
