0, array([  -5.40112309,   14.43875537, -174.26821098,    6.43387117,
          6.98099337, -355.55086853]), array([  -9.51011753,   10.75134373, -175.2049408 ,  -13.30523396,
          9.63513279, -353.57543945]), array([  -9.39849663,   12.87214375, -175.65142822,  -13.52847576,
         12.42566013, -353.91030884])
1, array([   2.33795222,   17.29692615, -173.53541305,   18.01653934,
         11.29787063, -354.39670331]), array([  -0.87509928,   13.56196789, -174.29890302,    7.3229798 ,
         17.39979101, -352.88912092]), array([  -1.44425806,   15.78484378, -174.75039946,    6.17310717,
         20.60665864, -352.45169221])
2, array([  12.57532143,   22.92556346, -168.4641569 ,   36.46362938,
         25.93933974, -347.80347815]), array([   8.00769582,   18.0033644 , -171.41199771,   27.19823172,
         31.27915807, -349.2249923 ]), array([   4.9957684 ,   18.11657725, -172.9738587 ,   18.60902015,
         27.82392761, -350.78616816])
3, array([  23.13934747,   27.59886393, -162.63154585,   55.32916782,
         43.88791452, -338.35260879]), array([  11.72091789,   23.93435536, -169.94283023,   31.81941276,
         50.09598332, -344.84386701]), array([   9.83131371,   22.49835339, -169.38974894,   27.60042165,
         47.55591033, -346.17455214])
4, array([  30.24672202,   28.72992041, -159.0152765 ,   66.61008848,
         61.22246068, -329.77657314]), array([  17.82784035,   27.04333397, -165.72349657,   39.70289591,
         64.41948936, -338.18177082]), array([  18.04789825,   29.60459236, -166.50282845,   41.4797906 ,
         69.09669104, -337.18071015])
5, array([  31.34270687,   29.9054751 , -157.89202327,   65.01317392,
         79.21158094, -324.58125172]), array([  23.76435603,   27.3879092 , -161.35285364,   54.24797017,
         68.04378508, -331.45435997]), array([  23.76569582,   29.83654089, -162.14023947,   51.24424751,
         72.82506852, -332.01748964])
6, array([  27.05503487,   33.16028323, -158.41766409,   53.25082456,
         94.55489859, -323.76594272]), array([  27.53954311,   29.05343704, -157.68870984,   61.68731243,
         78.25899316, -324.79226378]), array([  27.98502379,   29.17033241, -160.47471542,   62.01463407,
         76.93336269, -327.0209175 ])
7, array([  19.34431268,   33.95506767, -162.56458471,   35.49538558,
         97.16367902, -330.17903042]), array([  26.86203017,   29.16380094, -157.24599057,   55.64067835,
         87.42147036, -324.01142463]), array([  27.19186963,   29.61857639, -159.81127217,   57.29138098,
         88.45393996, -324.33750166])
8, array([  10.80034038,   32.31972866, -168.41665785,   17.15965611,
         84.61067928, -342.69848742]), array([  19.6447593 ,   26.94310221, -162.57565841,   39.76268395,
         81.42558835, -330.89558462]), array([  17.75390003,   31.06202715, -164.25266962,   30.97609952,
         94.78293286, -327.33543887])
9, array([   2.74078938,   30.9364827 , -170.68526192,    1.33416415,
         70.32002856, -353.64729379]), array([   9.55146586,   25.38023829, -166.16696947,    9.51177559,
         77.73203775, -336.60116806]), array([   9.44587401,   27.94652088, -166.50132118,    9.8615444 ,
         86.55278678, -332.91900566])
10, array([  -4.904657  ,   30.89089505, -170.08448581,  -16.7163418 ,
         66.72373514, -355.5695203 ]), array([  -7.43687932,   29.71060195, -168.38766819,  -33.79185248,
         83.06171318, -331.38253212]), array([  -3.54521294,   31.61067037, -168.38892421,  -23.55997319,
         93.65901816, -328.58865528])
11, array([ -12.00684357,   31.60994478, -167.62061589,  -39.77317094,
         74.3783639 , -345.19300486]), array([ -15.87595365,   31.6223935 , -168.95315775,  -56.95570044,
         87.31403152, -321.98627563]), array([ -17.66289485,   34.74610978, -166.16370374,  -62.87337535,
        101.93179385, -312.83424266])
12, array([ -18.14457719,   30.29574639, -165.63514121,  -65.43044206,
         76.63593269, -330.80799544]), array([ -20.42838491,   28.84652009, -167.6207294 ,  -65.72745966,
         74.87812471, -321.43107059]), array([ -23.54774686,   29.74953953, -166.27475082,  -73.97685761,
         83.38895795, -313.50046443])
13, array([ -21.19624191,   26.25089838, -165.75106088,  -83.76850719,
         63.13309276, -324.16905111]), array([ -26.81138802,   25.03884315, -167.27983093,  -81.8405838 ,
         61.53894424, -317.29858398]), array([ -26.3649025 ,   24.48073769, -168.17280579,  -81.50571442,
         63.43650436, -316.9637146 ])
14, array([ -21.15221898,   22.22595789, -167.1309631 ,  -91.13186272,
         47.36022864, -324.32249876]), array([ -28.69939833,   19.76652626, -167.95608594,  -90.76474469,
         46.08649622, -318.55506617]), array([ -30.59846571,   20.21853651, -166.51053223,  -97.11760252,
         52.01346972, -311.19258364])
15, array([ -18.22267439,   18.24679967, -169.84112851,  -85.55624767,
         37.43703556, -328.05814244]), array([ -26.5897353 ,   13.99270899, -169.39954618,  -89.54336342,
         35.31610586, -324.88405147]), array([ -28.82190597,   15.6661062 , -169.17537374,  -93.78654684,
         43.68584569, -318.52090159])
16, array([ -13.48484112,   13.26794246, -172.70340166,  -65.83888679,
         26.77373768, -338.41317594]), array([ -19.9723553 ,   11.73123142, -171.41149525,  -71.82884694,
         34.46634756, -334.7500057 ]), array([ -19.51917084,   11.39469302, -170.63683748,  -70.80081535,
         39.25809809, -333.64216844])
17, array([  -9.46744331,    7.57080025, -174.16094176,  -42.1042692 ,
         12.12818934, -352.84800545]), array([ -11.97783931,    5.1801695 , -171.85562285,  -51.28739128,
         18.47731557, -344.96521378]), array([  -9.748097  ,    4.3994926 , -172.85755139,  -44.0413949 ,
         21.15940496, -346.07807525])
18, array([  -9.14848593,    2.8917466 , -172.80133746,  -29.27051423,
         -0.68321994, -360.4608808 ]), array([  -9.18161881,   -1.75993209, -172.07753439,  -42.89387022,
         -1.56549561, -348.99594792]), array([  -4.28770679,   -2.08843105, -172.5233519 ,  -26.98899443,
          8.1488897 , -349.77229569])
19, array([-1.20566834e+01, -2.96754933e-01, -1.69892734e+02, -2.94666066e+01,
       -1.45552897e+01, -3.59409968e+02]), array([ -11.29128185,   -4.97994568, -171.41132781,  -45.89181123,
        -14.33451414, -347.99664563]), array([ -12.17118709,   -3.19878065, -171.63506634,  -48.86287654,
         -3.5097791 , -347.107439  ])
20, array([ -17.04205358,   -2.30545219, -166.3150116 ,  -39.91065948,
        -35.04006225, -351.86455344]), array([ -12.97187851,   -7.11456178, -167.61419791,  -47.6656914 ,
        -30.59393097, -344.75107455]), array([ -15.9781123 ,   -6.43930927, -170.06659012,  -58.14073994,
        -19.31718522, -344.08689284])
21, array([ -21.80997492,   -3.00705383, -162.55163019,  -53.57542798,
        -58.90246456, -338.74443854]), array([ -13.63808794,  -10.00146899, -167.39213411,  -39.33807116,
        -50.69125523, -341.97523149]), array([ -13.31327364,   -6.88344968, -168.40106608,  -42.15170985,
        -38.08209252, -343.75378196])
22, array([ -23.4139932 ,   -3.33673946, -160.77587027,  -60.96206642,
        -77.79328694, -326.92802137]), array([ -12.85707561,  -10.12029411, -166.94613388,  -31.39991171,
        -61.38770072, -342.18138534]), array([ -12.30164972,   -8.22574852, -166.94613388,  -30.95175146,
        -58.37209125, -342.07109188])
23, array([ -20.43628029,   -5.22219048, -160.77085544,  -55.04425514,
        -92.01401235, -320.25662371]), array([ -11.74672624,   -9.1209795 , -167.72338754,  -39.39442296,
        -82.48434623, -336.40754435]), array([ -12.96785914,   -9.22506314, -167.72338754,  -37.83591904,
        -78.24734412, -337.18556682])
24, array([ -13.77902057,   -7.24740879, -162.26006231,  -39.87830202,
        -96.7300081 , -321.03441389]), array([ -11.18083326,  -11.01585718, -167.27941225,  -37.73484802,
       -102.43345418, -325.78171557]), array([ -14.75312656,  -10.12255501, -168.17196842,  -40.64511969,
        -94.28704181, -329.2411138 ])
25, array([  -5.58233601,   -8.6383595 , -163.82786097,  -21.53878586,
        -88.39507264, -329.36201791]), array([  -6.40633061,  -12.45931268, -166.72423757,  -17.30441857,
       -103.76586734, -325.67066849]), array([ -10.53379859,  -11.12186963, -167.06161905,  -30.9850787 ,
        -98.17326459, -328.01971735])
26, array([   2.17939426,  -10.37586376, -163.21952079,   -5.11359863,
        -74.09674401, -340.68841233]), array([  -2.2547462 ,  -15.03313065, -164.48930359,   -3.70582032,
        -94.28411102, -333.14877319]), array([  -5.26851559,  -13.58205509, -166.16362   ,  -16.43062592,
        -97.63274384, -331.1395874 ])
27, array([   8.02477994,  -13.05185087, -160.7687962 ,    7.52950785,
        -66.99804324, -346.71566502]), array([ 2.34231794e+00, -1.89529319e+01, -1.63029195e+02, -2.19440560e-01,
       -8.63700620e+01, -3.39173316e+02]), array([-2.30996219e-01, -1.85054415e+01, -1.64370652e+02, -5.37310260e+00,
       -9.74764028e+01, -3.35179563e+02])
28, array([  12.67980636,  -16.64316889, -155.59022315,   19.34158481,
        -73.81433959, -341.70015833]), array([   6.89475062,  -21.83983907, -161.03056   ,    5.55437629,
        -88.81283217, -338.50709423]), array([   2.9890167 ,  -21.17028112, -162.8161595 ,   -3.81861354,
        -87.59429797, -339.95407143])
29, array([  17.53668944,  -17.86888007, -151.15095804,   34.04728598,
        -85.22296633, -329.18812707]), array([   9.23887713,  -21.60746995, -159.80917876,    1.29242655,
        -88.78117965, -337.841489  ]), array([   6.79493612,  -21.73500179, -161.25188535,    2.10978111,
        -81.77919753, -339.95181059])
30, array([  22.93949653,  -13.7356538 , -151.25315471,   51.68049526,
        -84.8430158 , -318.9854098 ]), array([   8.35059726,  -18.60952514, -161.91884559,   -5.25863465,
        -79.89837714, -339.06285508]), array([   9.01563532,  -22.95638495, -161.14083827,    5.10772425,
        -80.89091956, -338.39733362])
31, array([  27.74217853,   -6.86999364, -154.41881356,   66.21408086,
        -69.57458276, -317.02751619]), array([  14.8447179 ,  -12.2198269 , -161.36424189,   19.02862351,
        -60.97680598, -340.17722375]), array([  11.71564247,  -15.67740009, -161.24962448,    6.41108711,
        -68.79296212, -339.9580071 ])
32, array([  30.67453495,   -0.83910821, -157.95953245,   75.03234123,
        -49.80813244, -320.64366761]), array([  21.95095402,   -4.66945037, -161.47530415,   44.01148611,
        -46.32019665, -338.95582731]), array([  17.60049354,   -7.23874416, -160.36133892,   29.95049137,
        -55.02463075, -340.06905418])
33, array([  30.27030059,    2.9928338 , -161.15683231,   76.11495852,
        -35.34838375, -326.16917722]), array([  26.32728726,   -1.61674291, -161.80938944,   61.40620587,
        -43.22352621, -337.5027678 ]), array([  25.88507232,   -2.07151622, -159.47012252,   62.19433392,
        -41.34505807, -337.05199456])
34, array([  24.59883768,    6.32233699, -165.49529442,   66.46204044,
        -25.70807382, -333.60317238]), array([  29.43626776,    8.04329689, -161.36524666,   77.72834305,
        -21.23861031, -337.83587869]), array([  30.88164636,    3.92436959, -161.13564657,   81.5144197 ,
        -27.7987981 , -335.49751759])
35, array([  15.74445811,   10.6347451 , -169.76558148,   49.30555291,
        -15.77404957, -342.64991396]), array([  23.62995969,   15.43876034, -165.49741345,   66.26067978,
          4.04051275, -342.41634461]), array([  27.64547277,    9.75529484, -165.27566937,   76.9657509 ,
        -16.24320934, -338.96160513])
36, array([   7.05096462,   15.28805847, -172.41417289,   32.1841116 ,
         -5.75414363, -349.72499156]), array([  16.07958363,   14.99461946, -167.82915926,   53.0475193 ,
         -4.95331739, -344.41497954]), array([  18.20750317,   15.41807736, -168.60673264,   56.75739094,
         -4.47350579, -344.62439903])
37, array([   0.63864953,   18.76677691, -173.52850726,   19.55163294,
          2.59489612, -353.66746475]), array([   5.99307334,   16.22756019, -170.63122706,   30.75419826,
          1.50345666, -348.1076928 ]), array([   8.67532877,   18.45504159, -170.2946982 ,   35.89890339,
          8.19025566, -347.88454044])
38, array([  -2.9281253 ,   21.18770872, -173.43776424,   11.42810951,
          8.73849606, -355.66618201]), array([ -10.10699387,   25.2213908 , -174.29538604,  -10.21769254,
         23.59940873, -350.32839153]), array([  -2.98333979,   20.89780982, -171.73815845,    8.36223782,
         16.4068421 , -350.21625589])
39, array([  -2.9281253 ,   21.18770872, -173.43776424,   11.42810951,
          8.73849606, -355.66618201]), array([ -14.97955132,   24.25749588, -173.30737305,  -22.45816612,
         24.25749588, -350.11520386]), array([  -3.03609395,   20.90886307, -171.74468994,    8.23763752,
         16.44402122, -350.22680664])
