0, array([  -5.40112309,   14.43875537, -174.26821098,    6.43387117,
          6.98099337, -355.55086853]), array([  -9.62173843,   10.97458553, -174.98168945,  -12.30064487,
          9.85837555, -353.24057007]), array([  -8.84039116,   11.97917557, -175.76303101,  -11.85416031,
         11.4210701 , -354.02194214])
1, array([   2.33795222,   17.29692615, -173.53541305,   18.01653934,
         11.29787063, -354.39670331]), array([  -1.20745042,   14.45292734, -173.19825192,    6.89810027,
         17.85079832, -352.66236778]), array([   0.46184169,   16.11819923, -173.40844027,   10.21357333,
         21.83951374, -351.66532645])
2, array([  12.57532143,   22.92556346, -168.4641569 ,   36.46362938,
         25.93933974, -347.80347815]), array([   8.23051894,   18.45018486, -173.75344178,   31.54785484,
         32.72947904, -348.22097032]), array([   8.78946178,   18.11682846, -171.07670964,   27.53502323,
         30.16713397, -348.88945304])
3, array([  23.13934747,   27.59886393, -162.63154585,   55.32916782,
         43.88791452, -338.35260879]), array([  13.94915387,   23.37918068, -169.1610548 ,   36.04845418,
         52.2146899 , -343.50525733]), array([  16.19204285,   21.9327116 , -169.05070804,   41.77964964,
         49.88655616, -342.3785793 ])
4, array([  30.24672202,   28.72992041, -159.0152765 ,   66.61008848,
         61.22246068, -329.77657314]), array([  18.94572412,   27.26540346, -164.83070442,   40.60088734,
         65.98301747, -337.06522495]), array([  23.9644884 ,   27.04031944, -165.05345336,   56.54729847,
         67.87421359, -333.1626735 ])
5, array([  31.34270687,   29.9054751 , -157.89202327,   65.01317392,
         79.21158094, -324.58125172]), array([  25.21208306,   28.282888  , -161.79565665,   55.03166016,
         68.59586151, -330.67469315]), array([  27.77735702,   27.04534365, -160.13373327,   61.83049923,
         70.81287583, -329.11971384])
6, array([  27.05503487,   33.16028323, -158.41766409,   53.25082456,
         94.55489859, -323.76594272]), array([  27.87691888,   30.61462243, -156.91013159,   63.2482447 ,
         76.81244225, -324.56777164]), array([  29.77598626,   26.15706378, -159.35649479,   66.71603568,
         73.92185253, -325.56660195])
7, array([  19.34431268,   33.95506767, -162.56458471,   35.49538558,
         97.16367902, -330.17903042]), array([  24.19216825,   29.93886606, -158.91829731,   53.63652057,
         86.52950797, -324.3452892 ]), array([  27.63358215,   26.37729296, -158.91779491,   60.62468616,
         80.18167429, -325.4612489 ])
8, array([  10.80034038,   32.31972866, -168.41665785,   17.15965611,
         84.61067928, -342.69848742]), array([  20.97215396,   24.94229582, -163.35969477,   39.97922491,
         80.97776114, -330.78532159]), array([  16.08594762,   25.93315208, -163.13712856,   27.53627851,
         81.06995226, -331.79023421])
9, array([   2.74078938,   30.9364827 , -170.68526192,    1.33416415,
         70.32002856, -353.64729379]), array([   8.88341423,   24.15257487, -169.28849908,   11.4043096 ,
         75.16307938, -337.38267711]), array([   1.52312129,   26.93925032, -168.06368461,  -10.11461316,
         79.28586002, -334.70629512])
10, array([  -4.904657  ,   30.89089505, -170.08448581,  -16.7163418 ,
         66.72373514, -355.5695203 ]), array([  -6.99458159,   28.59397233, -168.95541856,  -35.23036466,
         79.38240545, -332.27508824]), array([  -9.91347767,   28.82684196, -169.72922384,  -40.87129113,
         78.73068534, -331.26419995])
11, array([ -12.00684357,   31.60994478, -167.62061589,  -39.77317094,
         74.3783639 , -345.19300486]), array([ -17.32568846,   31.84580469, -168.61929321,  -60.85942039,
         87.76077016, -319.86671261]), array([ -17.2147346 ,   32.73852261, -167.72673704,  -60.63793514,
         85.30627689, -321.65148999])
12, array([ -18.14457719,   30.29574639, -165.63514121,  -65.43044206,
         76.63593269, -330.80799544]), array([ -20.10155998,   29.29200077, -168.61929321,  -65.63392873,
         75.65796664, -320.97706198]), array([ -20.87888788,   29.8516135 , -168.28191173,  -67.74417411,
         74.75796551, -321.20733203])
13, array([ -21.19624191,   26.25089838, -165.75106088,  -83.76850719,
         63.13309276, -324.16905111]), array([ -26.5881443 ,   25.37370682, -167.16821289,  -83.51489258,
         60.64597702, -316.18237305]), array([ -26.69976425,   24.14587593, -167.83795166,  -84.63111115,
         58.86003876, -317.52182007])
14, array([ -21.15221898,   22.22595789, -167.1309631 ,  -91.13186272,
         47.36022864, -324.32249876]), array([ -29.1423669 ,   19.5468014 , -167.06413116,  -91.20319333,
         45.64201849, -318.00145205]), array([ -28.24286821,   20.54184449, -168.96019162,  -88.49765578,
         47.77488421, -319.7929283 ])
15, array([ -18.22267439,   18.24679967, -169.84112851,  -85.55624767,
         37.43703556, -328.05814244]), array([ -26.2554578 ,   14.55022831, -168.7296552 ,  -88.20524094,
         35.31577092, -325.32977   ]), array([ -23.91250455,   13.43560837, -170.29260478,  -79.61486087,
         40.11347056, -328.34261233])
16, array([ -13.48484112,   13.26794246, -172.70340166,  -65.83888679,
         26.77373768, -338.41317594]), array([ -17.85406548,    8.71871832, -170.85672407,  -67.36108   ,
         29.78495904, -337.42345695]), array([ -20.64501341,    6.59038104, -171.07830061,  -70.38783024,
         28.08510293, -336.41843006])
17, array([  -9.46744331,    7.57080025, -174.16094176,  -42.1042692 ,
         12.12818934, -352.84800545]), array([ -10.52575986,    2.50076088, -172.18915241,  -46.04237068,
         15.5724868 , -346.19523514]), array([ -13.42774159,   -1.62620516, -171.96657099,  -52.51120091,
          7.09950022, -345.07916118])
18, array([  -9.14848593,    2.8917466 , -172.80133746,  -29.27051423,
         -0.68321994, -360.4608808 ]), array([  -9.85469466,   -1.31076772, -172.41272346,  -45.57679128,
          2.56582486, -347.99170517]), array([ -10.18252443,   -8.0137284 , -171.17819554,  -41.55609031,
        -15.19867706, -347.31761216])
19, array([-1.20566834e+01, -2.96754933e-01, -1.69892734e+02, -2.94666066e+01,
       -1.45552897e+01, -3.59409968e+02]), array([ -13.074708  ,   -3.64250214, -171.85754878,  -49.90715683,
         -9.75905337, -347.10341961]), array([ -11.07080335,  -12.23305731, -168.40232213,  -45.109206  ,
        -33.07530069, -344.98589671])
20, array([ -17.04205358,   -2.30545219, -166.3150116 ,  -39.91065948,
        -35.04006225, -351.86455344]), array([ -13.52923035,   -7.22492759, -169.06125884,  -47.66217445,
        -28.25993756, -345.083683  ]), array([ -10.2766434 ,  -13.80002053, -167.05383154,  -39.14731807,
        -50.21638409, -342.18733065])
21, array([ -21.80997492,   -3.00705383, -162.55163019,  -53.57542798,
        -58.90246456, -338.74443854]), array([ -13.86233554,   -9.55666202, -167.06262391,  -37.78006587,
        -52.79865738, -341.3085073 ]), array([  -3.7255822 ,  -11.46828705, -165.83245028,  -15.27480673,
        -60.20952458, -340.96593421])
22, array([ -23.4139932 ,   -3.33673946, -160.77587027,  -60.96206642,
        -77.79328694, -326.92802137]), array([  -9.95626715,  -10.34437233, -167.16720803,  -25.37170162,
        -65.51450071, -341.17610735]), array([  -1.36428941,  -12.13148196, -164.93512112,   -5.05130283,
        -80.79788345, -335.81965902])
23, array([ -20.43628029,   -5.22219048, -160.77085544,  -55.04425514,
        -92.01401235, -320.25662371]), array([  -9.73419671,   -9.9002324 , -166.50098627,  -32.92207957,
        -84.5014794 , -334.95816912]), array([  -3.02981369,  -12.4645881 , -164.49097834,   -9.0485594 ,
        -94.01104393, -330.48997599])
24, array([ -13.77902057,   -7.24740879, -162.26006231,  -39.87830202,
        -96.7300081 , -321.03441389]), array([ -10.73384627,  -12.46584415, -166.27500208,  -34.27702172,
       -104.77632941, -324.10812229]), array([  -1.80616845,  -12.57855364, -164.93445123,   -6.60101818,
        -91.27017249, -331.4753779 ])
25, array([  -5.58233601,   -8.6383595 , -163.82786097,  -21.53878586,
        -88.39507264, -329.36201791]), array([  -5.29313419,  -12.46584415, -165.9418912 ,  -17.06660467,
       -104.55425802, -324.99640785]), array([   0.96970514,  -14.02200914, -163.15789528,    2.61488098,
        -91.0481011 , -332.69677434])
26, array([   2.17939426,  -10.37586376, -163.21952079,   -5.11359863,
        -74.09674401, -340.68841233]), array([  -3.03609395,  -12.46584415, -164.48930359,   -8.39390564,
        -93.61438751, -332.81390381]), array([   5.11224604,  -17.71203423, -162.36851501,    8.46087837,
        -88.81467438, -335.60446167])
27, array([   8.02477994,  -13.05185087, -160.7687962 ,    7.52950785,
        -66.99804324, -346.71566502]), array([   1.12151986,  -17.72911653, -162.80594365,   -2.20751843,
        -86.69739509, -339.06369245]), array([   5.68241007,  -17.93779004, -162.59073109,    4.11670005,
        -82.89222647, -338.61769224])
28, array([  12.67980636,  -16.64316889, -155.59022315,   19.34158481,
        -73.81433959, -341.70015833]), array([   7.22844101,  -21.50430551, -160.80732391,    8.22976626,
        -87.47463357, -338.84162865]), array([   8.34724779,  -18.49296472, -162.36868247,    6.11532881,
        -81.44877382, -338.50667552])
29, array([  17.53668944,  -17.86888007, -151.15095804,   34.04728598,
        -85.22296633, -329.18812707]), array([   8.68119034,  -22.50546138, -160.36184131,    1.95838501,
        -87.22183078, -338.51035991]), array([  13.04487934,  -16.12924476, -160.03326745,   20.09836054,
        -73.91756471, -338.51203471])
30, array([  22.93949653,  -13.7356538 , -151.25315471,   51.68049526,
        -84.8430158 , -318.9854098 ]), array([   7.90394522,  -20.83993733, -161.0280479 ,   -5.59199057,
        -79.22731383, -339.50966219]), array([  15.04350952,  -10.79956648, -162.36499808,   27.7597723 ,
        -60.26026904, -339.95549495])
31, array([  27.74217853,   -6.86999364, -154.41881356,   66.21408086,
        -69.57458276, -317.02751619]), array([  14.62247998,  -13.88710942, -161.80470021,   18.58381272,
        -62.54050537, -340.17655387]), array([  17.85815305,   -6.31228127, -161.92269746,   37.01603467,
        -55.18356083, -340.16951995])
32, array([  30.67453495,   -0.83910821, -157.95953245,   75.03234123,
        -49.80813244, -320.64366761]), array([  22.06182034,   -4.00499822, -159.91711236,   44.1218481 ,
        -48.21699932, -338.73309363]), array([  24.85335443,   -1.53777827, -162.14476127,   67.4396065 ,
        -44.19110288, -336.3943139 ])
33, array([  30.27030059,    2.9928338 , -161.15683231,   76.11495852,
        -35.34838375, -326.16917722]), array([  26.88664878,   -0.95832005, -159.47288586,   64.19271385,
        -41.67615548, -337.05626512]), array([  28.08860882,    6.07205053, -163.26348427,   83.85921326,
        -21.70628008, -334.61894552])
34, array([  24.59883768,    6.32233699, -165.49529442,   66.46204044,
        -25.70807382, -333.60317238]), array([  30.55080206,    3.70514714, -162.35980636,   78.73829508,
        -26.46436957, -337.389376  ]), array([  20.31616137,    9.95827331, -164.15175466,   58.43220977,
        -11.04692447, -343.05761284])
35, array([  15.74445811,   10.6347451 , -169.76558148,   49.30555291,
        -15.77404957, -342.64991396]), array([  23.40370145,   13.10242039, -165.612046  ,   67.47728804,
         -3.19509647, -342.86549637]), array([  16.71481141,   11.20134524, -166.94697124,   52.42033099,
         -4.31097294, -344.76154162])
36, array([   7.05096462,   15.28805847, -172.41417289,   32.1841116 ,
         -5.75414363, -349.72499156]), array([  13.85469805,   17.76588734, -169.94241156,   46.82478909,
          0.91319592, -346.64070243]), array([ 1.27175529e+01,  1.35330787e+01, -1.68279400e+02,  3.96513095e+01,
        1.93898437e-02, -3.47537445e+02])
37, array([   0.63864953,   18.76677691, -173.52850726,   19.55163294,
          2.59489612, -353.66746475]), array([   1.64412095,   19.34968546, -172.52636644,   19.48993119,
          6.07481337, -350.11578999]), array([-2.48485490e+00,  1.70047206e+01, -1.71300463e+02, -2.59466729e-01,
        8.18992072e+00, -3.52012756e+02])
38, array([  -2.9281253 ,   21.18770872, -173.43776424,   11.42810951,
          8.73849606, -355.66618201]), array([  -8.79316363,   24.01315051, -172.97050923,   -8.93501236,
         21.3976345 , -350.89299811]), array([ -11.58972002,   20.44680442, -174.29840062,  -18.69126593,
         15.96236532, -352.01275635])
39, array([  -2.9281253 ,   21.18770872, -173.43776424,   11.42810951,
          8.73849606, -355.66618201]), array([  -9.73335934,   20.68562126, -174.31196594,   -8.39390564,
         16.55564117, -351.78948975]), array([ -11.6309185 ,   20.46237946, -174.31196594,  -18.77466774,
         15.99753475, -352.01275635])
