0, array([  -5.40112309,   14.43875537, -174.26821098,    6.43387117,
          6.98099337, -355.55086853]), array([ -10.17984486,   12.42566013, -175.0933075 ,  -13.52847576,
          9.74675369, -353.01733398]), array([  -8.72877026,   11.4210701 , -176.09790039,  -10.51470757,
         10.19323826, -354.35678101])
1, array([   2.33795222,   17.29692615, -173.53541305,   18.01653934,
         11.29787063, -354.39670331]), array([  -3.10199459,   13.67610091, -174.40852656,    4.20562848,
         14.28997505, -352.66488002]), array([   1.89784317,   15.11511836, -173.75185078,   16.87215352,
         23.48720186, -351.78496802])
2, array([  12.57532143,   22.92556346, -168.4641569 ,   36.46362938,
         25.93933974, -347.80347815]), array([   7.00218468,   18.67267494, -171.07746329,   25.85744109,
         31.6114259 , -348.7786876 ]), array([   6.89441567,   17.44685183, -173.307708  ,   25.64391085,
         25.92997008, -350.78566573])
3, array([  23.13934747,   27.59886393, -162.63154585,   55.32916782,
         43.88791452, -338.35260879]), array([  12.05117508,   26.15589147, -169.38598083,   33.36619922,
         55.76270146, -342.95594427]), array([  12.17577613,   23.82859699, -171.27601219,   33.51968565,
         45.66253705, -345.72553743])
4, array([  30.24672202,   28.72992041, -159.0152765 ,   66.61008848,
         61.22246068, -329.77657314]), array([  16.93671342,   26.37796286, -165.49975806,   37.0303506 ,
         63.20203993, -338.84765769]), array([  20.50339637,   28.49206584, -165.39113931,   48.28733448,
         68.31366713, -336.06550402])
5, array([  31.34270687,   29.9054751 , -157.89202327,   65.01317392,
         79.21158094, -324.58125172]), array([  23.76335119,   26.38935105, -161.12928261,   53.69354531,
         66.38119182, -331.89684331]), array([  25.99309349,   29.83553604, -160.68883942,   57.4863171 ,
         73.15356627, -330.12261674])
6, array([  27.05503487,   33.16028323, -158.41766409,   53.25082456,
         94.55489859, -323.76594272]), array([  27.20543498,   30.05350244, -157.35410692,   62.35427263,
         80.48262268, -323.90233395]), array([  28.54689741,   28.83622047, -158.91226829,   65.36979835,
         75.15219361, -326.01433017])
7, array([  19.34431268,   33.95506767, -162.56458471,   35.49538558,
         97.16367902, -330.17903042]), array([  23.63205311,   29.942383  , -159.80951371,   52.29732095,
         85.85777476, -324.90439949]), array([  29.31518175,   28.60896121, -158.02659377,   67.67767161,
         82.6408492 , -323.22807338])
8, array([  10.80034038,   32.31972866, -168.41665785,   17.15965611,
         84.61067928, -342.69848742]), array([  19.52376084,   26.50030111, -163.47367268,   38.75106098,
         79.41774238, -331.78855948]), array([  20.98756152,   27.83171513, -163.02316591,   43.80515647,
         85.08361932, -329.22394781])
9, array([   2.74078938,   30.9364827 , -170.68526192,    1.33416415,
         70.32002856, -353.64729379]), array([   7.54865026,   26.04427151, -167.17055752,    6.61900539,
         77.72768344, -336.6040151 ]), array([   4.53220201,   25.26845086, -168.84386909,   -3.53868167,
         76.83907053, -337.2685317 ])
10, array([  -4.904657  ,   30.89089505, -170.08448581,  -16.7163418 ,
         66.72373514, -355.5695203 ]), array([  -5.22036695,   26.59944619, -168.72504967,  -30.46666406,
         80.17045356, -333.27296701]), array([ -10.01337542,   29.48777693, -169.73215466,  -40.73538562,
         82.16874596, -330.49541879])
11, array([ -12.00684357,   31.60994478, -167.62061589,  -39.77317094,
         74.3783639 , -345.19300486]), array([ -16.32302342,   30.95350545, -168.61870706,  -56.73588993,
         86.08854717, -322.43040319]), array([ -17.66272738,   31.84421369, -168.95366017,  -58.74682657,
         88.87296173, -320.64579328])
12, array([ -18.14457719,   30.29574639, -165.63514121,  -65.43044206,
         76.63593269, -330.80799544]), array([ -21.65270075,   29.28798141, -167.84146858,  -70.06007851,
         76.76161706, -318.76624421]), array([ -23.3255099 ,   27.18074674, -168.28743841,  -74.40275337,
         71.44048278, -318.75820543])
13, array([ -21.19624191,   26.25089838, -165.75106088,  -83.76850719,
         63.13309276, -324.16905111]), array([ -25.36031151,   24.92722321, -167.50308228,  -80.1662674 ,
         60.19948959, -319.08453369]), array([ -29.60191345,   21.69021034, -168.50765991,  -90.10054016,
         54.06033325, -315.51266479])
14, array([ -21.15221898,   22.22595789, -167.1309631 ,  -91.13186272,
         47.36022864, -324.32249876]), array([ -28.03570196,   19.88266991, -167.51061851,  -89.99344388,
         46.42085557, -319.10714248]), array([ -29.01617675,   17.75081473, -168.18235179,  -90.2655107 ,
         42.5095955 , -320.36660886])
15, array([ -18.22267439,   18.24679967, -169.84112851,  -85.55624767,
         37.43703556, -328.05814244]), array([ -27.25845778,   15.10816821, -169.17612738,  -90.99275376,
         35.53943331, -324.10368426]), array([ -22.90925335,   10.53354481, -170.29201862,  -77.38545352,
         30.62885767, -332.35838807])
16, array([ -13.48484112,   13.26794246, -172.70340166,  -65.83888679,
         26.77373768, -338.41317594]), array([ -20.08230052,   11.50756998, -170.96710124,  -73.83174484,
         32.36480319, -334.97072975]), array([ -14.62459083,    3.03106551, -171.96539873,  -58.11494902,
         18.26621635, -342.769971  ])
17, array([  -9.46744331,    7.57080025, -174.16094176,  -42.1042692 ,
         12.12818934, -352.84800545]), array([ -11.64364649,    4.84547426, -171.96640352,  -51.62476514,
         21.48338094, -344.51974643]), array([  -9.2949135 ,   -1.85447034, -171.29920733,  -41.68177994,
         -1.72007363, -348.54378162])
18, array([  -9.14848593,    2.8917466 , -172.80133746,  -29.27051423,
         -0.68321994, -360.4608808 ]), array([  -9.51614658,   -1.98618914, -172.96782965,  -42.89755464,
         -0.79151688, -348.99594792]), array([  -8.8464202 ,   -9.79263086, -171.29116864,  -41.21385592,
        -19.20832859, -348.32188533])
19, array([-1.20566834e+01, -2.96754933e-01, -1.69892734e+02, -2.94666066e+01,
       -1.45552897e+01, -3.59409968e+02]), array([ -11.51477486,   -6.20551615, -171.41333751,  -47.11688071,
        -16.00330392, -347.99664563]), array([ -10.84504849,  -11.6802263 , -168.95943801,  -42.32420908,
        -34.19804691, -345.8791228 ])
20, array([ -17.04205358,   -2.30545219, -166.3150116 ,  -39.91065948,
        -35.04006225, -351.86455344]), array([ -12.74888791,   -6.99942442, -168.95240411,  -47.43968438,
        -27.24781026, -345.30845682]), array([ -11.95749127,  -12.35271694, -166.27475085,  -34.91652007,
        -54.80741609, -342.29494456])
21, array([ -21.80997492,   -3.00705383, -162.55163019,  -53.57542798,
        -58.90246456, -338.74443854]), array([ -13.52613209,   -8.33184375, -168.17515044,  -37.89068288,
        -48.45548389, -342.19947253]), array([  -8.29333799,  -11.68650656, -166.05267187,  -15.81850853,
        -71.24058897, -339.29697699])
22, array([ -23.4139932 ,   -3.33673946, -160.77587027,  -60.96206642,
        -77.79328694, -326.92802137]), array([ -11.40683933,  -10.67823211, -167.16871532,  -30.17023481,
        -65.28974974, -341.62344736]), array([  -4.15850117,   -9.3429643 , -166.2752533 ,  -15.33584968,
        -87.49531655, -333.24918578])
23, array([ -20.43628029,   -5.22219048, -160.77085544,  -55.04425514,
        -92.01401235, -320.25662371]), array([ -10.8516637 ,   -9.56788275, -167.5018262 ,  -36.94336669,
        -83.27741856, -335.96065346]), array([  -8.26679344,  -11.00848834, -166.2752533 ,  -29.54832383,
       -100.81950892, -325.80985111])
24, array([ -13.77902057,   -7.24740879, -162.26006231,  -39.87830202,
        -96.7300081 , -321.03441389]), array([ -10.06445485,  -11.12731252, -166.38670386,  -33.82953326,
       -102.43512891, -325.55747463]), array([  -3.03115348,  -10.01302466, -164.59892721,  -12.73113572,
        -95.50582722, -329.24638922])
25, array([  -5.58233601,   -8.6383595 , -163.82786097,  -21.53878586,
        -88.39507264, -329.36201791]), array([  -5.06788223,  -12.34869758, -166.16462488,  -15.28669736,
       -105.98824081, -324.11398402]), array([   3.5199082 ,  -13.78821364, -161.93408569,    8.47653885,
        -87.40027838, -335.02019984])
26, array([   2.17939426,  -10.37586376, -163.21952079,   -5.11359863,
        -74.09674401, -340.68841233]), array([  -2.81285143,  -12.91232967, -165.94038391,   -6.16148472,
        -97.40950012, -330.58148193]), array([   4.33089876,  -17.26555252, -162.36851501,    1.98685551,
        -78.6571579 , -341.85522461])
27, array([   8.02477994,  -13.05185087, -160.7687962 ,    7.52950785,
        -66.99804324, -346.71566502]), array([   1.89683833,  -19.17918629, -164.2494876 ,   -1.32610557,
        -86.14229657, -339.73343108]), array([   7.02286766,  -19.72523367, -161.02855033,   -2.21706442,
        -82.23807799, -340.95119653])
28, array([  12.67980636,  -16.64316889, -155.59022315,   19.34158481,
        -73.81433959, -341.70015833]), array([   6.67134086,  -22.73230577, -160.58532863,    6.55737533,
        -87.58575682, -339.51133693]), array([   9.90977582,  -20.61351544, -160.91751843,    6.11055581,
        -84.23670533, -338.508434  ])
29, array([  17.53668944,  -17.86888007, -151.15095804,   34.04728598,
        -85.22296633, -329.18812707]), array([ 9.23678371e+00, -2.31718392e+01, -1.60697548e+02, -2.71524822e-01,
       -8.93388740e+01, -3.38512035e+02]), array([  13.17073643,  -14.78560327, -161.136484  ,   15.56460259,
        -69.56015978, -340.51703366])
30, array([  22.93949653,  -13.7356538 , -151.25315471,   51.68049526,
        -84.8430158 , -318.9854098 ]), array([   7.79332868,  -20.61803722, -161.58581843,   -7.15569092,
        -80.34503205, -339.95549495]), array([  18.9445518 ,   -8.34557658, -160.02614981,   34.55157748,
        -54.79251095, -340.85014454])
31, array([  27.74217853,   -6.86999364, -154.41881356,   66.21408086,
        -69.57458276, -317.02751619]), array([  14.39789933,  -12.56004781, -160.58223037,   15.01629526,
        -64.09650098, -341.07086857]), array([  26.89108683,   -0.72720633, -161.47555542,   67.1131976 ,
        -36.65111665, -337.71821632])
32, array([  30.67453495,   -0.83910821, -157.95953245,   75.03234123,
        -49.80813244, -320.64366761]), array([  21.39309786,   -6.78623055, -160.47119847,   41.99778236,
        -47.5522962 , -340.07156628]), array([  31.11041479,    5.37971476, -161.47555542,   84.10154895,
        -24.54830554, -335.38647051])
33, array([  30.27030059,    2.9928338 , -161.15683231,   76.11495852,
        -35.34838375, -326.16917722]), array([ 2.49875833e+01, -2.84072306e-01, -1.60810338e+02,  5.99523699e+01,
       -4.50134838e+01, -3.37838391e+02]), array([  24.06245926,   13.67107669, -165.39055317,   69.34293683,
         -8.18304468, -342.09177485])
34, array([  24.59883768,    6.32233699, -165.49529442,   66.46204044,
        -25.70807382, -333.60317238]), array([  27.98552621,    6.37802453, -162.80895816,   75.05312578,
        -24.80512578, -338.50458217]), array([  12.84793087,   21.44352225, -169.05472732,   41.47317081,
         10.02668604, -347.97663256])
35, array([  15.74445811,   10.6347451 , -169.76558148,   49.30555291,
        -15.77404957, -342.64991396]), array([  25.08019501,   14.55047952, -166.27726297,   71.7219026 ,
         -0.52221944, -341.52655174]), array([   3.75872528,   23.70123262, -170.9660127 ,   20.48195976,
         15.44579328, -349.55974747])
36, array([   7.05096462,   15.28805847, -172.41417289,   32.1841116 ,
         -5.75414363, -349.72499156]), array([  16.97464617,   17.21531818, -167.60967614,   53.06803479,
         -0.41118451, -345.63483831]), array([  -5.56820934,   24.92261768, -172.74256865,   -2.05813225,
         19.66512219, -351.33631859])
37, array([   0.63864953,   18.76677691, -173.52850726,   19.55163294,
          2.59489612, -353.66746475]), array([   5.21432143,   19.12627427, -170.7416728 ,   26.85508002,
          2.83947643, -349.33483665]), array([ -13.30230412,   23.2544978 , -174.98277804,  -20.99637131,
         22.92499329, -352.46040084])
38, array([  -2.9281253 ,   21.18770872, -173.43776424,   11.42810951,
          8.73849606, -355.66618201]), array([  -7.443662  ,   23.56767173, -172.85135481,   -4.01263175,
         20.38299701, -350.66728017]), array([  -9.41608135,   25.36416083, -176.42623828,   -6.78389954,
         32.14089339, -354.01490817])
39, array([  -2.9281253 ,   21.18770872, -173.43776424,   11.42810951,
          8.73849606, -355.66618201]), array([ -13.0819931 ,   23.02966309, -173.75386047,  -16.09576225,
         21.24372673, -350.78491211]), array([  -9.39849663,   25.37370682, -176.43276978,   -6.71958971,
         32.1825943 , -354.02194214])
