0, array([  -5.40112309,   14.43875537, -174.26821098,    6.43387117,
          6.98099337, -355.55086853]), array([  -9.17525482,   12.42566013, -174.42359924,  -11.29605389,
         10.86296463, -353.46380615]), array([  -9.39849663,   11.97917557, -176.20951843,  -11.63091755,
          9.74675369, -353.91030884])
1, array([   2.33795222,   17.29692615, -173.53541305,   18.01653934,
         11.29787063, -354.39670331]), array([  -1.54030393,   15.0120367 , -174.40953144,    7.09873316,
         17.28817106, -352.77802047]), array([  -0.44368759,   14.44740071, -173.64224243,   10.85968593,
         16.59935176, -352.00522004])
2, array([  12.57532143,   22.92556346, -168.4641569 ,   36.46362938,
         25.93933974, -347.80347815]), array([   8.3418049 ,   19.23136466, -171.30054715,   26.75191749,
         31.16753622, -349.22490858]), array([   5.1080592 ,   17.22327317, -173.64224243,   22.96249135,
         26.25939085, -350.33969599])
3, array([  23.13934747,   27.59886393, -162.63154585,   55.32916782,
         43.88791452, -338.35260879]), array([  12.38813216,   24.71444849, -170.1648255 ,   33.9343531 ,
         54.33004705, -343.61772798]), array([  10.73391258,   21.70695769, -169.94241156,   31.40558646,
         44.42298112, -345.95128566])
4, array([  30.24672202,   28.72992041, -159.0152765 ,   66.61008848,
         61.22246068, -329.77657314]), array([  17.82884519,   27.49032191, -165.61238096,   40.2633422 ,
         66.65492576, -337.39975939]), array([  21.50430293,   26.14835515, -165.612046  ,   47.94978934,
         63.96513449, -336.95747402])
5, array([  31.34270687,   29.9054751 , -157.89202327,   65.01317392,
         79.21158094, -324.58125172]), array([  25.21141318,   27.16935854, -160.90604648,   55.02864564,
         67.59964231, -331.11915569]), array([  26.32929694,   27.60445396, -160.90872608,   57.93112599,
         71.0330974 , -330.56908891])
6, array([  27.05503487,   33.16028323, -158.41766409,   53.25082456,
         94.55489859, -323.76594272]), array([  27.6541814 ,   30.38937094, -157.13085561,   62.24591651,
         78.59210405, -324.34604278]), array([  29.32723985,   27.04927928, -158.02182077,   65.25943635,
         73.14276423, -326.46080233])
7, array([  19.34431268,   33.95506767, -162.56458471,   35.49538558,
         97.16367902, -330.17903042]), array([  25.07986007,   30.16713587, -158.47232755,   53.52238662,
         88.09120148, -324.12227384]), array([  30.65161997,   26.70738173, -157.13311651,   70.90211825,
         77.05352189, -323.45583127])
8, array([  10.80034038,   32.31972866, -168.41665785,   17.15965611,
         84.61067928, -342.69848742]), array([  19.52811514,   27.39125867, -163.13578881,   38.75474539,
         82.09531188, -330.67335331]), array([  20.99158088,   24.15357971, -161.90762485,   41.47786008,
         76.72041859, -331.45034062])
9, array([   2.74078938,   30.9364827 , -170.68526192,    1.33416415,
         70.32002856, -353.64729379]), array([   9.99996011,   25.37739123, -167.28334787,   12.07638155,
         77.72634366, -336.49224483]), array([   5.20159344,   24.03425217, -167.06178655,   -2.53526419,
         71.24277575, -337.94513686])
10, array([  -4.904657  ,   30.89089505, -170.08448581,  -16.7163418 ,
         66.72373514, -355.5695203 ]), array([  -5.65596527,   27.82015946, -169.6150785 ,  -33.00380436,
         79.2808358 , -333.05014965]), array([  -9.56605349,   24.03425217, -170.50388172,  -40.50921493,
         66.468275  , -335.72443813])
11, array([ -12.00684357,   31.60994478, -167.62061589,  -39.77317094,
         74.3783639 , -345.19300486]), array([ -16.76825098,   31.62364956, -167.83811912,  -59.18753234,
         86.53536954, -321.31569952]), array([ -21.45633845,   28.72074863, -169.6235359 ,  -69.79237362,
         74.70060587, -321.42772098])
12, array([ -18.14457719,   30.29574639, -165.63514121,  -65.43044206,
         76.63593269, -330.80799544]), array([ -20.43240427,   30.51330019, -168.06016774,  -67.18204929,
         77.65257462, -319.65017547]), array([ -25.12049173,   26.6110856 , -169.17939312,  -78.89723993,
         61.93158438, -320.31737162])
13, array([ -21.19624191,   26.25089838, -165.75106088,  -83.76850719,
         63.13309276, -324.16905111]), array([ -26.92300797,   25.26208687, -167.61470032,  -82.51030731,
         61.42732239, -316.9637146 ]), array([ -29.82515717,   21.35534668, -168.17280579,  -90.54702759,
         47.9211731 , -318.07995605])
14, array([ -21.15221898,   22.22595789, -167.1309631 ,  -91.13186272,
         47.36022864, -324.32249876]), array([ -29.14337175,   19.65641167, -167.73335219,  -91.53705027,
         45.97185985, -318.00396415]), array([ -30.79105987,   18.98367172, -168.95968921,  -95.48305806,
         44.07982636, -316.14359086])
15, array([ -18.22267439,   18.24679967, -169.84112851,  -85.55624767,
         37.43703556, -328.05814244]), array([ -26.47853403,   14.21570054, -169.28782916,  -88.31703408,
         34.53526292, -325.88745678]), array([ -22.24137014,   12.87674927, -170.18107048,  -76.27401557,
         33.86461449, -332.24368701])
16, array([ -13.48484112,   13.26794246, -172.70340166,  -65.83888679,
         26.77373768, -338.41317594]), array([ -20.0827192 ,    9.05986224, -170.85337463,  -71.05043615,
         32.13402699, -335.63837499]), array([ -10.61209322,    6.15268931, -171.96665475,  -47.07660333,
         28.32090525, -343.4367486 ])
17, array([  -9.46744331,    7.57080025, -174.16094176,  -42.1042692 ,
         12.12818934, -352.84800545]), array([ -11.75509992,    4.50742861, -171.29753259,  -51.28621897,
         19.25397549, -344.63218663]), array([-6.83690519e+00,  2.67836613e-01, -1.71633559e+02, -3.38634466e+01,
        1.06663511e+01, -3.48433351e+02])
18, array([  -9.14848593,    2.8917466 , -172.80133746,  -29.27051423,
         -0.68321994, -360.4608808 ]), array([  -8.95670132,   -2.31736767, -172.30077048,  -42.33710454,
         -2.57075518, -348.88468002]), array([-9.06765233e+00, -3.65347166e+00, -1.71740671e+02, -3.93283577e+01,
       -2.38100663e-01, -3.47654491e+02])
19, array([-1.20566834e+01, -2.96754933e-01, -1.69892734e+02, -2.94666066e+01,
       -1.45552897e+01, -3.59409968e+02]), array([ -10.51118967,   -5.31531129, -171.6345639 ,  -45.77918453,
        -15.56184356, -347.99639446]), array([ -10.40007214,   -5.54106567, -170.4082422 ,  -44.43596554,
        -17.00437606, -345.98896713])
20, array([ -17.04205358,   -2.30545219, -166.3150116 ,  -39.91065948,
        -35.04006225, -351.86455344]), array([ -12.97363698,   -5.66826114, -168.9516505 ,  -48.34194638,
        -27.35842727, -345.08519029]), array([ -14.08909429,   -6.21229883, -168.05991647,  -42.09996054,
        -33.6979672 , -343.86214947])
21, array([ -21.80997492,   -3.00705383, -162.55163019,  -53.57542798,
        -58.90246456, -338.74443854]), array([ -14.41709058,  -10.66483423, -167.84130113,  -42.90123905,
        -48.12195812, -341.97623635]), array([ -15.1994446 ,   -4.99091519, -167.50475696,  -40.54547218,
        -44.35732186, -342.86281682])
22, array([ -23.4139932 ,   -3.33673946, -160.77587027,  -60.96206642,
        -77.79328694, -326.92802137]), array([ -12.18684586,   -9.22765898, -167.50375215,  -31.27924629,
        -65.96299781, -341.2852285 ]), array([ -14.53390507,   -6.99841958, -167.95072677,  -35.75414035,
        -69.09374606, -339.60789761])
23, array([ -20.43628029,   -5.22219048, -160.77085544,  -55.04425514,
        -92.01401235, -320.25662371]), array([ -10.74339226,   -8.45041575, -167.94787975,  -33.27787553,
        -86.28238966, -333.40173587]), array([ -15.0890788 ,   -8.33083891, -168.72798043,  -44.41486388,
        -92.9662574 , -329.72580041])
24, array([ -13.77902057,   -7.24740879, -162.26006231,  -39.87830202,
        -96.7300081 , -321.03441389]), array([  -9.50743795,  -11.12681009, -167.9482984 ,  -30.70682183,
       -102.43244934, -325.44768355]), array([ -17.6534326 ,  -10.01051256, -167.94854962,  -52.24508779,
        -95.72974083, -326.34506596])
25, array([  -5.58233601,   -8.6383595 , -163.82786097,  -21.53878586,
        -88.39507264, -329.36201791]), array([  -5.95431942,  -11.68198478, -166.28278954,  -15.71710351,
       -102.43244934, -326.44698584]), array([ -10.99133641,  -10.45465344, -166.61615163,  -31.14844796,
        -88.51246996, -333.22925631])
26, array([   2.17939426,  -10.37586376, -163.21952079,   -5.11359863,
        -74.09674401, -340.68841233]), array([  -2.58960938,  -13.80529594, -164.37768555,   -6.60796833,
        -93.83763123, -333.70687866]), array([  -2.2547462 ,  -16.14934158, -164.48930359,  -11.29605389,
        -94.50735474, -335.15795898])
27, array([   8.02477994,  -13.05185087, -160.7687962 ,    7.52950785,
        -66.99804324, -346.71566502]), array([   1.7822029 ,  -16.50932436, -162.80544125,   -1.00531004,
        -85.7948819 , -339.73845529]), array([   1.10142304,  -20.27630525, -162.47912824,  -10.08430045,
        -93.02562678, -338.62522855])
28, array([  12.67980636,  -16.64316889, -155.59022315,   19.34158481,
        -73.81433959, -341.70015833]), array([   5.89049553,  -22.06107119, -160.6957896 ,    3.76919214,
        -84.46246114, -340.6267105 ]), array([   2.76694697,  -19.61009676, -162.25706444,  -13.63741804,
        -86.25249869, -340.17973587])
29, array([  17.53668944,  -17.86888007, -151.15095804,   34.04728598,
        -85.22296633, -329.18812707]), array([ 8.56914981e+00, -2.38428226e+01, -1.61029471e+02, -1.54879520e-01,
       -8.62201763e+01, -3.39402916e+02]), array([ 8.36098062e+00, -2.10460150e+01, -1.60469273e+02,  1.26559713e-01,
       -8.64337903e+01, -3.37614873e+02])
30, array([  22.93949653,  -13.7356538 , -151.25315471,   51.68049526,
        -84.8430158 , -318.9854098 ]), array([   7.68087088,  -21.62212388, -161.14050331,   -5.70662648,
        -79.00289781, -340.29117123]), array([  11.46995922,  -17.15979033, -160.02514497,   10.00866969,
        -76.66270978, -337.9479839 ])
31, array([  27.74217853,   -6.86999364, -154.41881356,   66.21408086,
        -69.57458276, -317.02751619]), array([  14.29029589,  -13.66755013, -159.80289849,   13.90644738,
        -63.31850508, -341.40406313]), array([  12.8331932 ,  -12.56272739, -160.80179726,   11.5496766 ,
        -63.79312424, -340.40082524])
32, array([  30.67453495,   -0.83910821, -157.95953245,   75.03234123,
        -49.80813244, -320.64366761]), array([  22.61791613,   -5.00682518, -160.35807317,   42.99760225,
        -47.88464967, -339.8495558 ]), array([  19.16218515,   -7.67718904, -159.46936891,   36.42150066,
        -57.68620273, -339.29044552])
33, array([  30.27030059,    2.9928338 , -161.15683231,   76.11495852,
        -35.34838375, -326.16917722]), array([  25.43255966,   -0.95203979, -162.03590653,   63.84654381,
        -42.90248101, -337.50502867]), array([  29.10751499,    0.37836998, -159.92138295,   73.2066451 ,
        -41.46547229, -335.49684769])
34, array([  24.59883768,    6.32233699, -165.49529442,   66.46204044,
        -25.70807382, -333.60317238]), array([  27.76429408,    6.48730081, -163.03522399,   73.39554911,
        -27.02448472, -338.83744184]), array([  27.66406233,    3.8204527 , -163.69657383,   75.64941522,
        -31.80543509, -337.27338846])
35, array([  15.74445811,   10.6347451 , -169.76558148,   49.30555291,
        -15.77404957, -342.64991396]), array([  23.51800479,   15.66351036, -164.82886222,   68.48940962,
         -3.30889477, -341.97121219]), array([  22.62654101,   10.86865873, -165.05278346,   67.82337052,
        -18.81267203, -341.07907475])
36, array([   7.05096462,   15.28805847, -172.41417289,   32.1841116 ,
         -5.75414363, -349.72499156]), array([  15.74555829,   16.2186841 , -167.93783133,   52.83349041,
         -0.64405646, -344.85810233]), array([  15.85341103,   14.64384676, -168.60589536,   54.61021384,
         -8.48642256, -344.52116993])
37, array([   0.63864953,   18.76677691, -173.52850726,   19.55163294,
          2.59489612, -353.66746475]), array([   5.4368096 ,   17.67629016, -173.53002298,   26.29462993,
          3.84406623, -349.22340131]), array([   7.33436829,   13.87849321, -171.52386696,   32.54541003,
         -1.19068999, -349.22432242])
38, array([  -2.9281253 ,   21.18770872, -173.43776424,   11.42810951,
          8.73849606, -355.66618201]), array([  -8.22048701,   23.56114027, -172.75278449,   -7.68205997,
         21.38758609, -350.77787828]), array([  -6.3229288 ,   16.21022668, -174.74386797,   -1.43127891,
          0.69690384, -352.00019583])
39, array([  -2.9281253 ,   21.18770872, -173.43776424,   11.42810951,
          8.73849606, -355.66618201]), array([ -11.29605484,   23.14128494, -173.30737305,  -13.41685486,
         22.13669586, -350.78491211]), array([  -6.38472652,   16.22077751, -174.75843811,   -1.58501959,
          0.70544499, -352.01275635])
