0, array([  -5.40112309,   14.43875537, -174.26821098,    6.43387117,
          6.98099337, -355.55086853]), array([  -8.5055275 ,   12.87214375, -173.97709656,  -10.73794937,
         13.20700741, -353.57543945]), array([  -9.51011753,   11.64431286, -175.42817688,  -12.30064487,
          8.07243729, -354.02194214])
1, array([   2.33795222,   17.29692615, -173.53541305,   18.01653934,
         11.29787063, -354.39670331]), array([   0.46887558,   13.67660332, -173.07608306,   10.23517742,
         20.40552143, -352.44013651]), array([  -2.10795562,   14.21511438, -174.19230912,    3.51731206,
          8.87137023, -352.67392348])
2, array([  12.57532143,   22.92556346, -168.4641569 ,   36.46362938,
         25.93933974, -347.80347815]), array([  10.35098497,   18.78421116, -171.29954229,   32.33112996,
         32.50832875, -348.22080285]), array([   5.66449041,   14.99235856, -172.41573799,   21.06083003,
         12.75759301, -350.78633563])
3, array([  23.13934747,   27.59886393, -162.63154585,   55.32916782,
         43.88791452, -338.35260879]), array([  14.39605713,   23.48326623, -169.49048127,   36.83524624,
         50.42414613, -343.50525733]), array([  11.40908184,   18.25131045, -170.6092043 ,   34.35127687,
         26.78936002, -347.3994351 ])
4, array([  30.24672202,   28.72992041, -159.0152765 ,   66.61008848,
         61.22246068, -329.77657314]), array([  19.50366402,   25.37085977, -163.71667065,   42.83112825,
         62.97109243, -337.06522495]), array([  23.6229258 ,   23.91409107, -165.50160026,   62.44311428,
         46.99772187, -337.62835462])
5, array([  31.34270687,   29.9054751 , -157.89202327,   65.01317392,
         79.21158094, -324.58125172]), array([  25.55096419,   27.16466928, -160.79174889,   58.71414988,
         67.70958561, -329.33290152]), array([  31.9023129 ,   24.92755815, -160.13071874,   78.09435489,
         58.09845146, -328.67756549])
6, array([  27.05503487,   33.16028323, -158.41766409,   53.25082456,
         94.55489859, -323.76594272]), array([  29.54822266,   28.83019143, -156.12828763,   66.59762733,
         78.14687268, -322.44874153]), array([  32.23541809,   25.03859195, -158.35416279,   72.09847288,
         64.64951575, -326.56791384])
7, array([  19.34431268,   33.95506767, -162.56458471,   35.49538558,
         97.16367902, -330.17903042]), array([  25.30235015,   30.72297855, -157.69172442,   51.070493  ,
         90.32111126, -323.00584218]), array([  33.67946071,   26.94343716, -155.22752527,   77.6463678 ,
         73.83484546, -321.5421709 ])
8, array([  10.80034038,   32.31972866, -168.41665785,   17.15965611,
         84.61067928, -342.69848742]), array([  19.41749813,   26.94779147, -162.68831174,   37.96837201,
         83.21487229, -329.44587457]), array([  30.23737692,   30.05241386, -156.44890653,   68.98563669,
         81.60729101, -322.43048682])
9, array([   2.74078938,   30.9364827 , -170.68526192,    1.33416415,
         70.32002856, -353.64729379]), array([   8.77045354,   25.26761349, -166.83635804,    8.61461962,
         78.39557237, -335.70919802]), array([  13.90619692,   35.7653566 , -163.26499155,   18.66068458,
        103.87180088, -324.87592901])
10, array([  -4.904657  ,   30.89089505, -170.08448581,  -16.7163418 ,
         66.72373514, -355.5695203 ]), array([  -7.99582168,   28.93176488, -168.83499297,  -37.46487996,
         79.61695363, -331.15675348]), array([  -2.08283459,   42.98262747, -165.59672218,  -27.30777835,
        122.74774008, -316.32624498])
11, array([ -12.00684357,   31.60994478, -167.62061589,  -39.77317094,
         74.3783639 , -345.19300486]), array([ -17.4377271 ,   31.39957229, -168.28350273,  -60.74981202,
         86.19941159, -319.8651216 ]), array([  -8.3973398 ,   37.53496239, -168.73250224,  -38.98402987,
        106.27772684, -322.10457738])
12, array([ -18.14457719,   30.29574639, -165.63514121,  -65.43044206,
         76.63593269, -330.80799544]), array([ -20.76877519,   29.17887356, -167.06212146,  -68.18915429,
         75.8731716 , -318.86578896]), array([ -12.94977201,   30.31769341, -170.84215389,  -46.86751112,
         78.07485753, -330.43219761])
13, array([ -21.19624191,   26.25089838, -165.75106088,  -83.76850719,
         63.13309276, -324.16905111]), array([ -27.25787163,   23.02966309, -165.94038391,  -84.74272919,
         58.41355515, -315.95913696]), array([ -25.47193336,   23.92263222, -170.62846375,  -78.49195099,
         61.31570053, -321.87503052])
14, array([ -21.15221898,   22.22595789, -167.1309631 ,  -91.13186272,
         47.36022864, -324.32249876]), array([ -29.14286933,   18.21488496, -167.17625167,  -92.08862428,
         43.64288874, -317.66661304]), array([ -34.6278772 ,   18.21588981, -169.17185681,  -97.81495919,
         47.20070128, -313.28928638])
15, array([ -18.22267439,   18.24679967, -169.84112851,  -85.55624767,
         37.43703556, -328.05814244]), array([ -26.36699592,   14.88383687, -168.9528228 ,  -87.42515543,
         35.53733989, -324.99490063]), array([ -35.29408758,   15.10691216, -167.95047555, -100.59083261,
         35.98616814, -315.28789095])
16, array([ -13.48484112,   13.26794246, -172.70340166,  -65.83888679,
         26.77373768, -338.41317594]), array([ -18.30599389,   11.62212262, -169.63224453,  -68.26995721,
         32.14072592, -335.74662839]), array([ -36.05039947,   12.28849857, -166.83376218, -104.23539719,
         31.71349986, -313.42743382])
17, array([  -9.46744331,    7.57080025, -174.16094176,  -42.1042692 ,
         12.12818934, -352.84800545]), array([ -12.42114187,    5.73727013, -171.85294325,  -51.17057775,
         21.03723228, -343.85218483]), array([ -29.27726758,    5.51536858, -166.94479408,  -93.35396734,
         25.71761405, -322.86540342])
18, array([  -9.14848593,    2.8917466 , -172.80133746,  -29.27051423,
         -0.68321994, -360.4608808 ]), array([  -7.95981507,   -1.86786823, -171.85428305,  -38.78164043,
          0.78290148, -348.77039765]), array([ -15.63186044,    0.46110129, -166.72038571,  -57.57124627,
         13.14872663, -337.84894158])
19, array([-1.20566834e+01, -2.96754933e-01, -1.69892734e+02, -2.94666066e+01,
       -1.45552897e+01, -3.59409968e+02]), array([ -12.06810829,   -3.86649829, -171.18807647,  -47.66443534,
        -10.54266154, -346.99382652]), array([  -9.85804413,   -6.53409861, -166.27625811,  -41.80428377,
         -6.17135251, -341.84618108])
20, array([ -17.04205358,   -2.30545219, -166.3150116 ,  -39.91065948,
        -35.04006225, -351.86455344]), array([ -14.53156044,   -6.55746116, -168.28266537,  -51.56715426,
        -28.14504996, -343.96976338]), array([  -8.38009003,  -10.45716556, -164.26380661,  -39.38362091,
        -22.09440033, -341.8547222 ])
21, array([ -21.80997492,   -3.00705383, -162.55163019,  -53.57542798,
        -58.90246456, -338.74443854]), array([ -13.86535006,   -9.88850925, -167.50542689,  -40.9077996 ,
        -51.24031333, -341.19385961]), array([  -2.27316829,  -10.67923695, -163.26448914,  -21.28492778,
        -34.97445562, -341.6326584 ])
22, array([ -23.4139932 ,   -3.33673946, -160.77587027,  -60.96206642,
        -77.79328694, -326.92802137]), array([ -12.74562218,  -10.79002048, -166.72256283,  -31.95248865,
        -60.60451313, -341.62579201]), array([ 8.72871954e-02, -1.03415253e+01, -1.62258237e+02, -1.66674312e+01,
       -3.93648566e+01, -3.40850479e+02])
23, array([ -20.43628029,   -5.22219048, -160.77085544,  -55.04425514,
        -92.01401235, -320.25662371]), array([ -11.74630756,   -9.79070492, -167.27773751,  -36.28285041,
        -80.479766  , -337.51750544]), array([  -1.24513196,   -8.00979276, -163.14650713,  -25.66126178,
        -38.25450727, -340.7394324 ])
24, array([ -13.77902057,   -7.24740879, -162.26006231,  -39.87830202,
        -96.7300081 , -321.03441389]), array([ -10.17657912,  -12.13164943, -166.38611769,  -33.60829923,
       -104.33084683, -325.89306716]), array([   2.43333983,   -8.67005593, -163.26197704,   -9.73260571,
        -44.39282625, -341.07438549])
25, array([  -5.58233601,   -8.6383595 , -163.82786097,  -21.53878586,
        -88.39507264, -329.36201791]), array([  -5.84621546,  -13.01993025, -165.38678505,  -17.73030294,
       -105.44119619, -325.44893956]), array([   2.43333983,   -7.78177701, -163.9281988 ,   -8.73329109,
        -48.83422371, -341.74060725])
26, array([   2.17939426,  -10.37586376, -163.21952079,   -5.11359863,
        -74.09674401, -340.68841233]), array([  -1.58501935,  -13.80529594, -163.37309265,   -4.37554693,
        -95.51194   , -332.36743164]), array([  -1.47339845,   -5.54533625, -165.38226318,  -15.64927673,
        -48.07297134, -343.19467163])
27, array([   8.02477994,  -13.05185087, -160.7687962 ,    7.52950785,
        -66.99804324, -346.71566502]), array([   3.12316326,  -17.94733604, -163.47568242,    2.22918977,
        -84.35585968, -339.50765252]), array([  -0.48388124,   -6.54992485, -166.16362   ,   -5.83968399,
        -55.6973726 , -342.96641134])
28, array([  12.67980636,  -16.64316889, -155.59022315,   19.34158481,
        -73.81433959, -341.70015833]), array([   7.56456025,  -20.61217565, -161.47706267,    6.44851726,
        -85.68828044, -338.73041403]), array([  -3.81492912,   -6.54992485, -166.16362   ,   -8.72659215,
        -63.24774676, -341.85606198])
29, array([  17.53668944,  -17.86888007, -151.15095804,   34.04728598,
        -85.22296633, -329.18812707]), array([   7.90486632,  -22.94189849, -160.36309733,   -0.37435354,
        -85.99233468, -337.8381395 ]), array([  -6.04441997,   -4.99225498, -166.61430946,  -17.63752261,
        -62.38015178, -342.4083059 ])
30, array([  22.93949653,  -13.7356538 , -151.25315471,   51.68049526,
        -84.8430158 , -318.9854098 ]), array([   8.460041  ,  -18.61153483, -161.36239962,   -4.92678599,
        -77.55367495, -338.17122003]), array([  -4.60096589,   -6.32467432, -167.72464365,  -12.08577579,
        -67.59879531, -341.07589273])
31, array([  27.74217853,   -6.86999364, -154.41881356,   66.21408086,
        -69.57458276, -317.02751619]), array([  16.51099462,  -10.10672876, -160.3599991 ,   18.91264924,
        -59.97757604, -339.17398596]), array([  -3.0364289 ,   -7.33328229, -166.94462661,   -7.72518411,
        -73.52727228, -339.06335742])
32, array([  30.67453495,   -0.83910821, -157.95953245,   75.03234123,
        -49.80813244, -320.64366761]), array([  20.95239208,   -5.11015614, -160.5820629 ,   42.45205729,
        -47.09752266, -338.39674747]), array([  -3.14746364,   -7.99949314, -166.83359471,   -8.0582893 ,
        -75.08176442, -338.61919946])
33, array([  30.27030059,    2.9928338 , -161.15683231,   76.11495852,
        -35.34838375, -326.16917722]), array([  26.10002609,   -2.06950654, -159.36453354,   62.29264163,
        -41.66962402, -337.16940564]), array([ 3.21331430e-01, -9.89906009e+00, -1.65268384e+02,  1.33496483e+00,
       -7.89985435e+01, -3.37388120e+02])
34, array([  24.59883768,    6.32233699, -165.49529442,   66.46204044,
        -25.70807382, -333.60317238]), array([  27.43244495,    4.81465914, -163.69489909,   75.7278735 ,
        -23.57092899, -338.16870793]), array([   4.20755424,  -10.12113148, -164.26908199,    9.21844536,
        -81.8854564 , -336.38878728])
35, array([  15.74445811,   10.6347451 , -169.76558148,   49.30555291,
        -15.77404957, -342.64991396]), array([  22.40112205,   15.33032048, -167.61587262,   65.80782836,
         -2.63933563, -342.75322367]), array([   8.02008886,   -9.23100845, -165.82625374,   18.74609607,
        -75.97908595, -337.38870612])
36, array([   7.05096462,   15.28805847, -172.41417289,   32.1841116 ,
         -5.75414363, -349.72499156]), array([ 1.41845375e+01,  1.69958445e+01, -1.68393111e+02,  4.83753418e+01,
       -8.55322998e-02, -3.46084272e+02]), array([  11.79527594,  -10.67446395, -164.16071452,   29.40545073,
        -76.53425305, -336.27835676])
37, array([   0.63864953,   18.76677691, -173.52850726,   19.55163294,
          2.59489612, -353.66746475]), array([   4.4334761 ,   19.46080299, -170.96391929,   23.8413927 ,
          4.51186665, -349.66978975]), array([  17.50545346,   -7.43996415, -161.80989187,   46.64442317,
        -69.71724689, -335.49349824])
38, array([  -2.9281253 ,   21.18770872, -173.43776424,   11.42810951,
          8.73849606, -355.66618201]), array([  -7.55829695,   23.45806146, -171.74117296,   -6.91528242,
         19.50158355, -351.11325   ]), array([  21.83581523,   -3.55374042, -161.14368529,   58.74722669,
        -56.17098691, -336.38175345])
39, array([  -2.9281253 ,   21.18770872, -173.43776424,   11.42810951,
          8.73849606, -355.66618201]), array([ -11.74253941,   22.80642128, -173.53060913,  -15.76089764,
         20.12751579, -351.34301758]), array([  21.85540962,   -3.5361557 , -161.14067078,   58.80199051,
        -56.10969162, -336.38577271])
