[-0.3584422892401891,0.055277196677562146,0.9616266560151185,-0.12754202919343446,-0.07632621188401971,-0.2045837823144847] [-0.24944228082788203,0.0186191989817438,0.35853148016122915,-0.024086143533440726,-0.07407117606726618,-0.4974027891895334]
[-0.24944228082788203,0.0186191989817438,0.35853148016122915,-0.024086143533440726,-0.07407117606726618,-0.4974027891895334] [-0.08719222427452177,0.03516699734767603,0.07515427308241662,0.11988679744579848,-0.04840019918486405,-0.6493522944977332]
[-0.08719222427452177,0.03516699734767603,0.07515427308241662,0.11988679744579848,-0.04840019918486405,-0.6493522944977332] [0.14290008034039844,0.08361143396416137,-0.08904206204748633,0.3250151581488277,0.0026224488157106166,-0.7380309382199961]
[0.14290008034039844,0.08361143396416137,-0.08904206204748633,0.3250151581488277,0.0026224488157106166,-0.7380309382199961] [0.4077068283089331,0.18940278936159916,0.0037704725140006445,0.5850756521726864,0.09350984459909667,-0.6396706212741599]
[0.4077068283089331,0.18940278936159916,0.0037704725140006445,0.5850756521726864,0.09350984459909667,-0.6396706212741599] [0.644792517206,0.3554296290611879,0.3813413270288937,0.8279687126688897,0.24906403644774044,-0.31075502779607156]
[0.644792517206,0.3554296290611879,0.3813413270288937,0.8279687126688897,0.24906403644774044,-0.31075502779607156] [0.7688323864052867,0.5410834801203519,0.7406354461317957,0.955391289999259,0.44577255241574354,0.07268317610116881]
[0.7688323864052867,0.5410834801203519,0.7406354461317957,0.955391289999259,0.44577255241574354,0.07268317610116881] [0.7563586790392646,0.699828474042186,0.9377594121297408,0.9466645146708885,0.631820981041994,0.3365563987846967]
[0.7563586790392646,0.699828474042186,0.9377594121297408,0.9466645146708885,0.631820981041994,0.3365563987846967] [0.6162014731271211,0.8051926228935217,0.8926030930177804,0.7930251216168981,0.7559378313931137,0.3664966058442696]
[0.6162014731271211,0.8051926228935217,0.8926030930177804,0.7930251216168981,0.7559378313931137,0.3664966058442696] [0.3721685142239725,0.8387037691978766,0.6243131627388037,0.5086420037645998,0.7955159837328633,0.16394963307404709]
[0.3721685142239725,0.8387037691978766,0.6243131627388037,0.5086420037645998,0.7955159837328633,0.16394963307404709] [0.08757316634463869,0.842871570189745,0.28664665583403526,0.1937174789043746,0.799475643393325,-0.08353576518571604]
[0.08757316634463869,0.842871570189745,0.28664665583403526,0.1937174789043746,0.799475643393325,-0.08353576518571604] [-0.19935886087994187,0.8736445592023755,0.07892520321899354,-0.08756715727945312,0.8166912705245908,-0.16700612097669687]
[-0.19935886087994187,0.8736445592023755,0.07892520321899354,-0.08756715727945312,0.8166912705245908,-0.16700612097669687] [-0.4702493373702622,0.9390034756213296,0.05589197647767108,-0.3519855210784868,0.8827026551591335,0.04351314380975069]
[-0.4702493373702622,0.9390034756213296,0.05589197647767108,-0.3519855210784868,0.8827026551591335,0.04351314380975069] [-0.7200742301818223,0.9984039989692582,0.07627766602571562,-0.600917437660327,0.9692717049820279,0.5077224144945509]
[-0.7200742301818223,0.9984039989692582,0.07627766602571562,-0.600917437660327,0.9692717049820279,0.5077224144945509] [-0.9078795780281826,1.0,0.04470753331762012,-0.7948952324328419,0.9999999999999998,0.9264071949988066]
[-0.9078795780281826,1.0,0.04470753331762012,-0.7948952324328419,0.9999999999999998,0.9264071949988066] [-1.0,0.9136386895068068,-0.12612106822557934,-0.9182408892835373,0.9190983054743411,1.0]
[-1.0,0.9136386895068068,-0.12612106822557934,-0.9182408892835373,0.9190983054743411,1.0] [-0.969006779839475,0.7315461167877803,-0.4172878017096089,-0.9160352124351533,0.7198325408614901,0.6477374160375406]
[-0.969006779839475,0.7315461167877803,-0.4172878017096089,-0.9160352124351533,0.7198325408614901,0.6477374160375406] [-0.8520367124522594,0.4810323883444577,-0.7192275706948443,-0.7807266981397194,0.4531348973529411,0.03261317752008175]
[-0.8520367124522594,0.4810323883444577,-0.7192275706948443,-0.7807266981397194,0.4531348973529411,0.03261317752008175] [-0.7313589368534151,0.19987396413799685,-0.9183499178980927,-0.630137095013965,0.16913317109234868,-0.5881375474174826]
[-0.7313589368534151,0.19987396413799685,-0.9183499178980927,-0.630137095013965,0.16913317109234868,-0.5881375474174826] [-0.6827102740560542,-0.08281866818816161,-1.0,-0.5816709653270089,-0.08149036801089687,-0.9946232323868616]
[-0.6827102740560542,-0.08281866818816161,-1.0,-0.5816709653270089,-0.08149036801089687,-0.9946232323868616] [-0.7619973076144211,-0.3566236237597124,-0.9577319910872077,-0.6873057187091438,-0.28969351975339946,-1.0]
[-0.7619973076144211,-0.3566236237597124,-0.9577319910872077,-0.6873057187091438,-0.28969351975339946,-1.0] [-0.9048076445653034,-0.6114631713620761,-0.7664179695437028,-0.868852225592371,-0.48742889265002437,-0.6611807363206879]
[-0.9048076445653034,-0.6114631713620761,-0.7664179695437028,-0.868852225592371,-0.48742889265002437,-0.6611807363206879] [-0.9927390182170678,-0.8325132053400475,-0.5260564661131362,-1.0,-0.6902977216482362,-0.2585750053097913]
[-0.9927390182170678,-0.8325132053400475,-0.5260564661131362,-1.0,-0.6902977216482362,-0.2585750053097913] [-0.9428658480887441,-0.9720773199001898,-0.31309535313548587,-0.9877788721644067,-0.8545060520624819,0.031221147945597494]
[-0.9428658480887441,-0.9720773199001898,-0.31309535313548587,-0.9877788721644067,-0.8545060520624819,0.031221147945597494] [-0.7534973620682303,-1.0,-0.22251208476247086,-0.8144162446088917,-0.9215786598526889,0.07201899241867515]
[-0.7534973620682303,-1.0,-0.22251208476247086,-0.8144162446088917,-0.9215786598526889,0.07201899241867515] [-0.45843846364468643,-0.9595315780288194,-0.19438225831779832,-0.5622838901875732,-0.904216710913173,-0.10356989190169497]
[-0.45843846364468643,-0.9595315780288194,-0.19438225831779832,-0.5622838901875732,-0.904216710913173,-0.10356989190169497] [-0.1347965340514449,-0.9041144420790546,-0.12318129385112009,-0.3099373104942823,-0.8490608498558573,-0.3108830060097034]
[-0.1347965340514449,-0.9041144420790546,-0.12318129385112009,-0.3099373104942823,-0.8490608498558573,-0.3108830060097034] [0.13674256698805592,-0.8877943600904873,0.029952201143295554,-0.09763547193663176,-0.8177275853293462,-0.3681351017450103]
[0.13674256698805592,-0.8877943600904873,0.029952201143295554,-0.09763547193663176,-0.8177275853293462,-0.3681351017450103] [0.3646447161436117,-0.9278821274837645,0.35782209468919657,0.10868475600095079,-0.862437220276844,-0.1529298358577904]
[0.3646447161436117,-0.9278821274837645,0.35782209468919657,0.10868475600095079,-0.862437220276844,-0.1529298358577904] [0.5833188652843262,-0.991155331919134,0.7526403991248696,0.3716356112233297,-0.9549626090693082,0.27804209619979314]
[0.5833188652843262,-0.991155331919134,0.7526403991248696,0.3716356112233297,-0.9549626090693082,0.27804209619979314] [0.7931747950341161,-0.9900544928869789,1.0,0.653511841704179,-1.0,0.6577289820154295]
[0.7931747950341161,-0.9900544928869789,1.0,0.653511841704179,-1.0,0.6577289820154295] [0.945098539334654,-0.8756475203358687,0.9909291100332549,0.8860620543263467,-0.9254229834726196,0.7758902207333174]
[0.945098539334654,-0.8756475203358687,0.9909291100332549,0.8860620543263467,-0.9254229834726196,0.7758902207333174] [1.0,-0.6669986884313155,0.7908650837708242,0.9999999999999998,-0.7286754176915144,0.5465690443967226]
[1.0,-0.6669986884313155,0.7908650837708242,0.9999999999999998,-0.7286754176915144,0.5465690443967226] [0.9245854092032698,-0.4533474037089688,0.5390863125126337,0.9722941265415981,-0.5001958538363864,0.14512654212041642]
[0.9245854092032698,-0.4533474037089688,0.5390863125126337,0.9722941265415981,-0.5001958538363864,0.14512654212041642] [0.7181095168500947,-0.2785454414518554,0.3082129947517096,0.8108461384057597,-0.29321740746433816,-0.26314400139982563]
[0.7181095168500947,-0.2785454414518554,0.3082129947517096,0.8108461384057597,-0.29321740746433816,-0.26314400139982563] [0.4351884236561238,-0.14998844065106512,0.2602679881877492,0.5661692255908627,-0.1392796455420115,-0.5406486055134021]
[0.4351884236561238,-0.14998844065106512,0.2602679881877492,0.5661692255908627,-0.1392796455420115,-0.5406486055134021] [0.14705058034398769,-0.07914857585303167,0.4063882886596364,0.3238057778903237,-0.060981828835596275,-0.5635682344070636]
[0.14705058034398769,-0.07914857585303167,0.4063882886596364,0.3238057778903237,-0.060981828835596275,-0.5635682344070636] [-0.07870410607735574,-0.03578709786538703,0.6039594288461663,0.1293056888449312,-0.025090230209355385,-0.47281664468305173]
[-0.07870410607735574,-0.03578709786538703,0.6039594288461663,0.1293056888449312,-0.025090230209355385,-0.47281664468305173] [-0.21522402889277212,-0.010039383557279291,0.778451688235247,0.00654835248141007,-0.016642864208244686,-0.3545459807778579]
[-0.21522402889277212,-0.010039383557279291,0.778451688235247,0.00654835248141007,-0.016642864208244686,-0.3545459807778579] [-0.27613076577223816,0.00801073327823515,0.9044512278867884,-0.06035098346308135,-0.029153243996746063,-0.25943263300087516]
[-0.27613076577223816,0.00801073327823515,0.9044512278867884,-0.06035098346308135,-0.029153243996746063,-0.25943263300087516] [-0.27613076577223816,0.00801073327823515,0.9044512278867884,-0.06035098346308135,-0.029153243996746063,-0.25943263300087516]
