[-0.03953186517603116,-0.06494452190580641,0.42329970711728215,-0.11463361024908114,-0.013531128910751412,-0.2919548170078743] [0.04293903487111058,-0.051109839562222814,0.07372897431609715,-0.05341894683538585,-0.008266682333736692,-0.4490607487155014]
[0.04293903487111058,-0.051109839562222814,0.07372897431609715,-0.05341894683538585,-0.008266682333736692,-0.4490607487155014] [0.14025609477239823,-0.032320941764889366,-0.018026192015211606,0.03131865012064069,0.017593376918345546,-0.4960609729165677]
[0.14025609477239823,-0.032320941764889366,-0.018026192015211606,0.03131865012064069,0.017593376918345546,-0.4960609729165677] [0.2613584064786707,0.005696082796709578,0.03555382607311053,0.15641876942043992,0.0629259731724338,-0.46809208781993306]
[0.2613584064786707,0.005696082796709578,0.03555382607311053,0.15641876942043992,0.0629259731724338,-0.46809208781993306] [0.377494625057484,0.05988433635396356,0.2548286892320242,0.30978544558421117,0.1221950424664846,-0.3316414677547135]
[0.377494625057484,0.05988433635396356,0.2548286892320242,0.30978544558421117,0.1221950424664846,-0.3316414677547135] [0.4497581191590135,0.13448045788956964,0.5390821378233897,0.43792857131141044,0.20240752643973842,-0.1363586080903536]
[0.4497581191590135,0.13448045788956964,0.5390821378233897,0.43792857131141044,0.20240752643973842,-0.1363586080903536] [0.45372944264468684,0.20832157798847117,0.7318632467179551,0.4723353199711652,0.2922019572470829,0.014656866160819959]
[0.45372944264468684,0.20832157798847117,0.7318632467179551,0.4723353199711652,0.2922019572470829,0.014656866160819959] [0.4193783571858563,0.2573375765566932,0.7865755481352332,0.4265064992821072,0.36846042701740167,0.06400507642726438]
[0.4193783571858563,0.2573375765566932,0.7865755481352332,0.4265064992821072,0.36846042701740167,0.06400507642726438] [0.3492725532254785,0.26469114009941375,0.667210458282792,0.30366398632206576,0.39328490707180974,-0.022841829978526462]
[0.3492725532254785,0.26469114009941375,0.667210458282792,0.30366398632206576,0.39328490707180974,-0.022841829978526462] [0.2648032886294092,0.2512329601691684,0.46782335557340193,0.15106908835412305,0.3870107515194975,-0.17249910644078703]
[0.2648032886294092,0.2512329601691684,0.46782335557340193,0.15106908835412305,0.3870107515194975,-0.17249910644078703] [0.18653195196977046,0.25757770645850286,0.30987338048896707,0.020392309581021253,0.3899550308494043,-0.2594741517092185]
[0.18653195196977046,0.25757770645850286,0.30987338048896707,0.020392309581021253,0.3899550308494043,-0.2594741517092185] [0.09650961529023352,0.3152754339182936,0.3208268081292589,-0.08675843432188406,0.4372385290133377,-0.1980451098449061]
[0.09650961529023352,0.3152754339182936,0.3208268081292589,-0.08675843432188406,0.4372385290133377,-0.1980451098449061] [-0.02105543148663716,0.39943273557822,0.41681241077110354,-0.21086711121740054,0.5172283959052931,-0.02907424272329706]
[-0.02105543148663716,0.39943273557822,0.41681241077110354,-0.21086711121740054,0.5172283959052931,-0.02907424272329706] [-0.1616850949267128,0.45546832565591855,0.47417250052810456,-0.3537689748682501,0.5875371008884185,0.20827501970253604]
[-0.1616850949267128,0.45546832565591855,0.47417250052810456,-0.3537689748682501,0.5875371008884185,0.20827501970253604] [-0.2960804369460531,0.4513365055708608,0.4089078657459764,-0.47969021797333233,0.5906479161968994,0.3590343151833295]
[-0.2960804369460531,0.4513365055708608,0.4089078657459764,-0.47969021797333233,0.5906479161968994,0.3590343151833295] [-0.36724806889607436,0.3779432681539173,0.20703572702430506,-0.5383632165426,0.5119577989889105,0.292630090155094]
[-0.36724806889607436,0.3779432681539173,0.20703572702430506,-0.5383632165426,0.5119577989889105,0.292630090155094] [-0.3510110053836149,0.25327149421018147,-0.06754887970712886,-0.49647414454454286,0.3719979630184311,0.04495864486757295]
[-0.3510110053836149,0.25327149421018147,-0.06754887970712886,-0.49647414454454286,0.3719979630184311,0.04495864486757295] [-0.30283242506172453,0.10603052193282309,-0.3062881418800263,-0.4192731065015942,0.21108682142925173,-0.2687834446003343]
[-0.30283242506172453,0.10603052193282309,-0.3062881418800263,-0.4192731065015942,0.21108682142925173,-0.2687834446003343] [-0.2904005508746148,-0.04830116973043208,-0.4190994381604849,-0.4054339627163949,0.05983366736879844,-0.5000560260876492]
[-0.2904005508746148,-0.04830116973043208,-0.4190994381604849,-0.4054339627163949,0.05983366736879844,-0.5000560260876492] [-0.33555788239459705,-0.19730179539223458,-0.41742142452366693,-0.4702448107300976,-0.07079814957737085,-0.5398362313656255]
[-0.33555788239459705,-0.19730179539223458,-0.41742142452366693,-0.4702448107300976,-0.07079814957737085,-0.5398362313656255] [-0.42336776242179985,-0.3396923277533318,-0.3052819395266937,-0.5785755549956021,-0.1888274273050381,-0.3967370917617119]
[-0.42336776242179985,-0.3396923277533318,-0.3052819395266937,-0.5785755549956021,-0.1888274273050381,-0.3967370917617119] [-0.472735424077081,-0.4768860317202388,-0.15436981549047957,-0.6495480753331001,-0.31358174918880366,-0.22091993660065334]
[-0.472735424077081,-0.4768860317202388,-0.15436981549047957,-0.6495480753331001,-0.31358174918880366,-0.22091993660065334] [-0.43600883595236867,-0.5832610657722878,-0.04648562136813794,-0.6254709382814784,-0.4306445487508762,-0.0996621379273046]
[-0.43600883595236867,-0.5832610657722878,-0.04648562136813794,-0.6254709382814784,-0.4306445487508762,-0.0996621379273046] [-0.3201051351180499,-0.6110315350199893,-0.051035652947025056,-0.5160650278253951,-0.48723506678254846,-0.10778319662769498]
[-0.3201051351180499,-0.6110315350199893,-0.051035652947025056,-0.5160650278253951,-0.48723506678254846,-0.10778319662769498] [-0.17881872049336436,-0.5643743837276696,-0.13740725001678555,-0.3897282173180183,-0.4608965598376801,-0.2242449280458123]
[-0.17881872049336436,-0.5643743837276696,-0.13740725001678555,-0.3897282173180183,-0.4608965598376801,-0.2242449280458123] [-0.033488099407022354,-0.47900967470540556,-0.2151629381907032,-0.26753485058471166,-0.3835883899769844,-0.3725720783520243]
[-0.033488099407022354,-0.47900967470540556,-0.2151629381907032,-0.26753485058471166,-0.3835883899769844,-0.3725720783520243] [0.09547300361009765,-0.43113952024451974,-0.1698009083006049,-0.15970582676272382,-0.3384652641742179,-0.4437480153089961]
[0.09547300361009765,-0.43113952024451974,-0.1698009083006049,-0.15970582676272382,-0.3384652641742179,-0.4437480153089961] [0.21385002795632563,-0.45521969618605407,0.026384911563855695,-0.049034861751838923,-0.3651424017329929,-0.3640471050791385]
[0.21385002795632563,-0.45521969618605407,0.026384911563855695,-0.049034861751838923,-0.3651424017329929,-0.3640471050791385] [0.329205384937426,-0.5391377083476188,0.3132304326981963,0.09919318384713197,-0.4554838288009278,-0.12516732894933646]
[0.329205384937426,-0.5391377083476188,0.3132304326981963,0.09919318384713197,-0.4554838288009278,-0.12516732894933646] [0.43090632140981766,-0.5989986430428546,0.5770712411469052,0.26392704427011626,-0.535220404607938,0.15016801305654948]
[0.43090632140981766,-0.5989986430428546,0.5770712411469052,0.26392704427011626,-0.535220404607938,0.15016801305654948] [0.5015980316110504,-0.5685374549731547,0.6995623175587955,0.41171708662713136,-0.5243264898749725,0.318184512666825]
[0.5015980316110504,-0.5685374549731547,0.6995623175587955,0.41171708662713136,-0.5243264898749725,0.318184512666825] [0.5364532483524086,-0.46796669392861534,0.6683471848192282,0.5208162088987744,-0.4329513249504269,0.3323940637747542]
[0.5364532483524086,-0.46796669392861534,0.6683471848192282,0.5208162088987744,-0.4329513249504269,0.3323940637747542] [0.5289886687409622,-0.33798739925540205,0.5337167334978767,0.563959225394069,-0.30697220841718714,0.21249532151753758]
[0.5289886687409622,-0.33798739925540205,0.5337167334978767,0.563959225394069,-0.30697220841718714,0.21249532151753758] [0.46341753801769997,-0.22138215009419449,0.3227933125967164,0.5174339675177129,-0.1852476127625476,-0.0022096851857158484]
[0.46341753801769997,-0.22138215009419449,0.3227933125967164,0.5174339675177129,-0.1852476127625476,-0.0022096851857158484] [0.352176578109272,-0.14139914696085995,0.076231150328816,0.4072542601361258,-0.09364060484493565,-0.23481975580688896]
[0.352176578109272,-0.14139914696085995,0.076231150328816,0.4072542601361258,-0.09364060484493565,-0.23481975580688896] [0.2145179342575415,-0.10203315576140029,-0.09946204520596069,0.2520844995290664,-0.042553232714684565,-0.40812215575598554]
[0.2145179342575415,-0.10203315576140029,-0.09946204520596069,0.2520844995290664,-0.042553232714684565,-0.40812215575598554] [0.0902601700865145,-0.08002631373906696,-0.12277497662300618,0.1013627211519243,-0.014583741628474575,-0.5027812618404521]
[0.0902601700865145,-0.08002631373906696,-0.12277497662300618,0.1013627211519243,-0.014583741628474575,-0.5027812618404521] [-1.2768167042824692e-05,-0.07485267267882356,-0.019918372521077643,-0.009607003854554083,-0.009870506384612822,-0.49614249913306363]
[-1.2768167042824692e-05,-0.07485267267882356,-0.019918372521077643,-0.009607003854554083,-0.009870506384612822,-0.49614249913306363] [-0.036956353477030704,-0.07809469073929745,0.1743103628529994,-0.060952506110339505,-0.020499610003204,-0.4183736801336204]
[-0.036956353477030704,-0.07809469073929745,0.1743103628529994,-0.060952506110339505,-0.020499610003204,-0.4183736801336204] [-0.05055387253093112,-0.07811922847580596,0.3545128650317926,-0.086710234151811,-0.02526570394097301,-0.33272842302712125]
[-0.05055387253093112,-0.07811922847580596,0.3545128650317926,-0.086710234151811,-0.02526570394097301,-0.33272842302712125] [-0.05055387253093112,-0.07811922847580596,0.3545128650317926,-0.086710234151811,-0.02526570394097301,-0.33272842302712125]
