[0.048367337688615085,-0.14452663736755683,0.46775671689159726,-0.046448413038365964,-0.05954547463051657,-0.26306727755030757] [0.11965383381831732,-0.15498003956133627,0.4605890534073138,0.05355432001291809,-0.05261703291709672,-0.3254437028680517]
[0.11965383381831732,-0.15498003956133627,0.4605890534073138,0.05355432001291809,-0.05261703291709672,-0.3254437028680517] [0.1892213195542076,-0.15186154829237827,0.46503629461725815,0.14030049775679282,-0.035400567145432736,-0.36702026358705186]
[0.1892213195542076,-0.15186154829237827,0.46503629461725815,0.14030049775679282,-0.035400567145432736,-0.36702026358705186] [0.2589965480697148,-0.13136235188374587,0.48441928644646914,0.21316182315329021,-0.00449739906211552,-0.38355596858029184]
[0.2589965480697148,-0.13136235188374587,0.48441928644646914,0.21316182315329021,-0.00449739906211552,-0.38355596858029184] [0.32705471165155686,-0.08549266425393853,0.5116402109248552,0.2792485658621446,0.04715082188871865,-0.3868283937962307]
[0.32705471165155686,-0.08549266425393853,0.5116402109248552,0.2792485658621446,0.04715082188871865,-0.3868283937962307] [0.38603733926686246,-0.029483720326263285,0.5436566065470805,0.33283253530457824,0.1062300382007022,-0.38417956140937015]
[0.38603733926686246,-0.029483720326263285,0.5436566065470805,0.33283253530457824,0.1062300382007022,-0.38417956140937015] [0.42901632766970277,0.04349584106094678,0.5851465310117696,0.3643150932811476,0.17798783021279516,-0.3726009218738566]
[0.42901632766970277,0.04349584106094678,0.5851465310117696,0.3643150932811476,0.17798783021279516,-0.3726009218738566] [0.4456852737521077,0.12398221102523843,0.6170228305947401,0.3555781004354165,0.25754965674313574,-0.33968321226755727]
[0.4456852737521077,0.12398221102523843,0.6170228305947401,0.3555781004354165,0.25754965674313574,-0.33968321226755727] [0.44281270041375353,0.20809774553073845,0.6394261661665821,0.32133479153097494,0.3407333476147897,-0.29066482826374074]
[0.44281270041375353,0.20809774553073845,0.6394261661665821,0.32133479153097494,0.3407333476147897,-0.29066482826374074] [0.39280235744539665,0.29080307053545784,0.63300340006327,0.23560968047744738,0.42216964540742435,-0.20616385002783755]
[0.39280235744539665,0.29080307053545784,0.63300340006327,0.23560968047744738,0.42216964540742435,-0.20616385002783755] [0.3122651113502548,0.36050332823372355,0.5994527294596246,0.12444244595584796,0.4887595646584644,-0.09485115352581008]
[0.3122651113502548,0.36050332823372355,0.5994527294596246,0.12444244595584796,0.4887595646584644,-0.09485115352581008] [0.21014793698966366,0.42121865140770987,0.5471142007193217,-0.004913563443699576,0.5450735799273984,0.031515663189374266]
[0.21014793698966366,0.42121865140770987,0.5471142007193217,-0.004913563443699576,0.5450735799273984,0.031515663189374266] [0.07878521983235988,0.4431288708126422,0.46281539021569795,-0.14883198986396284,0.5604597307495935,0.12675695334446768]
[0.07878521983235988,0.4431288708126422,0.46281539021569795,-0.14883198986396284,0.5604597307495935,0.12675695334446768] [-0.0543445510017264,0.44024920159500536,0.36380950537699075,-0.2887935443799489,0.5484690370111163,0.17994327674858734]
[-0.0543445510017264,0.44024920159500536,0.36380950537699075,-0.2887935443799489,0.5484690370111163,0.17994327674858734] [-0.1929845207508915,0.41440265196168447,0.24834307298608138,-0.4291807355354874,0.5108580305922039,0.19585934914499248]
[-0.1929845207508915,0.41440265196168447,0.24834307298608138,-0.4291807355354874,0.5108580305922039,0.19585934914499248] [-0.310729577375215,0.34210518299674897,0.10456216790827177,-0.5502611757759106,0.4286505451482451,0.15360745602799586]
[-0.310729577375215,0.34210518299674897,0.10456216790827177,-0.5502611757759106,0.4286505451482451,0.15360745602799586] [-0.41117167330356325,0.2542487880950244,-0.0359007570934704,-0.6520401309977498,0.33148278777447043,0.09604933919987158]
[-0.41117167330356325,0.2542487880950244,-0.0359007570934704,-0.6520401309977498,0.33148278777447043,0.09604933919987158] [-0.490749593654171,0.14258418486513053,-0.17496512198767,-0.7299100451695875,0.21093799788779838,0.016930665775868547]
[-0.490749593654171,0.14258418486513053,-0.17496512198767,-0.7299100451695875,0.21093799788779838,0.016930665775868547] [-0.5304499633420615,0.00694294719478783,-0.29002056265001386,-0.7557362360733632,0.06365521027891835,-0.03853552403404237]
[-0.5304499633420615,0.00694294719478783,-0.29002056265001386,-0.7557362360733632,0.06365521027891835,-0.03853552403404237] [-0.5453052118942243,-0.13597363746705454,-0.3812500045228706,-0.7512240853849406,-0.08780687453157798,-0.07773900221745134]
[-0.5453052118942243,-0.13597363746705454,-0.3812500045228706,-0.7512240853849406,-0.08780687453157798,-0.07773900221745134] [-0.5162626605065711,-0.29379625408347876,-0.4277003695955486,-0.693494051460603,-0.24534759867333625,-0.08862510952676406]
[-0.5162626605065711,-0.29379625408347876,-0.4277003695955486,-0.693494051460603,-0.24534759867333625,-0.08862510952676406] [-0.4402675149308285,-0.43495182119146797,-0.43231675049185725,-0.5866333997234187,-0.37917966428104266,-0.05749499154060356]
[-0.4402675149308285,-0.43495182119146797,-0.43231675049185725,-0.5866333997234187,-0.37917966428104266,-0.05749499154060356] [-0.33790376416410906,-0.5647646874053728,-0.4107875926639437,-0.45169546181546505,-0.49796303579455453,-0.003280646210132687]
[-0.33790376416410906,-0.5647646874053728,-0.4107875926639437,-0.45169546181546505,-0.49796303579455453,-0.003280646210132687] [-0.2007458284167501,-0.652720471017852,-0.3359508932698887,-0.280829489467368,-0.5705415471608373,0.08348017187306045]
[-0.2007458284167501,-0.652720471017852,-0.3359508932698887,-0.280829489467368,-0.5705415471608373,0.08348017187306045] [-0.06090961764308314,-0.6953022538080149,-0.24384359331536132,-0.1086985278467724,-0.6049219557514162,0.16839311545693114]
[-0.06090961764308314,-0.6953022538080149,-0.24384359331536132,-0.1086985278467724,-0.6049219557514162,0.16839311545693114] [0.08346453170322463,-0.7063407395005903,-0.13863664016141541,0.06741961947361651,-0.6125119363536542,0.25027268769585564]
[0.08346453170322463,-0.7063407395005903,-0.13863664016141541,0.06741961947361651,-0.6125119363536542,0.25027268769585564] [0.20885259122392044,-0.65961952835638,-0.05147052294510068,0.21421296559588435,-0.5666339118288689,0.23596037253161395]
[0.20885259122392044,-0.65961952835638,-0.05147052294510068,0.21421296559588435,-0.5666339118288689,0.23596037253161395] [0.31121758393912957,-0.592145597636654,0.01221428901556365,0.3287572140320877,-0.5024148164062798,0.1633049190742062]
[0.31121758393912957,-0.592145597636654,0.01221428901556365,0.3287572140320877,-0.5024148164062798,0.1633049190742062] [0.39187213893066386,-0.5000596949791063,0.05247127204546054,0.4119806043620681,-0.4162991097096784,0.025150982352660556]
[0.39187213893066386,-0.5000596949791063,0.05247127204546054,0.4119806043620681,-0.4162991097096784,0.025150982352660556] [0.41847417185692704,-0.3905181901095585,0.0774612770373313,0.41832571828318016,-0.3125895017276355,-0.1472063375932562]
[0.41847417185692704,-0.3905181901095585,0.0774612770373313,0.41832571828318016,-0.3125895017276355,-0.1472063375932562] [0.4194265857937944,-0.2850470872477291,0.0943349053998972,0.3954772510156561,-0.21347795453093835,-0.31540548840849425]
[0.4194265857937944,-0.2850470872477291,0.0943349053998972,0.3954772510156561,-0.21347795453093835,-0.31540548840849425] [0.3830403226536831,-0.18502796544107455,0.0998114608885885,0.331459456393423,-0.12104513916043262,-0.4780896159325545]
[0.3830403226536831,-0.18502796544107455,0.0998114608885885,0.331459456393423,-0.12104513916043262,-0.4780896159325545] [0.3194643235078905,-0.11569305713257991,0.11560278753932351,0.2494343980593829,-0.056950415422363045,-0.5706085449137044]
[0.3194643235078905,-0.11569305713257991,0.11560278753932351,0.2494343980593829,-0.056950415422363045,-0.5706085449137044] [0.24902287487716457,-0.06330636845750393,0.13870841642595266,0.1657247340831011,-0.006346688188636235,-0.6266979077069914]
[0.24902287487716457,-0.06330636845750393,0.13870841642595266,0.1657247340831011,-0.006346688188636235,-0.6266979077069914] [0.17351888675139412,-0.03744165138335509,0.1784206116916689,0.08538655853009347,0.026747557547423154,-0.6254829404215378]
[0.17351888675139412,-0.03744165138335509,0.1784206116916689,0.08538655853009347,0.026747557547423154,-0.6254829404215378] [0.1089178803421149,-0.032549936373162336,0.22476179605846092,0.023934518828766273,0.03667622970916892,-0.5824706590948869]
[0.1089178803421149,-0.032549936373162336,0.22476179605846092,0.023934518828766273,0.03667622970916892,-0.5824706590948869] [0.05168804216684776,-0.03943402184813233,0.2778411859684713,-0.02625027754198308,0.034423470166663916,-0.5167194553917129]
[0.05168804216684776,-0.03943402184813233,0.2778411859684713,-0.02625027754198308,0.034423470166663916,-0.5167194553917129] [0.021907796519355458,-0.06135029720573293,0.35021200150027454,-0.04846977744025124,0.02097227271288872,-0.4352194460637886]
[0.021907796519355458,-0.06135029720573293,0.35021200150027454,-0.04846977744025124,0.02097227271288872,-0.4352194460637886] [0.0020600340083393237,-0.07910101848780646,0.41245518273057513,-0.06270913591795128,0.008005448327963446,-0.36496914915453793]
[0.0020600340083393237,-0.07910101848780646,0.41245518273057513,-0.06270913591795128,0.008005448327963446,-0.36496914915453793] [-0.010520640958163328,-0.09405907243789338,0.46842502205157466,-0.07106364742290462,-0.004931631087946503,-0.3016572039767764]
[-0.010520640958163328,-0.09405907243789338,0.46842502205157466,-0.07106364742290462,-0.004931631087946503,-0.3016572039767764] [-0.010520640958163328,-0.09405907243789338,0.46842502205157466,-0.07106364742290462,-0.004931631087946503,-0.3016572039767764]
