[0.07664732926832366,-0.03790574369359184,0.011569543476838362,0.11746086180388289,0.047201698662731065,-0.5019861429030472] [0.24914334478468603,-0.0011784710138393883,0.08985116059999143,0.32091577483777095,0.061904664801694445,-0.48317096386224545]
[0.24914334478468603,-0.0011784710138393883,0.08985116059999143,0.32091577483777095,0.061904664801694445,-0.48317096386224545] [0.3628097151015421,0.04818697519264081,0.1881090414853812,0.4354359918539242,0.10069550939171618,-0.42426033100771576]
[0.3628097151015421,0.04818697519264081,0.1881090414853812,0.4354359918539242,0.10069550939171618,-0.42426033100771576] [0.4236824892370577,0.10589896969512813,0.2980525178408495,0.4745608277139839,0.1572222802205588,-0.3369017703332542]
[0.4236824892370577,0.10589896969512813,0.2980525178408495,0.4745608277139839,0.1572222802205588,-0.3369017703332542] [0.4377977162093991,0.1676658864285479,0.4113909203815522,0.45182959741908374,0.22513302507598493,-0.23274280844349082]
[0.4377977162093991,0.1676658864285479,0.4113909203815522,0.45182959741908374,0.22513302507598493,-0.23274280844349082] [0.41119144485592757,0.2291961001621794,0.5198335808153232,0.3807816159703571,0.29807579162184444,-0.12343097173944173]
[0.41119144485592757,0.2291961001621794,0.5198335808153232,0.3807816159703571,0.29807579162184444,-0.12343097173944173] [0.3498997245564187,0.2861979850395364,0.6150898303536625,0.27495619829919166,0.3696986277698126,-0.020613786418516966]
[0.3498997245564187,0.2861979850395364,0.6150898303536625,0.27495619829919166,0.3696986277698126,-0.020613786418516966] [0.25785465842846816,0.3334365976897061,0.7187577034891408,0.16879465188445342,0.4223798934721945,0.03321879863198873]
[0.25785465842846816,0.3334365976897061,0.7187577034891408,0.16879465188445342,0.4223798934721945,0.03321879863198873] [0.12954751388430114,0.3641775362304145,0.7118655670133158,0.047129987412126415,0.46433759488334947,0.08218765082001056]
[0.12954751388430114,0.3641775362304145,0.7118655670133158,0.047129987412126415,0.46433759488334947,0.08218765082001056] [-0.025878431500173837,0.37421399214247375,0.7043495544742946,-0.08217595666847535,0.5028744967940799,0.0865208182359023]
[-0.025878431500173837,0.37421399214247375,0.7043495544742946,-0.08217595666847535,0.5028744967940799,0.0865208182359023] [-0.1498568970231731,0.36903733468256317,0.6292206134320235,-0.2305369392851935,0.5125854778955657,0.04784405216256982]
[-0.1498568970231731,0.36903733468256317,0.6292206134320235,-0.2305369392851935,0.5125854778955657,0.04784405216256982] [-0.24886498397139634,0.33133696179166316,0.5145571736576944,-0.34185065669315917,0.4795578396985698,-0.01924653792094233]
[-0.24886498397139634,0.33133696179166316,0.5145571736576944,-0.34185065669315917,0.4795578396985698,-0.01924653792094233] [-0.3185688282022919,0.2863044455294156,0.35121046149508395,-0.405783838127465,0.4373859615120739,-0.1011191434088925]
[-0.3185688282022919,0.2863044455294156,0.35121046149508395,-0.405783838127465,0.4373859615120739,-0.1011191434088925] [-0.31259335712468006,0.23253507854498912,0.17169449343975707,-0.40216585425999596,0.35396527059129423,-0.23682610902728118]
[-0.31259335712468006,0.23253507854498912,0.17169449343975707,-0.40216585425999596,0.35396527059129423,-0.23682610902728118] [-0.3011091982988954,0.15648513872547382,-0.0024435998267051673,-0.3686834301250506,0.2891932013648513,-0.33483792207428653]
[-0.3011091982988954,0.15648513872547382,-0.0024435998267051673,-0.3686834301250506,0.2891932013648513,-0.33483792207428653] [-0.2889928773859964,0.07010189347284462,-0.16509761882187846,-0.2906926563009991,0.1972558104552153,-0.42954150492642995]
[-0.2889928773859964,0.07010189347284462,-0.16509761882187846,-0.2906926563009991,0.1972558104552153,-0.42954150492642995] [-0.20616016731436035,-0.026212776868192456,-0.25740271645614676,-0.20603444932095136,0.1063673830375747,-0.4673661811182699]
[-0.20616016731436035,-0.026212776868192456,-0.25740271645614676,-0.20603444932095136,0.1063673830375747,-0.4673661811182699] [-0.08247984518611065,-0.11601997782838191,-0.2684092243445164,-0.09147004246286182,0.009057536151962226,-0.460891248230336]
[-0.08247984518611065,-0.11601997782838191,-0.2684092243445164,-0.09147004246286182,0.009057536151962226,-0.460891248230336] [0.06370466258653665,-0.20077861746193099,-0.22691531082056393,0.03493791320041524,-0.08344994002259466,-0.3974098947013447]
[0.06370466258653665,-0.20077861746193099,-0.22691531082056393,0.03493791320041524,-0.08344994002259466,-0.3974098947013447] [0.16532896781767523,-0.28045719847387074,-0.11501886609621081,0.15312487006038406,-0.17415627813943665,-0.32302772195657425]
[0.16532896781767523,-0.28045719847387074,-0.11501886609621081,0.15312487006038406,-0.17415627813943665,-0.32302772195657425] [0.25249383396847935,-0.3607221445529321,-0.022092478313735953,0.2623665795527631,-0.2576993078967672,-0.20948756788674228]
[0.25249383396847935,-0.3607221445529321,-0.022092478313735953,0.2623665795527631,-0.2576993078967672,-0.20948756788674228] [0.29007826081182875,-0.42558568829881893,0.13407695979416623,0.3424683398489636,-0.31453024255740836,-0.07065847122564328]
[0.29007826081182875,-0.42558568829881893,0.13407695979416623,0.3424683398489636,-0.31453024255740836,-0.07065847122564328] [0.32478449092449235,-0.4746481305777593,0.2699923274562188,0.3028306135062199,-0.37558774211562906,0.046575774246401025]
[0.32478449092449235,-0.4746481305777593,0.2699923274562188,0.3028306135062199,-0.37558774211562906,0.046575774246401025] [0.2897969027966009,-0.5266511789377881,0.3876223820128404,0.23966188107381037,-0.43807451222994587,0.15394446303666598]
[0.2897969027966009,-0.5266511789377881,0.3876223820128404,0.23966188107381037,-0.43807451222994587,0.15394446303666598] [0.2258653388065123,-0.5556648403813591,0.42000868706622807,0.12434612721858049,-0.470433687736379,0.21946571733078812]
[0.2258653388065123,-0.5556648403813591,0.42000868706622807,0.12434612721858049,-0.470433687736379,0.21946571733078812] [0.16663821584886007,-0.5603838290168051,0.3822664666552251,0.00446549159220014,-0.4914968911310641,0.23822852174023712]
[0.16663821584886007,-0.5603838290168051,0.3822664666552251,0.00446549159220014,-0.4914968911310641,0.23822852174023712] [0.04616483380065863,-0.5583887519064237,0.30015950995733576,-0.13999642645998966,-0.4740726866484573,0.20838832082716863]
[0.04616483380065863,-0.5583887519064237,0.30015950995733576,-0.13999642645998966,-0.4740726866484573,0.20838832082716863] [-0.08377904932727528,-0.5319782483817673,0.17552757686202547,-0.29122122304540343,-0.4798014661592284,0.14122892511890495]
[-0.08377904932727528,-0.5319782483817673,0.17552757686202547,-0.29122122304540343,-0.4798014661592284,0.14122892511890495] [-0.1800704129178068,-0.48385741173065727,0.054551885347384754,-0.4297694458333359,-0.4405756491656601,0.05338313737691802]
[-0.1800704129178068,-0.48385741173065727,0.054551885347384754,-0.4297694458333359,-0.4405756491656601,0.05338313737691802] [-0.25010876564139584,-0.4152895598195176,-0.0782279586426462,-0.5292315137811212,-0.39976425833897006,-0.05708371684085023]
[-0.25010876564139584,-0.4152895598195176,-0.0782279586426462,-0.5292315137811212,-0.39976425833897006,-0.05708371684085023] [-0.29050173487158937,-0.34182107552717533,-0.19554611561912338,-0.5886151760580094,-0.3499826147989873,-0.17731548673506836]
[-0.29050173487158937,-0.34182107552717533,-0.19554611561912338,-0.5886151760580094,-0.3499826147989873,-0.17731548673506836] [-0.2934570546327104,-0.2702054438806631,-0.2825841014922865,-0.5970687932826475,-0.2929856180015101,-0.29954203497653786]
[-0.2934570546327104,-0.2702054438806631,-0.2825841014922865,-0.5970687932826475,-0.2929856180015101,-0.29954203497653786] [-0.2511824585874721,-0.20719614990701316,-0.32452343117970095,-0.5437407259341904,-0.2305281672164675,-0.4159932250505056]
[-0.2511824585874721,-0.20719614990701316,-0.32452343117970095,-0.5437407259341904,-0.2305281672164675,-0.4159932250505056] [-0.15588568094100264,-0.15954667800749225,-0.30654561959893556,-0.41777933463128497,-0.16436516196161402,-0.5188989200349958]
[-0.15588568094100264,-0.15954667800749225,-0.30654561959893556,-0.41777933463128497,-0.16436516196161402,-0.5188989200349958] [0.00022554473438731598,-0.13401051341772136,-0.21383216677744876,-0.20833298013207033,-0.09625150150687886,-0.600488978732205]
[0.00022554473438731598,-0.13401051341772136,-0.21383216677744876,-0.20833298013207033,-0.09625150150687886,-0.600488978732205] [0.00022554473438731598,-0.13401051341772136,-0.21383216677744876,-0.20833298013207033,-0.09625150150687886,-0.600488978732205]
