0, array([  -8.27901106,   -1.07584954, -169.3370993 ,  -40.3382135 ,
         -6.89355436, -357.50788966])
1, array([ 5.91330336e-03,  4.76950733e+00, -1.66430428e+02, -1.51976279e+01,
       -7.14722156e-01, -3.54145825e+02])
2, array([   7.0824594 ,   10.27182955, -163.9081496 ,    5.55974285,
          8.02113825, -351.12093454])
3, array([  12.81871859,   15.29606136, -161.78205859,   21.74717681,
         18.45903193, -348.49187338])
4, array([  17.08278221,   19.70714702, -160.06394965,   33.17795223,
         29.74396392, -346.31729648])
5, array([  19.74274162,   23.37003074, -158.76561741,   39.66534732,
         41.0209393 , -344.65585886])
6, array([  20.66668817,   26.14965679, -157.89885652,   41.02264027,
         51.43496312, -343.56621552])
7, array([  18.52975698,   27.15876983, -157.8109486 ,   37.36036947,
         60.27221783, -343.29025129])
8, array([  14.10488254,   27.89550104, -157.66934667,   26.16968017,
         64.22356897, -343.56099728])
9, array([   8.14714977,   26.63190194, -157.62736983,    8.04792269,
         64.68803452, -344.76481348])
10, array([   2.40057939,   25.13970357, -158.99871296,  -17.2322203 ,
         64.21155376, -346.79494028])
11, array([  -3.2105363 ,   23.2417335 , -160.20744292,  -39.43857112,
         60.28245942, -347.90642073])
12, array([  -9.65361324,   20.95683203, -160.75878783,  -57.41172789,
         53.79614763, -348.56147055])
13, array([ -12.52725925,   18.00782411, -161.90240565,  -71.92724644,
         51.82722365, -348.58210991])
14, array([ -14.01452956,   15.74874719, -162.81942969,  -79.56469538,
         46.08906153, -348.46528472])
15, array([ -14.25877496,   11.80618747, -163.52550442,  -80.31836655,
         41.23360681, -349.01873751])
16, array([ -12.89996888,    7.78909523, -163.91975232,  -78.6146125 ,
         33.52672935, -350.4401343 ])
17, array([ -11.46594259,    2.85619173, -163.84689534,  -73.47677814,
         24.70049693, -350.82563563])
18, array([ -12.59566977,   -1.71584061, -163.39033527,  -70.08511901,
         10.35627412, -351.15449746])
19, array([ -14.48091886,   -7.62291601, -161.65851351,  -68.40406222,
         -1.87982734, -350.51384528])
20, array([ -18.50143286,  -12.55320916, -159.14207895,  -66.41039417,
        -17.09402496, -348.23563826])
21, array([ -20.35140101,  -17.03678512, -156.76986543,  -68.78938749,
        -32.65039919, -346.19880627])
22, array([ -22.35368293,  -19.47078585, -155.0134567 ,  -71.66059752,
        -44.74882474, -343.88772697])
23, array([ -22.30733303,  -20.37698673, -153.86560285,  -71.29857795,
        -51.40681924, -342.64807517])
24, array([ -21.43760758,  -20.9493902 , -153.48295871,  -66.67131692,
        -60.22542533, -342.87863968])
25, array([ -18.09125635,  -22.08377581, -154.24450503,  -60.31036882,
        -65.51896005, -340.65803   ])
26, array([ -14.65417557,  -23.15457373, -155.09215317,  -48.57530608,
        -70.37722403, -340.3737912 ])
27, array([  -8.82339513,  -24.36083717, -156.33042637,  -30.76022717,
        -74.5222375 , -340.13396702])
28, array([  -1.16120672,  -24.23494741, -156.82745098,   -9.7798804 ,
        -76.68261118, -339.16365769])
29, array([   5.89859582,  -23.71518094, -156.81623902,   11.84296386,
        -74.17444669, -337.21443264])
30, array([  10.59663833,  -22.65282676, -156.6340465 ,   26.42065257,
        -74.03062018, -335.51855637])
31, array([  14.67801408,  -21.52174414, -156.31848738,   35.97711353,
        -70.34449418, -334.34128257])
32, array([  16.7985477 ,  -18.4060145 , -156.60789425,   41.67824404,
        -65.47425583, -333.71543936])
33, array([  18.19668958,  -15.13882108, -157.32843613,   40.39477797,
        -56.88683341, -335.33379787])
34, array([  17.33996687,   -9.53940907, -159.01942363,   35.91475345,
        -43.79218588, -339.06624214])
35, array([  14.8253538 ,   -4.23065318, -160.85032523,   27.75729905,
        -30.25199422, -343.27238997])
36, array([ 1.06235277e+01,  8.10821234e-02, -1.62620792e+02,  1.61961172e+01,
       -1.75413419e+01, -3.47466382e+02])
37, array([   4.70516591,    2.68943239, -164.13047599,    1.50491042,
         -6.93531227, -351.16236014])
38, array([-2.95905422e+00,  2.88803317e+00, -1.65179028e+02, -1.60426189e+01,
        2.91011127e-01, -3.53874464e+02])
39, array([-1.23984553e+01, -2.94799998e-02, -1.65566099e+02, -3.61727684e+01,
        2.86254489e+00, -3.55116836e+02])
