0, array([ 1.85328515e-01,  1.28715183e+01, -1.64279288e+02, -2.63535202e+01,
        2.04981777e+00, -3.52736568e+02])
1, array([   4.01580466,   14.86435259, -162.58946196,  -16.7506431 ,
          7.17353564, -351.7848929 ])
2, array([   7.76226539,   17.42010867, -160.56499609,   -7.20709902,
         13.89180646, -350.53996682])
3, array([  11.36340744,   21.13180382, -157.88025541,    2.21210172,
         23.80572894, -348.74949948])
4, array([  13.86245646,   25.49177424, -154.95660978,    9.036071  ,
         35.77217408, -346.58468782])
5, array([  15.3297958 ,   30.20209547, -151.92450246,   13.17563785,
         48.93410133, -344.19543334])
6, array([  14.96002494,   34.97744867, -148.99095664,   12.49752326,
         62.52852075, -341.67672432])
7, array([  12.98334212,   39.29818829, -146.39145401,    7.44107258,
         75.11213409, -339.29907732])
8, array([   9.09780489,   42.58082051, -144.54410854,   -2.5764463 ,
         85.02504982, -337.40416633])
9, array([   3.79354058,   44.53659082, -143.5846111 ,  -16.17468382,
         91.33697794, -336.22275146])
10, array([  -2.15275723,   44.89882585, -143.68179711,  -31.29263734,
         93.39664452, -335.95819411])
11, array([  -7.93681554,   43.29436401, -144.99526002,  -45.89630376,
         90.37607455, -336.78312579])
12, array([ -12.95736321,   40.35508106, -147.08368653,  -58.50738826,
         83.8881073 , -338.37114009])
13, array([ -16.3309685 ,   35.91236391, -149.83129746,  -66.83443701,
         73.49944731, -340.70610253])
14, array([ -17.87829543,   30.43541835, -152.76021221,  -70.37075747,
         60.64643553, -343.38915832])
15, array([ -17.27091904,   24.10855836, -155.50715274,  -68.14537255,
         45.80223017, -346.01802554])
16, array([ -14.74297431,   17.32053372, -157.75612765,  -60.79399404,
         29.82628778, -348.15998395])
17, array([ -10.38229323,   10.42418919, -159.23697829,  -48.47582112,
         13.29580825, -349.3326054 ])
18, array([  -5.09542952,    3.64766836, -159.76290385,  -33.88959496,
         -3.17012211, -349.31639388])
19, array([   0.47090773,   -3.06550103, -159.19615805,  -18.65277131,
        -19.81156148, -347.92223557])
20, array([   5.23524592,   -9.54583439, -157.7284064 ,   -5.60963781,
        -36.12525371, -345.36614722])
21, array([   8.38062082,  -15.47094999, -155.48822747,    2.91541774,
        -51.43896218, -341.8844533 ])
22, array([   9.55194105,  -20.69666394, -152.7846058 ,    5.89674281,
        -65.34810739, -337.89511139])
23, array([   8.33701273,  -24.7189322 , -150.29602078,    2.27021073,
        -76.3436127 , -334.20866034])
24, array([   5.61696982,  -27.68293804, -148.33398106,   -5.35797268,
        -84.66619879, -331.18997965])
25, array([   1.42001132,  -29.12850299, -147.41747027,  -17.03033409,
        -89.02634731, -329.47693354])
26, array([  -3.19489714,  -29.15455611, -147.5392088 ,  -29.87646855,
        -89.63986746, -329.05417247])
27, array([  -7.73797614,  -27.78232194, -148.65996848,  -42.58133   ,
        -86.5832792 , -329.91887751])
28, array([ -11.40844693,  -24.91232604, -150.65957032,  -53.2217558 ,
        -79.62065012, -332.10537153])
29, array([ -13.91261832,  -20.98028117, -153.18170861,  -60.84629334,
        -70.02417624, -335.10813069])
30, array([ -14.58288312,  -15.98324212, -155.99494588,  -63.74450406,
        -58.00606874, -338.74543456])
31, array([ -13.93039194,  -10.57198499, -158.78291264,  -63.09146391,
        -45.19801945, -342.49029298])
32, array([ -11.80489766,   -5.16023759, -161.26474002,  -58.39158548,
        -32.79433453, -345.95394409])
33, array([  -8.88941192,   -0.38562297, -163.17462356,  -51.32317373,
        -22.19424273, -348.72570144])
34, array([  -5.67721976,    4.00005488, -164.76975854,  -43.33239794,
        -12.7020907 , -351.0984049 ])
