0, array([   2.01667181,   -4.03227466, -157.43914067,  -44.99972937,
         -5.25232526, -350.54600265])
1, array([   2.05858242,   -2.35407707, -159.71387074,  -39.32817958,
         -7.87976682, -350.82117795])
2, array([   2.66072808,   -1.11491137, -160.37146301,  -31.89455625,
        -10.6334957 , -350.81350889])
3, array([ 3.71391603e+00, -1.53014242e-01, -1.59766116e+02, -2.32989687e+01,
       -1.30904122e+01, -3.50515099e+02])
4, array([   5.1089535 ,    0.69337762, -158.25202932,  -14.14152635,
        -14.82741644, -349.91804995])
5, array([   6.73664771,    1.58602753, -156.18340094,   -5.02233848,
        -15.42140881, -349.01446621])
6, array([   8.4878059 ,    2.68669881, -153.91442994,    3.45848554,
        -14.44928951, -347.7964504 ])
7, array([  10.05496233,    4.79340357, -152.87507191,    4.9888691 ,
         -9.23695803, -345.59378462])
8, array([  12.23012989,    6.57148657, -152.03691603,   16.23363829,
         -3.77895864, -343.44552132])
9, array([  14.7822947 ,   10.44349199, -151.50000845,   21.04591039,
          4.92451083, -340.79972902])
10, array([  16.52894389,   13.81881993, -150.75436511,   23.39209007,
         17.07460371, -338.832583  ])
11, array([  14.33683882,   17.6173796 , -150.31705264,   24.12715005,
         30.36923586, -338.19337725])
12, array([  15.94541256,   21.01813368, -151.03097068,   22.48648371,
         45.52526678, -337.4186559 ])
13, array([  13.2139964 ,   22.27589502, -152.18418804,   12.50559264,
         59.60339739, -337.46160559])
14, array([  11.86506606,   21.50934555, -153.59389609,    1.19732218,
         65.13941689, -338.10960796])
15, array([   8.89907236,   17.94086625, -155.53236757,  -12.6631354 ,
         66.78700721, -338.52084333])
16, array([   3.66016378,   15.19647756, -156.08679757,  -28.61191881,
         62.02666311, -341.45514694])
17, array([  -0.51350977,   10.39449711, -155.73340413,  -47.20370717,
         54.91354415, -344.31906302])
18, array([  -7.508808  ,    3.64408633, -155.86583298,  -68.22858363,
         43.77102836, -345.9394283 ])
19, array([ -12.69537719,   -2.21778497, -156.36570733,  -83.43101711,
         29.2757597 , -346.2991878 ])
20, array([ -17.3419036 ,   -7.80023898, -156.06553012,  -86.32700505,
          9.85905659, -345.36385207])
21, array([ -18.93154358,  -12.87095185, -155.34377511,  -93.80195441,
        -12.71678534, -343.6669098 ])
22, array([ -19.60848724,  -17.28706419, -154.32136936,  -89.54227017,
        -30.15866309, -341.49237197])
23, array([ -20.00088396,  -20.32244718, -152.1071121 ,  -75.68273627,
        -49.03962507, -339.11621806])
24, array([ -15.47409326,  -22.30342393, -152.24524263,  -60.53486962,
        -61.93333541, -335.15382274])
25, array([ -14.37273728,  -23.91186866, -151.38225588,  -46.8653254 ,
        -69.33395557, -331.42765516])
26, array([  -9.07747653,  -25.6882    , -151.31079482,  -30.76241283,
        -77.46380496, -328.73335551])
27, array([  -4.30529722,  -23.93598847, -151.20335634,  -13.91970391,
        -83.09328774, -327.39506958])
28, array([   0.59093016,  -21.51422148, -151.68548421,   -1.02279632,
        -84.19262827, -327.79692687])
29, array([   4.68722423,  -18.65406681, -152.09436671,   11.1862198 ,
        -78.70983643, -330.0224904 ])
30, array([   8.19077146,  -16.18338694, -152.93887105,   15.80510602,
        -65.99540828, -333.12709264])
31, array([  10.08850744,  -12.4324278 , -153.96734749,   22.45594245,
        -55.99488398, -336.43732967])
32, array([  10.59948086,   -8.75768862, -155.13754122,   18.70745327,
        -45.77763419, -339.98999438])
33, array([  11.38605708,   -5.37538712, -156.56907512,   13.26875703,
        -37.09454224, -343.85735681])
34, array([  10.89141712,   -2.69029034, -157.84764592,   10.22984712,
        -25.44336298, -346.93746881])
35, array([   9.60296782,   -0.676333  , -158.87778931,    5.35120292,
        -15.28236041, -349.49382821])
36, array([   7.55980442,    0.4738083 , -159.52091299,   -1.66039142,
         -7.77660483, -351.35689242])
37, array([   4.80102215,    0.56745697, -159.63842463,  -11.09815176,
         -4.09116653, -352.35711883])
38, array([   1.36571625,   -0.5880636 , -159.09173192,  -23.25529395,
         -5.39111581, -352.32496485])
39, array([  -2.70701803,   -3.18543   , -157.74224254,  -38.42503384,
        -12.84152296, -351.09088786])
