0, array([  -0.95180859,   10.22709132, -161.11376579,  -31.09332602,
          2.84111009, -350.93150158])
1, array([   3.00017977,   12.51278302, -159.83477814,  -22.09882216,
          8.07259829, -350.53886361])
2, array([   7.06232922,   15.70418919, -157.96792174,  -12.74198874,
         15.77367977, -349.5890596 ])
3, array([  11.27152054,   19.86233484, -155.48376084,   -2.94123534,
         26.10581919, -348.06629276])
4, array([  14.17063921,   25.09717303, -152.3881139 ,    3.97155395,
         39.82708623, -345.75115455])
5, array([  15.72986231,   30.62662064, -149.13171148,    7.5803764 ,
         54.58247949, -343.07997034])
6, array([  15.94941731,   36.13473815, -145.87750268,    7.92200809,
         69.54545511, -340.19441908])
7, array([  13.15887737,   40.47596057, -143.08285551,    1.17999586,
         82.22386259, -337.19513935])
8, array([   8.6635095 ,   43.39627414, -141.09321099,   -9.74713633,
         90.75147229, -334.79763316])
9, array([   2.78453532,   45.12893375, -139.79664621,  -23.96696279,
         95.85335365, -332.95111488])
10, array([  -4.26181206,   44.59857087, -139.97165781,  -40.36970878,
         94.63932071, -332.57066229])
11, array([ -10.78831002,   42.48709138, -141.31947355,  -55.47890576,
         89.24557623, -333.37685428])
12, array([ -16.67390916,   39.13084834, -143.52869009,  -68.99354282,
         80.53853213, -335.0741007 ])
13, array([ -20.13959464,   34.13936218, -146.69277325,  -76.61653577,
         67.38329301, -337.89014305])
14, array([ -20.86191365,   27.94757051, -149.93151741,  -77.78494849,
         52.26045332, -341.07249434])
15, array([ -19.63925111,   21.26789872, -152.87566002,  -74.33629224,
         36.515329  , -344.14989726])
16, array([ -15.71279376,   14.1797262 , -154.88460113,  -64.32498129,
         20.31770321, -346.51723305])
17, array([ -10.10427155,    7.50791411, -156.08662949,  -49.86433792,
          4.93439967, -347.72439749])
18, array([  -3.86324124,    1.22759663, -156.55988808,  -33.72165406,
         -9.62676198, -347.99879817])
19, array([   2.8484371 ,   -4.70134348, -155.79891994,  -16.32876084,
        -23.4659318 , -346.80040636])
20, array([   7.90241827,  -10.36369672, -154.08374201,   -2.87137505,
        -36.96876208, -344.21893151])
21, array([  11.4204474 ,  -15.87144427, -151.82217769,    6.87964816,
        -50.70391443, -340.92113801])
22, array([  12.2586558 ,  -20.88822574, -149.02066089,   10.05585141,
        -64.42076799, -337.01385213])
23, array([   9.87919179,  -24.72651047, -146.60759268,    5.51729564,
        -75.53130522, -333.4989804 ])
24, array([   5.93608248,  -27.57198135, -144.81752697,   -3.14095701,
        -83.99612106, -330.68162703])
25, array([ 1.77349267e-01, -2.91591372e+01, -1.43962407e+02, -1.68171990e+01,
       -8.89279061e+01, -3.28890217e+02])
26, array([  -6.03325241,  -28.54523992, -144.62130348,  -32.46463851,
        -87.93378279, -329.04221268])
27, array([ -11.72171839,  -26.82098773, -146.01165536,  -47.31147666,
        -83.85557908, -330.24805874])
28, array([ -16.7075001 ,  -23.82440001, -148.23474568,  -61.01064616,
        -76.2262415 , -332.67919819])
29, array([ -19.18646395,  -19.13856734, -150.94214526,  -68.49776949,
        -64.82492329, -336.0791835 ])
30, array([ -20.00180531,  -13.65060557, -153.76987846,  -71.73749145,
        -51.78725786, -339.6938528 ])
31, array([ -18.91796577,   -7.50218177, -156.60197315,  -70.06738259,
        -37.50239031, -343.35285574])
32, array([ -15.77465094,   -1.75740045, -158.96542849,  -62.77570135,
        -24.12367402, -346.50668902])
33, array([ -12.42572257,    3.09146011, -160.80037208,  -54.77440416,
        -13.01777766, -349.03330487])
34, array([  -8.86265667,    7.12592604, -162.13622007,  -46.06036204,
         -4.02131006, -350.97550858])
