0, array([  -8.10629642,    4.41613305, -166.01646735,  -34.34303885,
         -9.05732404, -353.98800728])
1, array([  -6.28996401,    5.3366406 , -165.54407537,  -29.17581335,
         -7.45134365, -353.87501747])
2, array([  -2.40242804,    7.31268848, -165.45657742,  -21.02546196,
         -5.04940527, -353.99923345])
3, array([   3.80012484,   11.72339684, -163.78899285,   -5.2797423 ,
          3.41947065, -353.36081983])
4, array([  11.32014579,   17.59882925, -160.98719231,   14.94757221,
         17.14566799, -351.34555583])
5, array([  18.26746014,   24.27954547, -157.45171311,   34.85313538,
         35.85982154, -347.50682332])
6, array([  22.32342644,   29.95215093, -154.57748912,   45.89421039,
         56.51171794, -342.80388059])
7, array([  22.46597212,   32.6534196 , -153.70945133,   43.85192754,
         73.45653439, -339.24908261])
8, array([  18.64086847,   30.90966324, -155.57941601,   32.59005872,
         80.23850254, -338.8735569 ])
9, array([  11.82650784,   26.58902389, -159.09315364,   15.13938438,
         74.15152029, -342.16357289])
10, array([   3.60061761,   22.51386566, -161.66974735,   -3.86103911,
         61.83019178, -346.94903572])
11, array([  -4.86498776,   19.80819102, -162.64575144,  -21.7570553 ,
         51.13045054, -350.80381855])
12, array([ -12.18810661,   19.41140232, -161.80617872,  -38.71988114,
         48.46956104, -350.90879492])
13, array([ -17.33112695,   20.45720897, -160.18811959,  -61.29766524,
         52.52883513, -347.88770433])
14, array([ -20.34960985,   20.05579031, -159.3653865 ,  -82.79838977,
         54.85552043, -344.12030882])
15, array([ -20.91190737,   16.48451964, -160.34185629,  -97.01697488,
         50.29639475, -342.6207531 ])
16, array([ -18.59951777,   10.6851987 , -162.36982507,  -99.23087776,
         37.58962825, -344.21416614])
17, array([ -14.74136386,    4.47756274, -164.33212169,  -87.41909523,
         22.45949281, -348.0335608 ])
18, array([ -11.99487455,   -1.53595461, -165.34664469,  -68.63869887,
          8.73955865, -352.15326396])
19, array([ -11.80721033,   -6.76240781, -164.86082204,  -54.10968825,
         -1.37605268, -354.47101967])
20, array([ -14.51452038,  -10.978805  , -162.72552848,  -54.57321242,
        -10.6430461 , -354.65987649])
21, array([ -18.97760065,  -14.63052149, -159.68697467,  -64.68862114,
        -23.27671554, -351.77920918])
22, array([ -22.97599346,  -18.23417044, -156.34670742,  -78.29773944,
        -38.84285088, -347.15292513])
23, array([ -25.06700095,  -21.24912897, -153.66984085,  -88.22596023,
        -54.80787191, -342.06103765])
24, array([ -23.83855656,  -21.97524532, -152.86825092,  -86.70878233,
        -65.05740863, -338.94563272])
25, array([ -20.19672756,  -20.45825057, -154.22212294,  -76.39748829,
        -66.37283655, -339.18064895])
26, array([ -14.69684773,  -18.44196811, -156.64859186,  -62.66744685,
        -59.08426524, -342.54301341])
27, array([  -8.39319531,  -17.50373398, -158.7522044 ,  -46.78685237,
        -49.40194558, -347.01515001])
28, array([  -2.65202192,  -18.18633965, -159.31765096,  -31.23542134,
        -44.80644626, -349.51465377])
29, array([   2.23336599,  -20.97007113, -158.09944708,  -16.1488512 ,
        -50.41147185, -347.92210727])
30, array([   6.91295936,  -24.0707925 , -155.27314884,    1.89488634,
        -62.39736118, -342.75483701])
31, array([  11.75098085,  -24.79206151, -153.34859176,   23.00553948,
        -72.29759425, -336.72171353])
32, array([  15.92638928,  -22.18309705, -153.59628309,   40.08386407,
        -71.6014762 , -333.51528615])
33, array([  19.43073693,  -18.12555659, -155.12575642,   50.70310732,
        -61.21035847, -334.11930649])
34, array([  20.95643011,  -13.93870866, -157.60565446,   54.51986102,
        -46.80849363, -337.66343629])
35, array([  18.9425596 ,   -9.0390831 , -160.44333194,   48.48222096,
        -30.72377029, -343.00218567])
36, array([  13.10779544,   -5.00247656, -162.95690881,   31.70268532,
        -18.59864456, -347.94169245])
37, array([   6.23938187,   -2.26359863, -164.0363719 ,   13.1309503 ,
        -11.20796421, -351.01587483])
38, array([-4.94551063e-03, -2.30763169e-01, -1.65025617e+02, -2.54952596e+00,
       -6.47225915e+00, -3.52592745e+02])
39, array([  -4.77345772,    0.78548467, -165.68416355,  -14.06423453,
         -3.86117596, -353.47346412])
