0, array([  -7.36140964,    4.67270936, -160.78716789,  -23.25067489,
        -10.78631386, -350.30213405])
1, array([  -6.91636182,    3.87697765, -160.97671734,  -23.40227861,
        -13.4528346 , -350.11501362])
2, array([  -5.06848428,    3.45334101, -160.97109585,  -20.71818959,
        -15.83906377, -349.78545021])
3, array([  -2.16109897,    3.37640143, -160.77792538,  -15.73195959,
        -17.53281935, -349.30271593])
4, array([   1.46247216,    3.6207609 , -160.40482788,   -8.97714035,
        -18.12191932, -348.65608293])
5, array([   5.45890717,    4.16102141, -159.85942532,   -0.98728363,
        -17.19418166, -347.83482331])
6, array([   9.48488411,    4.97178493, -159.14933965,    7.7040588 ,
        -14.33742436, -346.82820922])
7, array([  12.72819315,    6.06655877, -158.06560964,   18.79961805,
         -9.64018099, -345.48304798])
8, array([  15.65014775,    6.87560067, -157.69095932,   26.53142402,
          3.06869125, -343.6081896 ])
9, array([  17.10536617,    8.57085829, -155.95449194,   35.69841409,
         19.4946783 , -341.63243999])
10, array([  20.01887933,   11.10040696, -154.40560924,   43.73177146,
         31.93145161, -340.22134387])
11, array([  20.56822527,   14.97432168, -153.47391477,   38.08609608,
         48.45506897, -338.45937699])
12, array([  18.36260882,   17.58200439, -152.26773292,   36.9567704 ,
         59.52805363, -337.13173418])
13, array([  14.6400761 ,   18.28716835, -152.7523741 ,   23.37260427,
         64.83876249, -336.31927539])
14, array([   8.44662065,   18.36543907, -152.72983154,    5.66583732,
         69.5469384 , -336.81990117])
15, array([   2.18810575,   18.88815526, -153.52323   ,  -14.75996867,
         67.89843356, -337.9536424 ])
16, array([  -4.37981449,   19.25764095, -152.92081438,  -37.62775618,
         59.49572017, -339.41354843])
17, array([  -8.50983218,   15.23147601, -153.71229411,  -57.65137112,
         43.11298147, -340.99818996])
18, array([ -15.06244951,    9.85664903, -153.87227191,  -78.14788273,
         27.40177509, -343.4771125 ])
19, array([ -19.97897922,    5.17991856, -153.96080319,  -88.70121198,
          6.30637596, -343.83604566])
20, array([ -21.15192779,   -3.01031332, -154.74739051,  -93.32723516,
         -8.68244642, -343.06397384])
21, array([ -21.09361372,  -10.00568903, -153.13004256,  -92.02689464,
        -25.84207414, -341.74585205])
22, array([ -18.61594633,  -14.77187324, -152.60387925,  -84.05532801,
        -43.99782209, -339.53166205])
23, array([ -18.1072322 ,  -18.48245033, -152.62915078,  -84.254503  ,
        -57.72720371, -336.18062249])
24, array([ -16.73633417,  -23.30520679, -152.1759771 ,  -72.31411264,
        -71.49803373, -332.80221714])
25, array([ -14.7767206 ,  -25.5169073 , -151.80624981,  -58.71902491,
        -78.37352558, -330.5803752 ])
26, array([ -11.42319877,  -24.15309864, -150.99487991,  -43.00657719,
        -82.25823136, -329.13756123])
27, array([  -7.59894931,  -22.35573044, -151.28517507,  -25.15472197,
        -81.70932505, -327.57347363])
28, array([  -2.36259369,  -18.04676985, -151.28618943,   -8.17946201,
        -76.05485815, -328.3950692 ])
29, array([   2.27266711,  -14.29510763, -152.06400325,    4.62446415,
        -72.84444982, -329.79825372])
30, array([   4.39001914,  -11.97345584, -152.61392124,   14.69330753,
        -60.23683113, -332.8821396 ])
31, array([   7.2294555 ,   -7.61665511, -153.73636621,   20.05835177,
        -51.19259002, -335.02442558])
32, array([   9.21124568,   -6.80494553, -155.07067908,   18.90745593,
        -39.78621456, -337.74145332])
33, array([   9.62232147,   -6.56225637, -156.23866185,   13.10764408,
        -29.12376413, -341.09220532])
34, array([   8.8501033 ,   -6.39706314, -157.92336524,    0.55103872,
        -19.85928786, -344.13763652])
35, array([   7.43715131,   -6.12612584, -159.48687068,  -11.97676508,
        -12.2599429 , -346.85694918])
36, array([   5.57752508,   -5.44550454, -160.75689422,  -22.10173804,
         -6.92963073, -349.04467206])
37, array([   3.46528416,   -4.05125932, -161.56115194,  -27.44985084,
         -4.47225282, -350.49533392])
38, array([   1.29448814,   -1.63945023, -161.72735988,  -25.64707422,
         -5.49171065, -351.00346353])
39, array([  -0.74080344,    2.09386266, -161.08323411,  -14.31937886,
        -10.5919057 , -350.36358963])
