0, array([-5.82797008e+00, -1.66807652e-01, -1.67414399e+02, -2.59604502e+01,
        1.62141580e+00, -3.55781682e+02])
1, array([-3.20311945e+00, -3.73833742e-01, -1.67369530e+02, -2.04422663e+01,
       -2.80996778e-01, -3.56065629e+02])
2, array([   2.90458464,    2.54712452, -166.31723847,   -5.58189255,
          3.4585366 , -355.06733451])
3, array([  10.8725856 ,    7.70120592, -164.34582887,   14.33442049,
         11.30397422, -352.85467432])
4, array([  19.59366404,   14.64344217, -160.97064649,   36.25201515,
         24.11860407, -349.09077671])
5, array([  27.05866404,   22.58601128, -156.68223184,   53.69772312,
         42.97140075, -343.93401416])
6, array([  30.22595637,   28.59597026, -153.88219519,   59.60925272,
         62.5546123 , -339.68457866])
7, array([  27.54939694,   30.08175892, -154.05280256,   52.52892809,
         71.6206087 , -338.84565956])
8, array([  21.00589986,   28.64105136, -155.9406631 ,   36.45133992,
         69.10280781, -341.3165206 ])
9, array([  11.9650652 ,   25.67015243, -158.71239327,   14.41731229,
         61.1382572 , -345.69202751])
10, array([   2.26424708,   22.79874182, -161.22707449,  -10.0176467 ,
         52.92165355, -349.79155699])
11, array([  -6.46317672,   21.2965735 , -162.46256772,  -33.30175929,
         49.72778339, -350.839441  ])
12, array([ -13.21767077,   21.33606603, -161.53717407,  -59.27917061,
         51.69255709, -348.83576519])
13, array([ -18.04717941,   21.68368507, -160.06147862,  -83.58232788,
         56.19174114, -344.89682687])
14, array([ -20.90655175,   19.33270294, -160.10932163,  -99.51433978,
         56.34497586, -342.80202512])
15, array([ -20.60221547,   14.1493564 , -161.22410659, -101.20250865,
         47.00884724, -343.68691832])
16, array([ -17.79982231,    7.91614443, -162.74397126,  -89.77153977,
         31.34998571, -346.8976656 ])
17, array([ -14.81304673,    1.08694043, -164.17637639,  -70.25130868,
         13.87678865, -351.11594245])
18, array([ -13.52747527,   -5.4848525 , -164.39001508,  -52.51057683,
         -2.16973128, -353.88951052])
19, array([ -15.16423186,  -11.01973384, -162.25855346,  -45.0991786 ,
        -15.45158048, -353.33743596])
20, array([ -19.60710356,  -15.97976063, -158.22587047,  -54.96369085,
        -31.60663527, -350.2244419 ])
21, array([ -25.08755044,  -21.2656299 , -152.71389574,  -68.65778965,
        -50.53928375, -344.43654724])
22, array([ -28.49948714,  -25.72820486, -148.07368022,  -80.09380557,
        -66.30548198, -339.25297823])
23, array([ -27.80882893,  -28.46832724, -145.93952882,  -82.79341217,
        -75.28550066, -336.63094321])
24, array([ -23.58582939,  -29.1192019 , -146.63745589,  -74.17430801,
        -75.3221371 , -337.37942679])
25, array([ -17.75705567,  -28.59319723, -148.90373177,  -58.3287059 ,
        -69.72628315, -340.74436027])
26, array([ -11.7278777 ,  -28.06729271, -151.42241795,  -41.03114026,
        -65.31649948, -343.65965888])
27, array([  -5.89659739,  -28.43695805, -152.03967576,  -24.37406135,
        -67.37653565, -342.64259974])
28, array([  -0.40251784,  -29.32534623, -151.22505174,   -7.45919017,
        -76.37017033, -336.78522186])
29, array([   4.78764688,  -30.32289881, -149.52802613,    9.85909708,
        -87.88571387, -328.85800078])
30, array([   9.16191297,  -30.11145288, -148.56257436,   24.78453282,
        -95.95343723, -322.42348809])
31, array([  12.39039147,  -27.96996875, -149.68071042,   35.9739527 ,
        -95.75256258, -319.83775261])
32, array([  14.48386348,  -24.4115457 , -152.31474439,   43.70948363,
        -86.19403497, -322.08668364])
33, array([  14.67982218,  -19.77601808, -155.50070317,   45.48573314,
        -71.59403061, -328.29871846])
34, array([  12.57324352,  -14.22422137, -159.32612484,   38.91651395,
        -54.65219482, -335.95046714])
35, array([   9.38152578,   -8.80115065, -162.34763177,   27.46642226,
        -38.89089346, -342.5075982 ])
36, array([   6.06719654,   -3.80205343, -164.8134085 ,   15.13160156,
        -24.96343469, -347.28038528])
37, array([ 3.10344567e+00, -1.80988998e-02, -1.66444164e+02,  3.90256872e+00,
       -1.36978741e+01, -3.50720891e+02])
38, array([   0.78328272,    2.25458785, -167.25805329,   -5.00078078,
         -6.56789052, -352.69104709])
39, array([  -0.62112202,    3.32430238, -167.87064271,  -10.25697148,
         -3.23675163, -353.42423597])
