0, array([  -8.22135281,   -0.90183894, -167.21569996,  -24.28848992,
        -10.11005495, -354.90824017])
1, array([  -6.99011643,   -0.39797079, -166.76608822,  -20.34826612,
         -8.56364911, -354.30059639])
2, array([  -4.24445938,    0.54966375, -167.42471724,  -14.5762419 ,
         -7.57025813, -354.76265241])
3, array([   1.85892356,    5.13200635, -166.38638973,    0.8184747 ,
          2.63551261, -353.476803  ])
4, array([   9.49535395,   11.60560802, -164.36603106,   20.74423302,
         17.93518915, -350.7451032 ])
5, array([  17.25596316,   19.11908802, -161.40218764,   40.31671395,
         38.45878568, -346.21738676])
6, array([  22.1504374 ,   25.14149207, -158.80916914,   50.11378916,
         60.31777651, -341.16087615])
7, array([  21.89663938,   27.14433339, -158.22191157,   46.23994573,
         74.74426453, -338.43435291])
8, array([  17.01939469,   25.08765981, -159.83590064,   31.94384245,
         75.63119332, -339.59763818])
9, array([   9.5166906 ,   21.8882564 , -162.2968669 ,   12.90355907,
         67.22177888, -343.71556646])
10, array([   1.50559231,   19.59513112, -163.85004358,   -7.29981031,
         57.5319334 , -348.2815946 ])
11, array([  -5.62055667,   18.56982344, -164.35337513,  -26.31355312,
         51.70392019, -350.6864018 ])
12, array([ -11.11879613,   19.20952638, -163.71936615,  -44.3462199 ,
         52.76376749, -349.36984339])
13, array([ -15.13788767,   20.18014814, -162.24633052,  -64.44614097,
         58.50562953, -345.39209187])
14, array([ -17.62564711,   18.56390118, -162.11161371,  -80.58941137,
         60.97878879, -342.53604157])
15, array([ -18.08300034,   13.76680304, -162.97979497,  -87.44082822,
         54.14646359, -342.98358541])
16, array([ -16.58797914,    8.06601036, -164.1917265 ,  -80.31547797,
         41.1547092 , -345.922726  ])
17, array([ -14.46074592,    2.41886714, -165.2082999 ,  -61.89421567,
         27.30088305, -349.79128916])
18, array([ -13.50707114,   -2.98283703, -165.3906932 ,  -42.63467256,
         14.41848472, -353.01217927])
19, array([ -15.47434461,   -7.5324451 , -163.95009925,  -33.34522769,
          2.90999946, -353.96569977])
20, array([ -20.02988518,  -11.10312303, -160.94372582,  -38.8048718 ,
         -9.62271751, -352.95231253])
21, array([ -25.60565725,  -14.17606557, -157.41770519,  -54.59555626,
        -24.95052697, -350.02423668])
22, array([ -29.95849913,  -17.12975397, -153.99876206,  -72.64863746,
        -42.38952809, -345.81648568])
23, array([ -31.31094019,  -18.84467001, -152.23931448,  -81.82431241,
        -57.13486634, -341.60002742])
24, array([ -29.38411267,  -17.94087017, -153.05054138,  -78.33786507,
        -64.55513929, -339.15291236])
25, array([ -24.53094319,  -16.1182138 , -155.71611941,  -66.64756162,
        -63.06574526, -339.98610973])
26, array([ -18.22471246,  -15.393288  , -158.49335378,  -50.61294159,
        -55.15209451, -343.4858686 ])
27, array([ -11.40877319,  -17.628791  , -158.94371423,  -33.23139684,
        -47.90105884, -347.40135649])
28, array([  -5.27646933,  -21.82013409, -157.24538395,  -17.9329891 ,
        -49.0424561 , -348.22412461])
29, array([-3.02470180e-01, -2.68036240e+01, -1.54034136e+02, -4.61479264e+00,
       -5.92766555e+01, -3.44808432e+02])
30, array([   3.46631565,  -30.97946731, -150.72715848,    8.44911593,
        -74.57139881, -338.15389083])
31, array([   7.2415094 ,  -31.30712308, -149.87154281,   23.4860378 ,
        -85.45944098, -331.43956853])
32, array([  11.68987446,  -27.87840496, -151.58219918,   38.41271415,
        -85.06657561, -328.08549869])
33, array([  14.92340677,  -22.7890854 , -155.44554348,   49.16843369,
        -73.83845647, -329.17409826])
34, array([  15.6586562 ,  -16.19586349, -159.73182186,   52.31778135,
        -54.21117724, -334.29533975])
35, array([  12.45940213,   -8.76035582, -163.21892106,   42.98700539,
        -32.39487488, -341.24659049])
36, array([   5.75614841,   -1.8088723 , -165.42728188,   23.20790723,
        -14.12849174, -347.48365704])
37, array([  -1.99251985,    3.31656091, -166.27542617,    1.23879267,
         -1.51037364, -351.679636  ])
38, array([  -8.232774  ,    6.26383594, -166.22460591,  -15.87098224,
          5.89431139, -353.69004335])
39, array([ -11.37593717,    7.42883439, -165.44495806,  -25.20559988,
          8.70819983, -354.08483792])
