0, array([  -4.09303163,   11.99824029, -165.88537715,  -16.75603574,
         -2.26008333, -352.77100763])
1, array([   2.66867455,   14.18298259, -164.82788088,   -1.70907394,
          1.55152263, -352.10100474])
2, array([   8.98065827,   18.91380261, -161.9757856 ,   13.82413118,
         13.4515274 , -349.90353713])
3, array([  15.16723126,   24.68746016, -158.53167169,   28.20476152,
         31.42760589, -346.53183637])
4, array([  19.38435516,   30.36285777, -155.30721109,   36.61941166,
         52.68601894, -342.69035336])
5, array([  20.21379904,   33.52437077, -153.92066699,   36.58377599,
         70.46711029, -340.19771381])
6, array([  16.75448893,   33.2085075 , -154.75989737,   26.50752321,
         77.72511794, -340.40191379])
7, array([  10.38382909,   30.35864149, -157.16402462,    9.98326253,
         73.95619867, -343.18217344])
8, array([   3.69535259,   26.97546158, -159.95245299,   -7.17940282,
         64.34411134, -347.31325768])
9, array([  -2.34158756,   24.37279828, -161.58490525,  -23.96388417,
         55.11896181, -350.40130851])
10, array([  -7.74624692,   22.84585588, -162.14808956,  -41.74966823,
         50.14331301, -351.19894219])
11, array([ -12.83458744,   22.64135411, -161.38568865,  -65.12372152,
         49.34726284, -350.17222329])
12, array([ -16.99525141,   22.26542767, -160.5856276 ,  -87.57748978,
         50.55660518, -347.77952329])
13, array([ -19.40388756,   19.36595375, -160.86576362, -102.36338375,
         48.7592681 , -346.44642297])
14, array([ -19.37587196,   14.33983055, -161.81204756, -103.6148314 ,
         41.55543253, -347.05023097])
15, array([ -16.93493456,    8.616278  , -163.15955229,  -88.83227176,
         30.37048432, -349.0532917 ])
16, array([ -13.65109876,    2.8106277 , -164.48673035,  -64.52992419,
         17.79566656, -351.66680834])
17, array([ -12.49051514,   -2.65121134, -164.75801928,  -44.56634306,
          5.56337448, -353.25786313])
18, array([ -14.39208561,   -7.20364929, -163.44103307,  -37.41057239,
         -6.59447462, -353.48303531])
19, array([ -19.25267208,  -10.49556902, -160.71816013,  -47.07523475,
        -20.0873515 , -351.77204748])
20, array([ -25.22942681,  -13.62944748, -157.26312894,  -65.46218575,
        -35.95166786, -347.17102539])
21, array([ -29.95843237,  -17.69866511, -153.18933895,  -82.9255241 ,
        -54.18081118, -340.92409069])
22, array([ -31.14310591,  -21.38459126, -150.02497646,  -89.49037879,
        -69.20666877, -335.79097274])
23, array([ -28.35692619,  -23.30479542, -149.19248052,  -82.40705731,
        -76.79483968, -333.56313129])
24, array([ -22.864399  ,  -23.84532569, -150.54405537,  -66.12225776,
        -76.05449232, -335.1687177 ])
25, array([ -16.74786579,  -24.02915503, -152.53116015,  -47.50046789,
        -71.53152069, -338.89978357])
26, array([ -10.89652408,  -24.29780172, -153.92272923,  -30.60208243,
        -68.46250022, -341.67844873])
27, array([  -5.96945748,  -25.16066632, -153.92654339,  -16.91686867,
        -70.63336105, -340.69096183])
28, array([  -1.78511933,  -26.78901272, -152.4290626 ,   -5.17184476,
        -78.96454523, -335.1103013 ])
29, array([   2.28017005,  -28.73040189, -150.15117506,    7.66829387,
        -90.12511111, -327.61095696])
30, array([   6.42204843,  -28.85720851, -148.90482628,   21.44176275,
        -96.21284781, -322.14224849])
31, array([  10.47919908,  -26.14323483, -149.89950859,   34.06911962,
        -92.10899541, -321.08277647])
32, array([  13.65823313,  -20.7556711 , -153.14834741,   42.42262107,
        -77.32710429, -325.41592516])
33, array([  14.67624054,  -14.03132679, -157.54072131,   43.69092705,
        -57.49446459, -333.08220459])
34, array([  12.69446718,   -7.07779179, -161.44567137,   35.93017727,
        -37.82023291, -340.97500937])
35, array([   7.73316054,   -0.64491982, -164.10799927,   20.31096735,
        -20.68326117, -347.11743261])
36, array([   1.61180676,    4.55245316, -165.4307518 ,    2.16385762,
         -7.48893124, -350.94232265])
37, array([  -4.3604262 ,    8.2638539 , -165.60249081,  -14.94736132,
          1.83251523, -353.10774899])
38, array([  -9.08805775,   10.71944243, -164.96477396,  -28.20505231,
          7.40750975, -353.94564024])
39, array([ -11.90853634,   11.70119029, -164.35361694,  -35.91810465,
          9.60817319, -353.94386642])
