0, array([  -2.28049351,   12.31911231, -168.13045966,  -28.84406029,
         -2.50874979, -353.83695671])
1, array([   0.8373079 ,   14.12815666, -166.65154134,  -19.69449064,
          3.28364154, -352.707055  ])
2, array([   3.95327254,   15.94406403, -165.16910587,  -10.54799328,
          9.09305808, -351.57526422])
3, array([   6.51942801,   19.81430831, -162.63397198,   -2.32112866,
         19.9986885 , -349.87804561])
4, array([   9.07232261,   23.69108943, -160.09712129,    5.86658411,
         30.92574342, -348.17751012])
5, array([   9.64713642,   28.54294935, -157.30418178,    8.21414653,
         45.0486188 , -345.98220828])
6, array([  10.2111047 ,   33.30326475, -154.56393923,   10.51741533,
         58.90502484, -343.82832722])
7, array([   7.49332966,   37.43528257, -152.15817866,    1.5953245 ,
         70.36772977, -342.47348278])
8, array([   4.74605774,   41.56085164, -149.75588665,   -7.42772627,
         81.80660339, -341.12616764])
9, array([  -0.79893359,   43.34918007, -148.69544335,  -23.10346022,
         86.89009336, -340.74286744])
10, array([  -6.35953718,   45.12446586, -147.64248804,  -38.81631852,
         91.93811803, -340.36494678])
11, array([ -11.96606129,   43.44683859, -148.59806715,  -53.94045749,
         89.00360654, -341.30190464])
12, array([ -17.57017668,   41.75844122, -149.55960772,  -69.05636781,
         86.04381486, -342.24316116])
13, array([ -20.91449105,   37.29046411, -151.864917  ,  -77.94524974,
         76.31467901, -344.42053201])
14, array([ -24.24107005,   32.81467961, -154.17083654,  -86.78155823,
         66.56518097, -346.59726934])
15, array([ -23.59049101,   26.5880893 , -156.61360593,  -83.82827448,
         52.24946193, -348.63193935])
16, array([ -22.90962058,   20.35447537, -159.04527162,  -80.78902814,
         37.91275358, -350.65115288])
17, array([ -18.36010698,   13.22384515, -160.05883619,  -66.77113031,
         20.8954117 , -350.69635393])
18, array([ -13.89643325,    6.22775513, -161.0532769 ,  -53.01772112,
          4.19915175, -350.74070214])
19, array([  -8.26058687,   -0.87471088, -160.63283691,  -36.35481064,
        -13.71739929, -348.57096161])
20, array([  -2.61623453,   -7.97695636, -160.20116869,  -19.67118976,
        -31.64099112, -346.38387813])
21, array([   1.02660368,  -13.94775575, -158.72825159,   -8.07174755,
        -47.39730437, -342.86413869])
22, array([   4.66051652,  -19.91350968, -157.25069124,    3.50502274,
        -63.14395307, -339.33845653])
23, array([   5.2904827 ,  -23.35844148, -155.74897995,    5.03069009,
        -72.38922827, -335.99648748])
24, array([   5.91095277,  -26.79437014, -154.24892365,    6.52294433,
        -81.6149192 , -332.65893165])
25, array([   3.76322794,  -27.4423963 , -153.50484609,   -1.98402717,
        -85.28454807, -331.21336959])
26, array([   1.60743897,  -28.07787379, -152.76874648,  -10.50614993,
        -88.92445999, -329.7781534 ])
27, array([  -1.99344399,  -26.46462898, -153.46229523,  -21.7433789 ,
        -87.23909518, -330.19691705])
28, array([  -5.58947474,  -24.83643741, -154.16690575,  -32.96661719,
        -85.50606063, -330.63294687])
29, array([  -8.58624733,  -21.60201319, -156.06969648,  -42.44585387,
        -78.58496694, -332.95175926])
30, array([ -11.64065016,  -18.3053885 , -158.00907935,  -52.10738356,
        -71.5307753 , -335.3151642 ])
31, array([ -12.92642703,  -13.59760961, -160.32193632,  -57.09180488,
        -60.42488006, -339.05191687])
32, array([ -14.2003472 ,   -8.88037047, -162.63729704,  -62.0448713 ,
        -49.29182257, -342.79787634])
33, array([ -12.72771785,   -3.86539736, -164.58632519,  -59.2389274 ,
        -37.5537651 , -346.20217145])
34, array([ -11.24591295,    1.1505704 , -166.53412952,  -56.40706253,
        -25.81368647, -349.60532514])
