0, array([-3.30498280e+00,  2.15452944e-01, -1.61842944e+02, -3.24457491e+01,
       -1.92260703e+01, -3.50904337e+02])
1, array([  -3.23856901,   -0.66261622, -162.03542456,  -32.64049182,
        -21.11161312, -350.83568164])
2, array([-2.23222657e-01, -1.25741618e+00, -1.61752626e+02, -2.53630990e+01,
       -2.27784992e+01, -3.50588084e+02])
3, array([   3.68761632,   -0.98790472, -161.18354147,  -15.15378436,
        -22.53701202, -350.18334532])
4, array([ 7.78382400e+00,  3.25095200e-01, -1.60295422e+02, -3.76009593e+00,
       -1.95626699e+01, -3.49573924e+02])
5, array([  12.31286907,    2.62256755, -158.9270474 ,    9.13935844,
        -13.61098041, -348.67998372])
6, array([  16.79636536,    5.76854547, -157.12431224,   21.9142079 ,
         -4.73058494, -347.60829054])
7, array([  20.37789806,    9.86131241, -155.17850024,   32.23841093,
          7.26106088, -346.27973724])
8, array([  22.40570537,   14.33964963, -153.29691498,   38.21962848,
         21.02537224, -344.97485392])
9, array([  22.59098341,   18.54769699, -151.85516535,   38.83280331,
         34.83665207, -343.8334276 ])
10, array([  21.04225989,   22.07396418, -151.00299173,   34.07763434,
         47.81361657, -342.80990731])
11, array([  18.19814559,   24.45662084, -150.71971293,   24.8678944 ,
         58.90017927, -341.79382563])
12, array([  13.57085169,   25.33470005, -151.3502901 ,   10.59504118,
         67.3243009 , -341.10239083])
13, array([   7.80975032,   24.40328621, -152.65127479,   -6.23905455,
         70.47151945, -340.80219426])
14, array([   1.46351659,   22.20819894, -154.23785855,  -23.63422904,
         68.68795649, -341.16704358])
15, array([  -5.09203118,   18.99008741, -155.75364755,  -40.85166552,
         62.43035612, -342.13849614])
16, array([ -11.16146302,   15.0558467 , -156.87582944,  -56.63943482,
         52.58305217, -343.50419156])
17, array([ -16.27864808,   10.56473582, -157.67277166,  -70.39013411,
         39.69704421, -345.2431306 ])
18, array([ -20.0999151 ,    6.26097667, -157.98336446,  -81.16950872,
         25.79870411, -346.71859209])
19, array([ -22.74794165,    1.9529245 , -157.76028454,  -89.07504888,
         10.51214062, -347.49721493])
20, array([ -24.17058453,   -2.33732378, -157.34347759,  -93.87550683,
         -5.99301619, -347.22703673])
21, array([ -24.46898618,   -6.44754485, -156.82415227,  -95.4999896 ,
        -22.5157238 , -345.68834078])
22, array([ -23.99476651,  -10.52750269, -156.00040494,  -94.40556933,
        -38.53525939, -342.79973508])
23, array([ -22.41814677,  -14.80629579, -155.06303632,  -89.30932116,
        -53.44969325, -338.8706717 ])
24, array([ -19.82884149,  -18.74225102, -154.22887407,  -81.01548373,
        -67.3743227 , -334.93871056])
25, array([ -16.39860477,  -22.16397552, -153.49767288,  -69.34569056,
        -79.77135449, -331.63658668])
26, array([ -12.2696395 ,  -24.44314753, -152.97783441,  -54.99953487,
        -88.72646996, -329.49564225])
27, array([  -7.42946779,  -25.20986481, -152.73636472,  -38.48712325,
        -92.76778392, -328.80916567])
28, array([  -2.10122495,  -24.46289638, -152.78958383,  -21.19049181,
        -90.3755316 , -329.92698195])
29, array([   2.72985226,  -21.96081797, -153.47905102,   -6.87639448,
        -80.91738487, -332.95629228])
30, array([   6.83974532,  -18.35419439, -154.56936815,    4.02716122,
        -68.09718824, -336.7537514 ])
31, array([   9.65470559,  -13.96320683, -155.93319385,   10.22134279,
        -53.38665658, -340.74812892])
32, array([  10.83884545,   -9.17780559, -157.38301823,   11.2923517 ,
        -37.94100463, -344.64107544])
33, array([  10.14427812,   -4.77358895, -158.63278709,    7.20851471,
        -23.79984794, -348.03933267])
34, array([   7.6502399 ,   -1.58587334, -159.6949295 ,   -1.94128836,
        -12.99431851, -350.53058885])
35, array([   4.28175498,    0.48796782, -160.48706412,  -13.13280372,
         -6.13611348, -352.01380157])
36, array([   0.75838519,    1.64429681, -160.95486583,  -23.91952951,
         -2.55554194, -352.68665332])
37, array([  -2.52893976,    2.15623559, -161.14571601,  -33.06888856,
         -1.29080877, -352.83591231])
38, array([  -5.11212301,    2.16270339, -161.08309454,  -39.42695428,
         -1.52971712, -352.70508366])
39, array([  -6.75007579,    1.59901783, -160.73515937,  -42.85663693,
         -2.7122878 , -352.43470048])
