0, array([  -3.31786614,    5.15047111, -160.15955588,  -23.90620285,
        -15.4867268 , -350.43839476])
1, array([  -6.36053388,    2.14002269, -161.08399642,  -35.01389822,
        -19.19039134, -351.15851177])
2, array([-6.82718403e+00, -2.07075107e-01, -1.61188291e+02, -3.68706244e+01,
       -2.02371936e+01, -3.51159463e+02])
3, array([  -5.23219424,   -1.85577984, -160.65286795,  -31.40688101,
        -19.04374913, -350.54372007])
4, array([  -2.08994215,   -2.77104906, -159.65815475,  -20.55316766,
        -16.02667374, -349.41375669])
5, array([   2.0851946 ,   -2.91784032, -158.38457945,   -6.23998398,
        -11.60258305, -347.87204517])
6, array([   6.77883836,   -2.26111116, -157.01256996,    9.60217041,
         -6.18809275, -346.02105819])
7, array([  12.06280977,   -0.44592595, -156.79075807,   26.25855573,
         -3.49387071, -343.15318853])
8, array([  15.31759366,    2.86325157, -156.48937089,   35.9643425 ,
          3.09629099, -342.00029817])
9, array([  18.83445494,    6.39229933, -155.15385186,   42.91070816,
         13.12892189, -340.327498  ])
10, array([  17.58813665,   10.20657118, -153.13584338,   41.82537646,
         19.15098465, -338.7989293 ])
11, array([  16.90954084,   14.64163326, -151.77181269,   33.40558311,
         30.5176297 , -336.57914125])
12, array([  12.71556439,   17.19541942, -151.16266684,   21.24899868,
         41.60251362, -335.7232427 ])
13, array([  11.92624393,   20.68904976, -151.56775691,    3.68097913,
         50.07183865, -336.10227024])
14, array([   7.76673035,   22.39049048, -151.61681821,  -13.4448543 ,
         50.85926468, -337.16984271])
15, array([   3.11703265,   22.01858313, -153.03907594,  -31.79719256,
         54.0543712 , -337.84825457])
16, array([  -2.86600017,   17.83390083, -154.35338953,  -50.25664627,
         52.87318657, -339.89516922])
17, array([  -8.28133231,   13.17931586, -154.61044584,  -65.88640728,
         48.20111712, -341.81830782])
18, array([ -13.76060808,    8.19867195, -155.2805824 ,  -76.70876543,
         29.32096734, -342.75987338])
19, array([ -18.20776625,    2.23405494, -156.44652357,  -84.0434325 ,
         11.31095008, -342.96650701])
20, array([ -21.52904607,   -4.77788576, -156.54148456,  -87.21973176,
         -5.57949252, -343.43106863])
21, array([ -22.69366948,  -10.3943348 , -155.53263682,  -87.15471528,
        -25.02833844, -341.56568278])
22, array([ -26.0566706 ,  -14.72204777, -154.29570968,  -85.853838  ,
        -44.93652944, -338.99277608])
23, array([ -25.02322729,  -17.89054661, -153.48624264,  -76.24305607,
        -58.07994797, -335.61498751])
24, array([ -21.15525329,  -21.49144403, -152.40531159,  -64.7292557 ,
        -71.96054074, -334.10710913])
25, array([ -13.97548252,  -23.36969081, -151.83066983,  -51.1201122 ,
        -79.93891668, -331.11099358])
26, array([  -8.38501309,  -23.40584504, -151.88195012,  -35.74543842,
        -87.91537255, -329.4381639 ])
27, array([  -2.3443261 ,  -22.2063997 , -151.97103969,  -19.19541524,
        -88.00195039, -328.17677416])
28, array([   2.7967738 ,  -20.54564044, -152.68737288,   -7.88550976,
        -81.20946939, -329.58687254])
29, array([   6.29237603,  -19.07126177, -152.82107941,    4.82340939,
        -72.11217411, -330.30821795])
30, array([   9.10132343,  -16.28701712, -153.62078393,   13.54909649,
        -63.63482632, -332.04173103])
31, array([  10.51794039,  -12.93497086, -154.60171214,   15.89122434,
        -50.13793147, -334.06809997])
32, array([  11.34575444,  -11.12565947, -156.28939456,   14.90973878,
        -39.43147368, -336.34431593])
33, array([  10.19719224,   -6.98670711, -157.48657151,   10.82473459,
        -28.34617671, -339.05459538])
34, array([   7.87730744,   -4.40047307, -158.42947571,    4.60879978,
        -19.24315419, -342.37564492])
35, array([   4.79364481,   -2.28429803, -159.23407833,   -2.1826748 ,
        -11.96404107, -345.500184  ])
36, array([   1.13700323,   -0.75438416, -159.87417864,   -8.57681884,
         -7.04964781, -348.12441083])
37, array([-2.90181847e+00,  7.30663764e-02, -1.60323576e+02, -1.36007620e+01,
       -5.04078487e+00, -3.49944524e+02])
38, array([-7.13202142e+00,  8.18514179e-02, -1.60556069e+02, -1.62816341e+01,
       -6.47826271e+00, -3.50656721e+02])
39, array([ -11.36280677,   -0.8442312 , -160.54545813,  -15.64656465,
        -11.9028918 , -349.95719992])
