0, array([  -4.79008451,   -8.75963678, -161.24502668,  -22.85036041,
        -21.84932534, -351.55005777])
1, array([  -6.83355358,   -9.28947413, -161.4423585 ,  -30.33351599,
        -20.26443519, -352.15631247])
2, array([  -7.40372274,   -9.7598223 , -161.580595  ,  -33.17761762,
        -20.52996969, -352.40047926])
3, array([  -5.49782242,  -10.13019129, -161.61951426,  -28.225194  ,
        -23.90538018, -352.0361109 ])
4, array([  -2.81175739,   -9.84842622, -161.45378005,  -20.32813994,
        -26.15084105, -351.34001645])
5, array([   0.47157218,   -9.11027277, -161.12121901,  -10.49853508,
        -27.35550899, -350.4069493 ])
6, array([   6.20777599,   -6.63866802, -160.07016051,    6.21030906,
        -23.70819254, -348.55649179])
7, array([  11.13875985,   -3.77422649, -158.96993694,   20.09078639,
        -17.50248874, -346.81617961])
8, array([  15.11280117,   -0.60508482, -157.85440133,   30.71580531,
         -8.92934233, -345.23956084])
9, array([  17.90836524,    3.18356125, -156.91565688,   37.45356654,
          2.80004857, -343.72069009])
10, array([  19.91470523,    7.04045552, -156.08505184,   41.91293351,
         15.4427621 , -342.29359614])
11, array([  20.07031644,   10.85167769, -155.50194611,   41.22228441,
         29.51481627, -341.1132333 ])
12, array([  18.58979466,   14.09962059, -155.12389123,   35.57615487,
         42.53656158, -340.40492361])
13, array([  16.13574825,   17.01240354, -154.8678448 ,   26.98143728,
         54.93335676, -339.9774929 ])
14, array([  11.74616737,   18.09634773, -155.12889214,   13.0009085 ,
         60.8405192 , -340.59151385])
15, array([   6.91569106,   18.42909963, -155.55087621,   -2.20920143,
         63.73956725, -341.48407645])
16, array([   1.34423344,   17.49937651, -156.24333511,  -19.48578022,
         61.58309321, -342.84476401])
17, array([  -4.21389412,   15.403375  , -156.99449735,  -36.15475265,
         54.02410665, -344.30624192])
18, array([  -9.63134497,   12.71138055, -157.72055414,  -52.13580393,
         43.87869691, -345.68387641])
19, array([ -14.04225035,    8.54741148, -158.11329202,  -64.55954368,
         28.20393991, -346.18802154])
20, array([ -17.34592675,    3.69675198, -158.07638429,  -74.1133392 ,
         10.35190773, -345.84858747])
21, array([ -19.44072258,   -1.6913469 , -157.61096656,  -80.50322755,
         -9.12810635, -344.67601833])
22, array([ -19.49264402,   -6.98277389, -156.77493345,  -79.823659  ,
        -28.50771309, -342.34956557])
23, array([ -18.70857094,  -11.95009664, -155.90561827,  -76.42972573,
        -46.88441713, -339.75618889])
24, array([ -16.27988341,  -16.00347296, -155.08580294,  -67.86943226,
        -62.35403624, -336.83706785])
25, array([ -12.91810383,  -18.85957601, -154.50678128,  -56.26708897,
        -73.33060413, -334.29773546])
26, array([  -9.00111995,  -21.0032828 , -154.0710356 ,  -42.85467866,
        -81.63373655, -331.98438323])
27, array([  -4.42192392,  -20.85464209, -153.96835031,  -28.37945351,
        -81.94700129, -331.31106905])
28, array([-1.44420524e-02, -2.00249574e+01, -1.54062794e+02, -1.48203076e+01,
       -8.00932596e+01, -3.31392086e+02])
29, array([   4.10445217,  -18.05069085, -154.48853774,   -2.80075046,
        -74.59758552, -332.74085403])
30, array([   7.01088398,  -14.93689311, -155.2102858 ,    4.91383582,
        -65.60976044, -335.21108543])
31, array([   9.24766079,  -11.3979444 , -156.07018522,   10.34305989,
        -55.24299339, -338.14025452])
32, array([   9.58404995,   -7.58283287, -157.20672464,    9.70729681,
        -43.46767502, -341.64084638])
33, array([   8.99538992,   -4.21862009, -158.25656345,    6.18554722,
        -32.82370026, -344.87454953])
34, array([ 7.49979330e+00, -1.40882030e+00, -1.59187399e+02, -1.13827340e-01,
       -2.36385760e+01, -3.47741865e+02])
35, array([ 5.19175135e+00,  2.07997837e-01, -1.59700338e+02, -8.36404036e+00,
       -1.80611733e+01, -3.49478047e+02])
36, array([   2.75065229,    1.41812255, -160.09208052,  -16.52152603,
        -13.78555406, -350.8011903 ])
37, array([ 2.41469573e-01,  1.90733480e+00, -1.60293784e+02, -2.36311916e+01,
       -1.19013172e+01, -3.51360197e+02])
38, array([  -1.82519602,    2.08622926, -160.42316542,  -29.16172603,
        -11.28203788, -351.52810946])
39, array([  -3.62855703,    2.08047979, -160.50951417,  -33.75265281,
        -11.41542802, -351.46331472])
