0, array([ -16.48391659,    3.20816927, -169.65614269,  -36.46593547,
        -12.87683427, -356.11328757])
1, array([  -2.65365582,    7.60489342, -166.52596891,  -17.3345753 ,
         -3.36073161, -353.94341682])
2, array([   7.78997133,   11.86003287, -163.63104119,   -0.60586935,
          8.09557544, -351.47915163])
3, array([  15.13595214,   15.86064064, -161.05037195,   13.33733319,
         20.60506751, -348.91958708])
4, array([  19.67327394,   19.49376975, -158.86297359,   24.11218311,
         33.28072524, -346.46381821])
5, array([  21.69092401,   22.64647322, -157.14785852,   31.33583122,
         45.23552924, -344.31094011])
6, array([  21.47788966,   25.20580407, -155.98403915,   34.62542832,
         55.58246016, -342.66004783])
7, array([  20.7593207 ,   27.497257  , -156.1907025 ,   34.62754242,
         59.06314374, -342.79413768])
8, array([  15.94006643,   28.68080404, -156.34616045,   26.08324508,
         63.78029408, -343.16583115])
9, array([   9.17502341,   27.53256929, -157.32774909,   11.64663237,
         64.69347896, -344.32269664])
10, array([   1.89924258,   26.03687003, -158.18737864,   -7.4829615 ,
         63.3136799 , -345.27388444])
11, array([  -3.79737637,   25.20990051, -159.63068811,  -30.34337072,
         58.92481684, -345.74300933])
12, array([  -9.7490962 ,   21.72582208, -160.59748838,  -49.64232123,
         51.34814316, -346.30263559])
13, array([ -12.61195184,   18.3867671 , -161.00475996,  -64.43481582,
         47.53652823, -347.16911245])
14, array([ -14.54719915,   14.43008366, -161.98407661,  -77.50933   ,
         42.821242  , -346.89721203])
15, array([ -15.71303881,   10.54312216, -162.88852894,  -81.58809674,
         36.93329531, -347.99598958])
16, array([ -16.45643482,    5.45012682, -163.13583849,  -78.24936279,
         30.15803446, -348.27407965])
17, array([-1.56202154e+01, -4.55803250e-02, -1.63062881e+02, -7.36642494e+01,
        2.02658137e+01, -3.49336801e+02])
18, array([ -17.45050349,   -4.61524792, -162.58108421,  -71.24723374,
          5.15026063, -350.09426976])
19, array([ -18.87122326,   -9.55743678, -161.26863916,  -64.80415943,
        -10.62379764, -350.11138264])
20, array([ -20.71634319,  -13.1143926 , -159.44710024,  -62.15793664,
        -25.08467042, -346.88111423])
21, array([ -20.78843772,  -17.24766117, -158.44064056,  -62.20721467,
        -39.92511156, -345.1568181 ])
22, array([ -21.00232034,  -19.47788934, -156.39408628,  -63.49943633,
        -50.56625321, -343.02835157])
23, array([ -21.75730555,  -19.93817785, -155.30675153,  -66.8834865 ,
        -59.29901257, -340.33282005])
24, array([ -20.12538646,  -20.38648876, -154.86540327,  -65.46142705,
        -64.7191722 , -339.08119882])
25, array([ -16.43100946,  -20.68895437, -154.78019066,  -59.77125215,
        -69.1363353 , -339.55080665])
26, array([ -11.8119318 ,  -21.27197946, -156.06893049,  -50.21177819,
        -72.68658318, -339.93602722])
27, array([  -6.68611605,  -21.96993398, -157.1103569 ,  -34.31048715,
        -74.73401255, -340.07562353])
28, array([   0.52588625,  -23.72425742, -156.71363632,  -16.07562763,
        -74.53606529, -339.44909418])
29, array([   7.14712823,  -23.45491476, -156.55727787,    4.2656214 ,
        -72.59428831, -338.23680449])
30, array([  11.20723468,  -23.55716033, -155.8870981 ,   21.46754159,
        -71.27024419, -336.15944668])
31, array([  14.09747622,  -22.59827554, -155.46801426,   36.53041323,
        -65.30967398, -334.72575634])
32, array([  15.93464867,  -19.71495145, -156.39420748,   44.48890576,
        -59.20999629, -333.19715044])
33, array([  16.67901332,  -16.05047145, -157.91147379,   45.26227702,
        -50.77797187, -335.27187545])
34, array([  14.61224774,  -10.31251327, -159.46353833,   40.80173113,
        -37.44015071, -337.79867675])
35, array([  11.36970322,   -4.54412101, -161.10998578,   32.14826166,
        -24.33150067, -341.05736457])
36, array([   7.23700637,    0.62255198, -162.7288362 ,   19.80984071,
        -12.89584033, -344.8753749 ])
37, array([   2.49978382,    4.55535231, -164.19810965,    4.29444035,
         -4.57698825, -349.08014375])
38, array([  -2.55633781,    6.62212664, -165.39582619,  -13.88996733,
         -0.81876298, -353.49910714])
39, array([  -7.6457319 ,    6.1907216 , -166.20000587,  -34.23541024,
         -3.0649831 , -357.95970107])
