0, array([  -7.17359215,    4.34115005, -169.97847154,  -36.06693295,
        -20.85577698, -353.95679502])
1, array([  -2.84844184,    4.93812225, -168.94346209,  -25.67114834,
        -19.48941281, -353.54480148])
2, array([   1.59358825,    6.03682244, -167.75974614,  -14.88678568,
        -16.73461798, -353.09044942])
3, array([   6.55982983,    8.39025492, -166.15660304,   -2.58032939,
        -10.52343026, -352.51013338])
4, array([  11.09471906,   11.63853777, -164.24896872,    8.89238013,
         -1.29634394, -351.55435096])
5, array([  15.34010224,   15.48740756, -162.13697284,   19.80551301,
          9.95488996, -350.34657097])
6, array([  17.54606327,   20.80132274, -159.2236086 ,   25.49000905,
         25.46327496, -348.04996231])
7, array([  18.87790668,   26.43399713, -156.16863036,   28.84014052,
         42.00174179, -345.50491297])
8, array([  17.36140824,   32.34016997, -153.09820915,   24.50468812,
         59.75379221, -342.58717614])
9, array([  13.64860769,   37.38790002, -150.58047606,   14.2083693 ,
         74.88325324, -340.31588136])
10, array([   7.86938719,   41.5231317 , -148.63842499,   -1.69276769,
         87.22968579, -338.7070597 ])
11, array([   0.8201038 ,   43.09707643, -148.28225325,  -20.15449081,
         92.95210729, -338.33496848])
12, array([  -6.40204811,   43.62455755, -148.47533839,  -38.88771038,
         95.98355727, -338.4295768 ])
13, array([ -12.4857679 ,   40.91648491, -149.82982288,  -54.80796916,
         90.84327739, -339.76264398])
14, array([ -17.446756  ,   37.24633087, -151.61001535,  -67.5414445 ,
         82.92700499, -341.54201547])
15, array([ -20.92696574,   31.9826386 , -154.10172849,  -76.01660842,
         70.52230643, -344.0637685 ])
16, array([ -21.57108982,   25.22170481, -156.67046704,  -76.38425345,
         54.54889131, -346.62648895])
17, array([ -20.9740843 ,   17.81645216, -159.26644087,  -73.21083064,
         37.03407195, -349.19898249])
18, array([ -16.71669613,    9.91281872, -161.13692609,  -60.43815562,
         17.64512159, -350.7960989 ])
19, array([ -11.86236766,    1.89867965, -162.51096844,  -45.95910033,
         -2.05139339, -351.64939264])
20, array([  -5.77329314,   -6.07080985, -162.65035788,  -27.97361322,
        -21.7238129 , -350.6990903 ])
21, array([  -0.45943324,  -13.18334437, -161.19098216,  -12.82250581,
        -39.614587  , -347.97390567])
22, array([   4.48280434,  -19.91890712, -158.6258891 ,    0.85297983,
        -56.80641645, -343.99100761])
23, array([   5.84384506,  -24.85426547, -155.55401404,    3.63174697,
        -69.52461261, -339.4721999 ])
24, array([   6.04176305,  -29.0783981 , -152.69316441,    3.00217573,
        -80.68490302, -335.31345065])
25, array([   3.35489422,  -31.30256428, -150.9052794 ,   -5.88581591,
        -87.66473403, -332.83049244])
26, array([ 1.05735572e-01, -3.22869009e+01, -1.50063573e+02, -1.59381761e+01,
       -9.15323847e+01, -3.31417162e+02])
27, array([  -3.67009258,  -31.97419339, -150.21321698,  -27.02576357,
        -92.12096632, -331.13221836])
28, array([  -7.04206575,  -29.34112251, -151.54656405,  -37.55470363,
        -86.91327431, -332.66186979])
29, array([ -10.09146904,  -25.96990953, -153.25425003,  -47.32216007,
        -79.81288714, -334.76323328])
30, array([ -11.55386617,  -20.42260264, -156.04909597,  -52.87069695,
        -67.04221898, -338.42270538])
31, array([ -11.91652601,  -14.44957812, -158.88821174,  -55.44517027,
        -53.36214328, -342.23247944])
32, array([ -10.64062144,   -7.84225144, -161.79328779,  -53.58840831,
        -38.32708685, -346.26619738])
33, array([  -8.00781058,   -1.46241755, -164.24306511,  -48.06166221,
        -24.38135563, -349.82317996])
34, array([  -4.74345214,    4.97035205, -166.55853825,  -40.86390424,
        -10.5687231 , -353.26262842])
