0, array([  -6.11601936,    7.13956844, -160.367778  ,  -21.96128976,
        -14.07486837, -351.59802498])
1, array([  -4.62682618,    8.00154144, -163.55723469,  -18.32422032,
        -12.91754708, -356.30984872])
2, array([   0.65349843,    9.46188741, -165.81905293,   -6.90875102,
         -8.89932855, -359.38338129])
3, array([   8.70250332,   11.47676447, -166.42536827,   10.93771341,
         -1.61085875, -359.89054975])
4, array([  18.49018605,   13.97557858, -163.688466  ,   34.2029454 ,
          8.25744596, -355.07972045])
5, array([  27.04230347,   16.01551368, -159.12762148,   56.34126414,
         20.22983312, -345.23512276])
6, array([  31.34270687,   17.71755043, -156.32189006,   68.71704207,
         31.72281685, -336.59800495])
7, array([  30.74591297,   20.55379775, -154.5226353 ,   68.31403586,
         45.18800424, -331.51421295])
8, array([  26.28701383,   24.693654  , -153.5593695 ,   55.25942131,
         60.55989267, -330.67903422])
9, array([  19.74126267,   28.24185192, -155.35911929,   35.13524095,
         71.34511019, -334.68312732])
10, array([  12.72505663,   29.96716414, -159.24385138,   13.40250794,
         74.70550773, -341.47663864])
11, array([   6.63603981,   31.44021203, -161.70566804,   -4.40114113,
         75.85344164, -345.02864908])
12, array([   1.31574728,   34.20093946, -161.15911416,  -19.32669797,
         83.85970864, -340.45333571])
13, array([  -4.87268281,   37.6667808 , -159.13008085,  -36.74482569,
         95.45693841, -330.15926932])
14, array([ -11.98113423,   38.44241069, -157.85939133,  -56.46041796,
         99.92352682, -319.35741474])
15, array([ -18.67560488,   34.62333524, -158.8363517 ,  -73.58542335,
         90.29890469, -315.33015918])
16, array([ -22.54314856,   28.97190104, -161.30686613,  -81.25972926,
         74.71751879, -319.18299407])
17, array([ -22.99049542,   24.20491358, -164.54011207,  -76.89310071,
         59.94669305, -327.58483228])
18, array([ -20.62606117,   19.56255708, -168.3966618 ,  -65.43680524,
         39.73919756, -340.36217838])
19, array([ -17.81235724,   13.18261202, -171.8423197 ,  -57.5832834 ,
         13.79492474, -352.7892829 ])
20, array([ -17.59058158,    6.44525975, -172.85002326,  -61.51140754,
        -10.95314158, -357.10350441])
21, array([ -20.29753054,    0.84120933, -170.97335451,  -75.82654284,
        -29.36429227, -350.87784321])
22, array([ -23.4139932 ,   -2.38986718, -167.85433895,  -89.41856101,
        -39.2714436 , -340.72827177])
23, array([ -23.23376998,   -6.21093955, -166.05155208,  -91.13186272,
        -51.65183168, -334.78308203])
24, array([ -19.19981926,  -12.14454336, -165.52075417,  -80.47284478,
        -72.84200616, -332.33095888])
25, array([ -12.16654217,  -16.31581978, -165.41683907,  -62.20625383,
        -87.90140553, -335.10104694])
26, array([  -3.5273719 ,  -16.56392989, -165.80050424,  -41.6890093 ,
        -88.81625982, -342.70985106])
27, array([   4.47737021,  -15.23901582, -164.74639582,  -22.29228497,
        -85.69130551, -347.79874276])
28, array([  11.25415444,  -15.00974355, -161.27966318,   -3.07394004,
        -87.16689887, -345.53342514])
29, array([  16.87139629,  -15.98304352, -156.61749428,   19.19615004,
        -93.36463321, -334.43499342])
30, array([  21.87419133,  -14.74985824, -153.18248539,   43.51962696,
        -89.92377552, -323.50582213])
31, array([  25.47812075,  -10.44077375, -151.98488163,   64.24280203,
        -70.13540316, -319.79625684])
32, array([  26.75091278,   -5.11714013, -153.06120381,   76.11495852,
        -45.20022331, -323.29498091])
33, array([ 2.48783945e+01, -6.81133310e-02, -1.56297464e+02,  7.24443512e+01,
       -3.11613409e+01, -3.29773416e+02])
34, array([  19.84014157,    4.47773021, -161.2970752 ,   56.47669726,
        -20.13001511, -339.95015925])
35, array([  12.67050285,    8.1054619 , -166.8577398 ,   33.12211382,
         -8.67637233, -352.62543117])
36, array([   4.84966647,    9.18148347, -170.00476406,    9.70395144,
         -2.95567284, -360.20126043])
37, array([  -1.55652364,    9.08493632, -169.42649687,   -7.34961428,
         -2.50887411, -361.02498602])
38, array([  -5.62970875,    8.59750243, -166.61320958,  -16.74222563,
         -5.4373144 , -357.95431408])
39, array([  -7.34278757,    7.79813158, -163.6892084 ,  -19.8373669 ,
         -9.39208308, -354.1977535 ])
