0, array([  -3.83333018,    8.88264009, -154.44004729,  -28.72949599,
          1.12434319, -348.9059029 ])
1, array([   3.42950102,   10.89633399, -160.95744967,  -10.00382828,
         -3.51764453, -350.39252537])
2, array([   9.81532599,   13.12796207, -164.20859641,    7.79155971,
         -1.07573699, -350.3691882 ])
3, array([  15.1860905 ,   15.53583256, -164.88917729,   23.83914889,
          6.96214735, -349.17330098])
4, array([  19.40374033,   18.0782537 , -163.6948821 ,   37.32142019,
         19.10809006, -347.14227331])
5, array([  22.33022126,   20.71353372, -161.32140062,   47.42085453,
         33.87417267, -344.6135148 ])
6, array([  23.82747906,   23.39998086, -158.46442263,   53.31993282,
         49.77247672, -341.92443502])
7, array([  23.98976069,   26.18223303, -156.33272973,   51.89135229,
         62.44309158, -340.94730569])
8, array([  21.7856934 ,   29.0783721 , -156.47719593,   44.40432836,
         74.86281986, -338.92022722])
9, array([  16.56455026,   32.05372766, -157.65037187,   29.61959477,
         85.11458013, -337.68796029])
10, array([  10.175409  ,   34.59367176, -159.4312575 ,   11.93084032,
         93.68871008, -335.64322372])
11, array([   2.07546259,   36.55042866, -160.43624608,  -11.23870787,
         98.52273489, -333.5918712 ])
12, array([  -5.36137653,   37.02430246, -162.49825113,  -30.2690117 ,
         98.17942509, -331.20065579])
13, array([ -10.08848969,   36.87243543, -163.75232134,  -46.53751801,
         93.40750735, -327.96771942])
14, array([ -14.90942851,   33.57001841, -164.74656747,  -57.48957324,
         82.60679014, -326.729935  ])
15, array([ -17.83871795,   30.45506373, -165.47743247,  -62.01397993,
         75.57049927, -328.46215301])
16, array([ -17.99270901,   26.22304221, -167.32133204,  -67.61565165,
         61.28283977, -331.00534968])
17, array([ -18.94471606,   20.35697057, -168.83326061,  -70.22938144,
         43.53242001, -334.86960802])
18, array([ -19.51873128,   13.99055769, -168.64071153,  -70.60019157,
         25.76925415, -340.27704954])
19, array([ -18.66499232,    8.29665865, -169.78444883,  -71.34587246,
          7.95321828, -342.74342915])
20, array([ -18.96216776,    2.54596857, -170.00622218,  -73.76781676,
        -10.28571187, -343.03718179])
21, array([ -18.64070906,   -2.99510776, -170.14924439,  -76.65320528,
        -27.53540637, -344.14519496])
22, array([ -18.19395751,   -7.29772507, -169.91960982,  -72.1034307 ,
        -38.96473115, -341.04694682])
23, array([ -17.44651516,  -10.20332835, -169.0020783 ,  -65.37003455,
        -49.21911991, -344.130835  ])
24, array([ -14.38629762,  -13.01458341, -168.3216589 ,  -53.10918805,
        -58.34855197, -341.55773505])
25, array([  -9.08747062,  -14.00437858, -166.44079058,  -41.29081764,
        -67.58166864, -338.75518167])
26, array([  -3.03607768,  -15.12639945, -164.63439852,  -22.33328023,
        -80.14690388, -337.44469092])
27, array([   5.09538466,  -13.71012067, -163.23975877,    1.22761651,
        -83.83582634, -336.32568715])
28, array([  13.31137292,  -10.99562787, -161.23615917,   23.31454988,
        -88.30493183, -334.21401527])
29, array([  20.71479652,   -9.03861918, -158.9992473 ,   42.85740636,
        -88.27112349, -331.19137407])
30, array([  25.55536691,   -5.64673328, -157.34497768,   58.98422661,
        -81.06022445, -329.55337481])
31, array([  28.53815222,   -1.89060103, -157.27337785,   67.58392074,
        -71.23686111, -328.81832859])
32, array([  28.66404109,    1.21930584, -157.24910723,   66.09570532,
        -60.58571818, -331.23814352])
33, array([  27.02296477,    4.08167227, -159.31369977,   60.88717537,
        -47.10393578, -336.43519178])
34, array([  22.39283951,    7.00196925, -161.98728416,   53.41877852,
        -29.13310772, -344.84818987])
35, array([  16.71613254,    9.42189409, -164.50319925,   42.46633264,
        -12.65563062, -352.60676694])
36, array([ 1.05717894e+01,  1.11385141e+01, -1.66387330e+02,  2.83776920e+01,
        2.36856682e-01, -3.58284475e+02])
37, array([   4.53875568,   11.94889643, -167.16556014,   11.50071092,
          7.45271533, -360.45486464])
38, array([  -0.8040231 ,   11.65010849, -166.36377522,   -7.81675637,
          6.90030649, -357.69148857])
39, array([  -4.87760138,   10.03921752, -163.5078596 ,  -29.22685559,
         -3.51200868, -348.56789809])
