0, array([   3.93921385,   12.10269075, -166.58479485,   14.27157209,
          9.33006406, -357.6877379 ])
1, array([  15.05031696,   13.17881456, -164.91322139,   42.68801276,
         12.12660889, -353.6384246 ])
2, array([  22.71559827,   15.60213331, -162.72834886,   60.98891202,
         19.63452081, -349.23816315])
3, array([  27.25074615,   18.9984846 , -160.24068009,   70.30346862,
         30.52516004, -344.63587648])
4, array([  28.97144898,   22.99370602, -157.66071788,   71.7608813 ,
         43.46988684, -339.98048753])
5, array([  28.19339515,   27.21363517, -155.19896506,   66.49034882,
         57.14006144, -335.42091921])
6, array([  25.23227302,   31.28410966, -153.06592443,   55.62106993,
         70.20704407, -331.10609446])
7, array([  19.7289117 ,   35.01498537, -151.33226806,   40.66317453,
         77.64840321, -326.00696022])
8, array([  13.25620006,   36.8290311 , -150.94851546,   18.90728837,
         83.66290315, -322.31099325])
9, array([   5.24600179,   37.54060074, -152.16138318,   -4.50626758,
         88.27075464, -319.85489407])
10, array([  -4.54480265,   35.54127993, -153.94548304,  -22.8331976 ,
         85.94255876, -319.2191546 ])
11, array([ -12.41265903,   33.33630384, -156.37515646,  -40.78144541,
         79.74956023, -321.9325213 ])
12, array([ -17.02041063,   30.81720326, -159.46068418,  -57.05087438,
         77.46413049, -327.79211488])
13, array([ -17.75491521,   26.51444769, -163.14850113,  -62.5812711 ,
         72.4176281 , -332.8396259 ])
14, array([ -16.24562364,   21.8522131 , -166.63266041,  -62.47697441,
         60.94719658, -340.35422134])
15, array([ -13.0126172 ,   17.4024912 , -170.63388949,  -57.04569477,
         48.72139123, -345.71515536])
16, array([  -7.39706315,   13.5825795 , -171.18527311,  -40.61698049,
         35.73550301, -352.88240974])
17, array([  -1.47257847,    9.85265796, -171.94907155,  -22.89197347,
         25.18627323, -358.1608082 ])
18, array([   4.74185664,    6.18776789, -170.62477041,   -3.03629856,
          7.04777158, -358.6518368 ])
19, array([  11.28320695,    2.85523347, -168.99533634,   17.0889903 ,
        -12.36755636, -354.72674989])
20, array([  14.928292  ,   -1.83341798, -166.55861606,   33.65751646,
        -31.91683216, -348.31712531])
21, array([  17.28732585,   -6.23227176, -164.73678029,   43.76300785,
        -51.43862313, -339.86393513])
22, array([  16.48715669,  -11.09809355, -161.87850589,   47.74391785,
        -71.30042239, -330.59053963])
23, array([  15.49090519,  -14.04096108, -159.61260677,   37.29468651,
        -85.07936413, -323.52611086])
24, array([  14.15554723,  -15.50341947, -158.64025994,   18.37075343,
        -91.24159097, -317.6504162 ])
25, array([  10.19475296,  -16.76934849, -158.37089499,   -1.7639687 ,
        -93.76166417, -314.53728987])
26, array([   3.2612596 ,  -16.36056235, -159.27860568,  -22.51674113,
        -90.16676503, -315.42891857])
27, array([  -2.83670039,  -14.48121293, -161.55871101,  -50.00999663,
        -83.61839662, -317.29673067])
28, array([  -8.46500247,  -12.52530179, -163.14990774,  -67.98884194,
        -73.60391349, -323.34724143])
29, array([ -13.23379792,   -8.90011739, -165.79549307,  -83.46791439,
        -57.67936521, -329.88646202])
30, array([ -16.22294508,   -4.92431932, -168.51837002,  -92.90109889,
        -41.6470928 , -336.88746602])
31, array([ -16.77804702,   -0.92393345, -171.06926556,  -94.59444718,
        -27.47229738, -343.76548461])
32, array([ -14.24470682,    2.77501437, -173.19890667,  -86.85401095,
        -17.12018007, -349.93574898])
33, array([  -7.96852754,    5.84649827, -174.65802032,  -67.98584193,
        -12.55594199, -354.81349031])
34, array([   2.70488775,    7.9644924 , -175.19733348,  -36.29599183,
        -15.74478428, -357.81393978])
