0, array([ 2.04158559e+00,  5.68312551e+00, -1.60910297e+02, -3.89901002e+00,
       -3.05654575e-01, -3.52487475e+02])
1, array([ 2.32119658e+00,  8.09458338e+00, -1.60035828e+02,  3.18441779e-01,
       -2.86780667e+00, -3.52985033e+02])
2, array([   4.62309242,    9.94763369, -159.33898243,    7.54903909,
         -1.91577288, -353.01083231])
3, array([   8.34466319,   11.42330903, -158.76226667,   16.81242259,
          2.07414295, -352.54093886])
4, array([  12.88329898,   12.70264199, -158.24818759,   27.12823294,
          8.62563693, -351.55141835])
5, array([  17.63638986,   13.96666515, -157.73925183,   37.51611083,
         17.26240522, -350.01833648])
6, array([  22.00132592,   15.39641109, -157.17796606,   46.99569691,
         27.50814394, -347.91775897])
7, array([  24.208369  ,   17.3210969 , -156.22664461,   54.27060863,
         38.48498895, -344.96870843])
8, array([  24.42280688,   20.49798509, -155.22141574,   58.30917235,
         50.39076736, -341.64571143])
9, array([  24.8079559 ,   24.59288974, -153.38648597,   59.18767045,
         63.82827485, -335.8212867 ])
10, array([  22.44193481,   29.04274312, -151.9075032 ,   50.39631855,
         77.33240155, -330.53623275])
11, array([  17.9020283 ,   32.84701969, -152.34775112,   38.10015138,
         89.82848124, -326.59404415])
12, array([  12.11928422,   35.55511552, -153.73893532,   18.64799794,
        101.91878856, -325.19192342])
13, array([   5.23417954,   37.00243039, -155.54156579,   -2.93546086,
        105.40340687, -323.30715429])
14, array([  -1.70657344,   37.16144135, -157.68200523,  -23.99098255,
        101.41422306, -324.32865758])
15, array([  -9.18027317,   34.54836103, -160.53930587,  -42.37628203,
         93.57298016, -324.96074583])
16, array([ -14.32256757,   29.97008671, -163.88076108,  -65.41202219,
         78.02782529, -327.59291504])
17, array([ -19.07068292,   24.11110607, -165.91626858,  -80.54082481,
         58.57771504, -330.50371317])
18, array([ -22.3060386 ,   17.98532418, -167.50880608,  -89.22445388,
         37.47499964, -333.84660719])
19, array([ -24.44086728,   11.27994463, -169.5398408 ,  -84.83704754,
          8.57113456, -334.45028257])
20, array([ -23.11896555,    4.22204065, -171.73404904,  -79.87743121,
        -19.82284549, -335.3806376 ])
21, array([ -19.27891587,   -1.77177696, -172.10560938,  -68.08778296,
        -43.5305268 , -332.34692665])
22, array([ -14.33873318,   -7.67025039, -170.83122079,  -51.82890135,
        -63.67834112, -329.45377628])
23, array([  -8.08168307,  -11.53199941, -170.24352926,  -33.25693583,
        -77.69114993, -327.65165468])
24, array([  -0.84147594,  -14.76591147, -168.54639743,   -9.42377919,
        -85.03838349, -324.58213872])
25, array([   6.75345889,  -15.6184491 , -166.0282904 ,   15.39091949,
        -85.22990591, -320.72605525])
26, array([  14.07168381,  -14.65069044, -163.15507348,   36.48430749,
        -80.44857986, -320.17610248])
27, array([  19.94786544,  -12.64492816, -162.33866065,   51.73755596,
        -66.57579889, -321.45996964])
28, array([  25.69094012,   -8.56318175, -161.57399163,   58.20806003,
        -53.89566826, -326.0168031 ])
29, array([  28.58533633,   -3.18788658, -160.14212968,   59.61603762,
        -39.94831672, -330.40977783])
30, array([  29.90182818,    2.6020218 , -161.02261632,   60.29371921,
        -22.724834  , -336.04946337])
31, array([  29.03722494,    7.31494743, -163.35977765,   59.63434141,
        -13.35374858, -342.28581014])
32, array([  25.94319685,   10.59873415, -165.13398952,   51.38244509,
         -4.27672006, -349.23703517])
33, array([  21.71327345,   12.48268226, -166.24708348,   41.25969899,
          4.94631314, -353.97458118])
34, array([  17.02657233,   13.32096231, -166.85701951,   31.30435361,
          9.39249067, -358.17935397])
35, array([  12.38420801,   13.51820813, -167.07913803,   20.76368316,
         12.32920881, -360.75999475])
36, array([   8.29934496,   13.24297599, -166.85357005,   10.15337126,
         14.08941277, -361.23787961])
37, array([ 5.28514764e+00,  1.26638222e+01, -1.66120447e+02, -1.08985004e-02,
        1.50060478e+01, -3.59134385e+02])
38, array([   3.85478055,   11.9493029 , -164.81989865,   -9.2134425 ,
         15.41205901, -353.97088598])
39, array([   4.52140814,   11.26797448, -162.89205725,  -16.93857715,
         15.64039173, -345.2687597 ])
