0, array([  12.24761431,   13.70502868, -166.42160514,   23.37769349,
          8.62041255, -356.4791964 ])
1, array([  17.86465145,   15.95872953, -164.52279463,   39.30315485,
         16.04108675, -352.87916588])
2, array([  22.94667819,   18.04777678, -162.50306364,   53.67819889,
         23.43456508, -348.55303852])
3, array([  27.35737341,   19.79468633, -160.55110414,   66.08122605,
         30.22719422, -343.84258333])
4, array([  29.45756501,   21.84222948, -158.70215191,   71.74590739,
         38.28277637, -339.62878508])
5, array([  29.27108102,   24.77032712, -156.73020813,   70.86592543,
         49.17043742, -335.778748  ])
6, array([  26.14860553,   29.3775262 , -154.22452194,   61.72545813,
         65.62656755, -331.4576303 ])
7, array([  20.17831505,   34.80536335, -151.7264514 ,   44.52150312,
         85.17813395, -326.34519308])
8, array([  12.20825276,   39.15936363, -150.35433361,   22.04249711,
        101.69435025, -321.64015248])
9, array([   2.94801879,   40.89950035, -151.01891511,   -3.71692192,
        110.03891331, -319.24173547])
10, array([  -6.12168044,   39.31598412, -153.55837641,  -28.48871317,
        107.95772273, -320.12496508])
11, array([ -13.96503736,   35.07263076, -157.1376533 ,  -49.57546627,
         97.19955474, -324.03517714])
12, array([ -19.32480052,   29.97166844, -160.77198745,  -63.42859598,
         82.7427235 , -329.75337743])
13, array([ -21.73261658,   25.52147114, -163.92877667,  -68.90314237,
         68.73341448, -336.06306287])
14, array([ -20.63471968,   22.44237166, -166.69437817,  -64.56243782,
         56.7799406 , -342.503451  ])
15, array([ -16.58662082,   19.70893688, -169.33937894,  -52.03806684,
         44.92863865, -348.83024489])
16, array([  -9.9412361 ,   16.14045669, -171.50688685,  -32.6038503 ,
         30.61221752, -354.04423949])
17, array([  -1.70241955,   11.33958669, -172.34707274,   -9.15903683,
         13.343522  , -356.5384489 ])
18, array([   6.88094413,    6.1177577 , -171.39734691,   14.45589146,
         -4.53700726, -355.241036  ])
19, array([  14.87906192,    1.33884339, -168.94723451,   35.65584136,
        -20.80018713, -350.49934948])
20, array([  20.80649731,   -2.41022227, -165.85480402,   50.18024108,
        -34.27421383, -343.88677228])
21, array([  24.15960381,   -5.51845165, -162.89198309,   56.6276612 ,
        -46.91975626, -336.70222585])
22, array([  24.25836335,   -8.9748397 , -160.39469482,   53.20932526,
        -61.95703881, -329.14066599])
23, array([  21.57011884,  -13.06984423, -158.42340423,   41.37605764,
        -78.93165509, -321.42691699])
24, array([  16.30148186,  -17.09895285, -157.32328003,   21.69616789,
        -94.18906983, -314.74286402])
25, array([   9.49938777,  -19.44117688, -157.57436327,   -2.6154877 ,
       -102.03001494, -311.19571269])
26, array([   2.0379899 ,  -19.29829772, -159.18060347,  -28.85284526,
        -99.52539614, -311.90143827])
27, array([  -5.05171527,  -16.49129077, -161.97976977,  -53.2908263 ,
        -86.27384511, -317.08180071])
28, array([ -10.87978531,  -12.07832899, -164.94179639,  -73.22913497,
        -67.13705049, -324.15069946])
29, array([ -14.6502849 ,   -7.36480149, -167.61750616,  -86.05169662,
        -48.35597648, -331.06851585])
30, array([ -15.99414339,   -3.40428359, -169.85465268,  -90.04492559,
        -36.12193983, -336.58825391])
31, array([-1.53323873e+01, -2.24886333e-01, -1.71967856e+02, -8.69550991e+01,
       -2.92053453e+01, -3.41946542e+02])
32, array([ -12.29226014,    2.27903782, -173.6273868 ,  -75.44825437,
        -25.31199815, -347.95613885])
33, array([  -8.49389387,    4.69399461, -174.50430332,  -60.92789217,
        -19.89216502, -353.75703452])
34, array([  -4.15892879,    7.04214119, -174.53371861,  -44.13093544,
        -13.09453606, -358.73168443])
