0, array([   9.24316428,    8.19005729, -158.34257793,   -9.42409848,
          5.10883705, -354.22486739])
1, array([   8.14705332,    9.14108129, -159.64387997,   -6.29406005,
         -0.42948417, -352.14412428])
2, array([   9.32000248,   10.29790959, -160.35335055,    1.5380706 ,
         -1.81143132, -350.10659989])
3, array([  12.14936975,   11.68444479, -160.54208036,   12.60953104,
          0.46206278, -348.07146004])
4, array([  16.0225131 ,   13.32458947, -160.28116007,   25.45755883,
          5.89006529, -345.99787054])
5, array([  20.32679052,   15.24224622, -159.64168034,   38.61939151,
         13.97164341, -343.8449972 ])
6, array([  24.44956   ,   17.46131762, -158.69473185,   50.63226666,
         24.2058643 , -341.57200582])
7, array([  26.24567147,   20.014806  , -157.51323761,   59.00799157,
         36.52346048, -338.86797274])
8, array([  27.46570658,   23.5734809 , -155.79182342,   59.46390734,
         50.78379868, -334.73158068])
9, array([  27.7865279 ,   26.99157645, -153.93099942,   59.20649051,
         65.44730949, -334.87846974])
10, array([  25.99846057,   31.00067584, -152.2312064 ,   51.02800576,
         81.46935287, -329.21185589])
11, array([  21.51423373,   35.31790131, -152.35089195,   37.49155498,
         89.9827755 , -326.19473174])
12, array([  14.28961188,   39.08090031, -152.93321816,   19.01215209,
         97.92352966, -324.24848024])
13, array([   6.98054838,   39.57869205, -154.59385696,   -1.38582955,
         99.41450631, -322.70292704])
14, array([   0.38801663,   38.63863424, -157.18223199,  -23.11508415,
         95.76607441, -323.19120524])
15, array([  -7.50248622,   35.34697401, -160.25785353,  -45.19267459,
         84.82133641, -325.26557127])
16, array([ -13.28132665,   31.78137591, -163.49608771,  -64.73205936,
         71.39189545, -326.56654205])
17, array([ -18.35105964,   26.46583266, -165.9500499 ,  -76.18082947,
         49.59364596, -328.51553662])
18, array([ -21.96496078,   19.59860427, -168.71754359,  -85.99437567,
         31.210762  , -330.31987556])
19, array([ -23.25969178,   11.44384532, -170.5564332 ,  -86.87716773,
          8.5074413 , -331.13256571])
20, array([ -22.42696316,    3.79198483, -172.38617846,  -87.48378138,
        -15.88247962, -330.92884203])
21, array([ -19.51633007,   -3.9475755 , -171.40014597,  -83.1339624 ,
        -36.42065947, -330.83589893])
22, array([ -14.21054102,   -9.13087443, -170.30838165,  -73.53213915,
        -54.82730086, -323.34092453])
23, array([  -7.77365146,  -13.06026101, -169.22237795,  -55.64230533,
        -70.73014896, -321.76640127])
24, array([  -0.90156613,  -14.71982574, -167.35929412,  -37.09201339,
        -76.72845631, -319.60747448])
25, array([   6.64364641,  -15.98485098, -165.60681605,  -14.79292508,
        -79.46252555, -317.54481505])
26, array([  13.73606453,  -14.97371163, -164.25178583,    5.56557388,
        -76.32117198, -320.11772115])
27, array([  20.29665006,  -12.2253249 , -162.91829559,   23.30848804,
        -67.82918751, -321.32488244])
28, array([  26.0277014 ,   -6.91903699, -162.53605059,   37.87874073,
        -55.07684857, -325.90715793])
29, array([  28.73045033,   -1.87350611, -163.08123629,   46.09516535,
        -42.74697978, -332.07485606])
30, array([  28.5319379 ,    3.51198669, -163.90985566,   52.68716324,
        -26.66211493, -338.66926819])
31, array([  27.98381659,    7.9410826 , -165.20060842,   54.2592495 ,
        -15.45760667, -346.19409307])
32, array([  24.85498992,   11.42481911, -166.16541342,   46.67704295,
         -8.08084884, -352.02029031])
33, array([  21.23289103,   13.27920977, -164.89772774,   32.80931058,
         -1.40237256, -355.18951543])
34, array([  17.06617476,   15.0061184 , -163.97164874,   22.10215174,
          2.33598238, -357.92725593])
35, array([  12.68650579,   16.03924024, -162.76005649,   11.6666623 ,
          5.0848138 , -359.36729388])
36, array([   8.41580441,   16.35346148, -161.31376536,    2.56662951,
          7.28828925, -359.35453425])
37, array([   4.57599088,   15.92366833, -159.68358974,   -4.13415937,
          9.39057629, -357.73388203])
38, array([   1.48898547,   14.72474695, -157.92034401,   -7.37191709,
         11.83584248, -354.3502422 ])
39, array([  -0.52329156,   12.73158356, -156.07484258,   -6.08285638,
         15.06825537, -349.04851974])
