0, array([   8.75734877,   14.46250561, -165.496094  ,   33.37085993,
         10.09402463, -351.91965986])
1, array([  18.83440881,   14.50942729, -165.05097615,   55.42505926,
         10.77278334, -351.53920362])
2, array([  25.30006872,   16.13629634, -163.60609233,   68.27194068,
         17.05084498, -349.63238971])
3, array([  28.54788032,   18.94268737, -161.47144286,   72.97084165,
         27.5219429 , -346.53023565])
4, array([  28.97139542,   22.52817504, -158.95702808,   70.58109965,
         40.77981048, -342.563759  ])
5, array([  26.96416584,   26.49233397, -156.37284831,   62.16205213,
         55.41818108, -338.06397728])
6, array([  22.91974338,   30.43473881, -154.02890389,   48.77303657,
         70.03078807, -333.36190804])
7, array([  17.11423464,   33.0445054 , -153.00352894,   30.29494561,
         80.99626771, -328.60626918])
8, array([   9.70013324,   35.294795  , -152.5456593 ,   12.85582363,
         87.89752483, -323.97034714])
9, array([   2.11463462,   36.26872761, -152.53685076,  -15.6450082 ,
         94.06129136, -322.25408109])
10, array([  -5.42087871,   37.00443968, -154.27047011,  -38.11297821,
         94.75780979, -320.34914187])
11, array([ -13.32392049,   35.49722677, -157.14278699,  -52.57593431,
         91.93508726, -320.23899569])
12, array([ -19.81478464,   33.29650463, -160.75121461,  -67.46801433,
         85.76838057, -322.12990526])
13, array([ -21.74211497,   29.31774718, -163.76651521,  -70.55197019,
         79.50344669, -328.19381355])
14, array([ -24.50283112,   25.03374019, -166.72587039,  -65.36121081,
         67.89665843, -335.76563708])
15, array([ -20.61930949,   20.81670098, -168.50390209,  -48.46704349,
         52.9397332 , -343.17117126])
16, array([ -15.99174144,   16.57063054, -170.14616511,  -30.0636508 ,
         37.95654747, -349.31982135])
17, array([  -9.33927143,   11.63418882, -170.20233005,   -9.59507305,
         23.53423261, -353.92723647])
18, array([-3.48278046e-01,  7.46194812e+00, -1.69337773e+02,  1.20817382e+01,
        5.16078219e+00, -3.53934761e+02])
19, array([   7.2451668 ,    2.36621109, -167.54137031,   33.49147995,
        -14.64014656, -352.28296917])
20, array([  13.9644932 ,   -2.43195026, -165.31047644,   47.74662089,
        -36.00082276, -346.62507287])
21, array([  21.12844576,   -7.27457309, -163.41725392,   50.2505081 ,
        -54.53460222, -340.47163884])
22, array([  22.88437521,  -10.9971488 , -161.84985445,   52.98520431,
        -74.57322282, -330.88822955])
23, array([  21.09674466,  -15.45904341, -160.63708075,   44.34661106,
        -87.81089041, -322.42196752])
24, array([  17.47478254,  -18.07711447, -159.75595038,   22.0192286 ,
        -95.89247785, -316.50839654])
25, array([  12.44479739,  -18.94444274, -158.98460352,    1.3770485 ,
        -93.67241878, -313.99395891])
26, array([   3.75952788,  -17.73758516, -160.1539135 ,  -21.23168381,
        -88.93442563, -314.1066899 ])
27, array([  -2.56665552,  -16.55123654, -161.54563879,  -42.13315863,
        -81.81030117, -317.17292128])
28, array([  -8.05115008,  -13.80108289, -163.72381488,  -63.74235838,
        -70.33551167, -321.60484615])
29, array([ -12.17587591,   -9.7479486 , -165.74356764,  -78.60337679,
        -55.69613543, -328.35697361])
30, array([ -14.75104854,   -5.30191007, -167.88778879,  -87.68253425,
        -41.17824176, -335.72213599])
31, array([ -15.38656374,   -0.83214414, -170.06557273,  -89.53249565,
        -28.37920966, -343.03721951])
32, array([ -13.69231729,    3.29217237, -172.18601387,  -82.70592588,
        -18.89641817, -349.63911039])
33, array([  -9.27820499,    6.70186264, -174.15820661,  -65.75548982,
        -14.3272463 , -354.86469485])
34, array([  -1.75412259,    9.02774982, -175.89124533,  -37.23385236,
        -16.26907306, -358.05085911])
