0, array([  -1.35176926,   11.60552299, -155.70679801,  -16.28148089,
         -1.50195045, -345.64948972])
1, array([   0.49161853,   11.80311203, -162.85959265,  -11.86396484,
         -0.553746  , -353.21433386])
2, array([ 5.04457939e+00,  1.29084004e+01, -1.66198014e+02, -6.87416240e-02,
        3.10809424e+00, -3.56692097e+02])
3, array([  11.71305924,   14.83616055, -167.00919663,   18.05954548,
          9.64363696, -356.67995967])
4, array([  19.22373265,   17.45976382, -164.11235416,   39.95039205,
         19.17920511, -350.80069254])
5, array([  25.18998473,   20.20082046, -159.54252259,   58.78868358,
         30.09728303, -341.61952932])
6, array([  27.63765789,   23.05797346, -156.0555424 ,   67.32806775,
         41.98252127, -334.05103809])
7, array([  26.38247843,   26.60988736, -154.06566089,   63.52824328,
         57.06382044, -329.86117634])
8, array([  22.22172992,   30.27912707, -154.17937348,   49.6692126 ,
         72.5522688 , -329.85909535])
9, array([  16.21165219,   32.79406694, -156.87582358,   29.87950104,
         81.93235976, -334.64333639])
10, array([   9.65246767,   33.9642203 , -160.61224875,    9.30107849,
         84.01116489, -341.08092626])
11, array([   3.17389279,   35.10646143, -162.82355904,   -9.14826835,
         85.46782348, -343.48977573])
12, array([  -3.39653893,   36.68221496, -162.55697923,  -26.98604767,
         90.81316558, -339.11080682])
13, array([ -10.10301428,   37.33172015, -161.19457197,  -45.46112473,
         96.54345098, -329.80941096])
14, array([ -15.96465489,   35.33654159, -160.84915859,  -61.79695799,
         94.73101282, -321.96316398])
15, array([ -19.72068661,   31.24642768, -162.27225714,  -72.30930321,
         83.87842402, -320.23338828])
16, array([ -20.25468138,   26.90860604, -165.11174212,  -73.75252452,
         68.38497738, -325.23435372])
17, array([ -18.25804721,   22.24370254, -168.76228994,  -67.22844987,
         50.20022881, -335.17884992])
18, array([ -15.79331133,   16.3953857 , -171.91285737,  -59.76632308,
         28.29461062, -346.5654822 ])
19, array([ -15.03553599,    9.8682882 , -173.11111431,  -58.99696818,
          5.82692579, -353.64102041])
20, array([ -16.87493832,    3.9637035 , -171.94118962,  -66.94465113,
        -13.37444259, -352.97313385])
21, array([ -19.96419148,   -0.50305701, -169.4033934 ,  -79.19868427,
        -27.80543361, -346.46583809])
22, array([ -21.64218183,   -4.47036992, -167.10959374,  -86.88200378,
        -40.6762674 , -339.37377604])
23, array([ -19.99935869,   -9.06639805, -165.95846372,  -83.97579141,
        -56.3789109 , -334.8833745 ])
24, array([ -15.00427697,  -12.83021218, -166.25106211,  -70.86101234,
        -72.08075604, -334.41084757])
25, array([  -7.57850412,  -14.3076576 , -167.22238081,  -51.85442441,
        -80.69052372, -337.74218889])
26, array([   0.54991963,  -13.64873066, -167.2975729 ,  -31.89076042,
        -81.54140303, -342.14818631])
27, array([   8.05096392,  -12.8552283 , -165.33392627,  -13.04723384,
        -81.64193904, -342.75356128])
28, array([  14.70428559,  -12.97444039, -161.43051009,    5.71391791,
        -85.57093202, -337.05633602])
29, array([  20.54970238,  -12.74230261, -157.35852765,   25.79923335,
        -88.95455562, -327.66245683])
30, array([  25.36924125,  -10.4909245 , -154.91265044,   45.96661448,
        -82.7583424 , -320.57675199])
31, array([  28.75986911,   -6.17388137, -154.70180543,   62.99985171,
        -65.16647935, -319.63698348])
32, array([  30.05096945,   -1.39929621, -155.94149006,   72.75810044,
        -44.29689378, -323.78318779])
33, array([  28.61070295,    2.7522386 , -158.02634777,   72.1840229 ,
        -28.18266631, -330.3670977 ])
34, array([  24.28352439,    6.34471004, -161.0368814 ,   61.12414833,
        -16.67496677, -338.8224544 ])
35, array([  17.84615897,    9.35214854, -164.10218773,   42.32933111,
         -6.97905816, -348.05233203])
36, array([  10.72398547,   11.15296314, -165.54009914,   21.24935596,
         -0.434427  , -354.34422998])
37, array([   4.5310615 ,   11.66006168, -164.48508923,    3.17074577,
          1.64589033, -355.37795702])
38, array([   0.38248706,   11.52028753, -161.76215997,   -9.09822246,
          0.88023386, -352.85867209])
39, array([  -1.61805119,   11.21851099, -158.79520708,  -15.47584716,
         -0.72790822, -349.37225729])
