0, array([   3.04446659,   10.58960177, -155.28669288,  -13.28783993,
          2.37360771, -342.76177302])
1, array([   4.28344319,   12.27384702, -166.59195816,   -6.38189984,
          5.69957501, -352.93671813])
2, array([   7.20625815,   13.04547555, -170.92199986,    3.13217672,
          7.02277309, -357.36683303])
3, array([  12.16789288,   13.97844802, -172.54727981,   17.58844054,
          8.56738496, -359.07635994])
4, array([  18.99026009,   15.72607934, -169.33520455,   37.92702703,
         12.85845041, -353.96951647])
5, array([  25.84532954,   17.80585654, -163.72370205,   58.85804309,
         20.23200744, -344.91695017])
6, array([  30.20533233,   19.93645454, -158.67019315,   72.66693153,
         29.24498069, -336.82560775])
7, array([  30.93504517,   22.86710277, -155.56230652,   74.08247011,
         42.26238576, -332.16385694])
8, array([  28.25231642,   26.94237177, -154.21189344,   64.29944177,
         59.76488991, -330.8312952 ])
9, array([  23.15874306,   30.15720615, -156.26374076,   46.22141154,
         73.91285315, -334.92917859])
10, array([  17.2699042 ,   30.89284178, -161.93769671,   25.55761426,
         76.69958028, -343.63267481])
11, array([  11.86594612,   30.91711591, -167.47675185,    7.95047716,
         74.39225209, -350.57830006])
12, array([   6.78838672,   32.71481219, -169.57850503,   -7.67192915,
         77.59908591, -352.28550461])
13, array([   0.85858369,   37.13044836, -167.26111884,  -25.39207648,
         90.79942729, -344.79513897])
14, array([  -5.86721896,   40.06306337, -164.22037197,  -44.25694096,
        101.68451526, -331.81989317])
15, array([ -12.72534149,   38.49809992, -163.22088387,  -60.92716715,
         99.57584927, -321.50920373])
16, array([ -16.71713758,   33.01944415, -164.90033335,  -70.4808375 ,
         83.58342302, -321.65323641])
17, array([ -16.75228883,   27.5496565 , -168.13686081,  -68.41324037,
         65.39078372, -328.33783932])
18, array([ -13.20525461,   20.85680433, -172.23229263,  -56.03007288,
         41.11562627, -340.41963511])
19, array([  -8.65020367,   12.6412803 , -174.90190512,  -44.50942657,
         12.1962069 , -353.81231369])
20, array([  -7.37092478,    4.66751337, -174.92344672,  -44.64605699,
        -12.7645861 , -359.34532386])
21, array([ -10.70487578,   -1.59244584, -172.71758359,  -56.96386425,
        -30.09561812, -353.87216974])
22, array([ -17.42642439,   -4.85339341, -168.78260188,  -76.98757555,
        -39.23318208, -342.88228935])
23, array([ -22.7721733 ,   -5.11896863, -165.15309536,  -91.13186272,
        -42.36149998, -334.47896374])
24, array([ -23.4139932 ,   -6.9942528 , -163.26600133,  -89.11095391,
        -56.29571097, -328.22809622])
25, array([ -17.87510035,  -13.20826883, -162.88383739,  -71.84622177,
        -80.88895778, -324.07908642])
26, array([  -9.04967982,  -16.26699043, -164.37524115,  -49.92805134,
        -92.57906325, -326.17369826])
27, array([   0.61143244,  -14.66236322, -166.54339412,  -28.05777391,
        -90.62614379, -332.51030117])
28, array([   9.05230785,  -12.40693756, -165.57877258,   -9.65441161,
        -86.78813495, -334.98234928])
29, array([  16.48094665,  -10.99820047, -160.99258721,    9.05726038,
        -87.23948004, -329.9983892 ])
30, array([  22.78567105,   -9.76337352, -155.98063688,   30.71564117,
        -87.13225644, -320.89307202])
31, array([  27.92250314,   -6.601273  , -153.72380116,   53.39545696,
        -76.24512136, -315.24918416])
32, array([  31.0091979 ,   -1.9063594 , -154.19863156,   70.01525813,
        -53.77281447, -318.00935595])
33, array([  31.34270687,    2.07828346, -156.06366035,   76.11495852,
        -33.73576889, -324.49975079])
34, array([  28.34607278,    4.85352222, -158.14725277,   68.1562944 ,
        -23.17311071, -331.89487407])
35, array([  23.18553672,    7.52421702, -160.44824696,   51.61407401,
        -13.93006286, -340.64298341])
36, array([  16.84642468,    9.96819636, -162.31173485,   31.46603309,
         -5.85077895, -348.07224412])
37, array([  10.78505811,   11.17328439, -162.61385712,   13.81196463,
         -1.5480285 , -350.43113032])
38, array([ 6.69113205e+00,  1.15835478e+01, -1.61325159e+02,  1.55413572e+00,
       -1.80253336e-01, -3.49330098e+02])
39, array([ 4.37202602e+00,  1.15679000e+01, -1.59680115e+02, -5.67830590e+00,
        3.32325341e-01, -3.47070395e+02])
