0, array([   4.31468156,   11.93611644, -156.10320673,  -13.15542894,
          3.17248622, -349.97088746])
1, array([   4.78181985,   11.95319532, -156.66101483,   -3.23302206,
          2.6742424 , -353.36544839])
2, array([   7.27341303,   11.89309298, -157.11721101,    7.61421241,
          2.15834216, -354.77335869])
3, array([  11.1700633 ,   11.90173348, -157.44359789,   18.80232162,
          2.22572795, -354.48694284])
4, array([  15.85237287,   12.12504085, -157.61197812,   29.74735276,
          3.4773422 , -352.79852534])
5, array([  20.70094394,   12.70893917, -157.59415434,   39.86535301,
          6.51412736, -350.00043069])
6, array([  25.09637873,   13.79935248, -157.36192918,   48.57236955,
         11.93702586, -346.38498338])
7, array([  27.40095615,   16.29740247, -156.44558242,   54.75064083,
         24.4320817 , -342.03867236])
8, array([  27.40090176,   19.59423064, -155.2193367 ,   60.79458908,
         41.14600963, -338.4156903 ])
9, array([  26.17998325,   23.69834653, -154.25804505,   61.85503749,
         58.45938319, -333.43886522])
10, array([  23.49268706,   28.35601891, -152.62532443,   57.1594572 ,
         77.78071922, -328.70087901])
11, array([  19.07003816,   32.6233572 , -152.32326586,   46.29059702,
         90.25911394, -324.8480479 ])
12, array([  13.32857554,   35.35481317, -153.08518177,   29.82276231,
         98.73253959, -323.1271953 ])
13, array([   6.49998307,   38.28725704, -154.71866612,    9.91729189,
        104.48682627, -321.74581684])
14, array([  -0.40618192,   38.28123366, -156.96384271,  -11.63997778,
        103.02708603, -320.663398  ])
15, array([  -5.99257867,   35.70323404, -159.95651851,  -32.40011007,
         93.4133526 , -322.86394064])
16, array([ -11.79051807,   31.90627396, -163.36317515,  -51.37584197,
         80.78248604, -323.66786159])
17, array([ -16.95251766,   26.10320591, -166.30202308,  -70.9634465 ,
         57.99077867, -327.40908061])
18, array([ -20.70340211,   19.62748618, -169.07179167,  -83.77146061,
         30.16753405, -331.84073911])
19, array([ -21.61355138,   12.47969207, -170.31218155,  -94.8789669 ,
          4.30959059, -332.64636976])
20, array([ -20.96326577,    5.26916351, -170.42586716,  -89.87397245,
        -22.20539623, -335.29864377])
21, array([ -17.65264836,   -1.3917582 , -169.51771917,  -80.42985961,
        -49.70475308, -333.28914939])
22, array([ -11.65326055,   -8.03468768, -167.8300864 ,  -66.20026943,
        -72.7186357 , -331.66472167])
23, array([  -4.43761767,  -12.36741071, -167.08855635,  -46.1263112 ,
        -90.92344342, -328.54458811])
24, array([   2.88633983,  -15.44109137, -165.51075769,  -23.54089081,
        -99.23470275, -325.20797872])
25, array([  10.12069551,  -15.84806044, -164.68286001,    0.36834498,
        -98.17148251, -321.68251242])
26, array([  16.38141799,  -16.29220879, -163.41221919,   22.04512081,
        -90.07846699, -319.85424742])
27, array([  22.73021859,  -13.56591218, -162.95893312,   40.17637213,
        -76.88379221, -321.50517609])
28, array([  26.72030217,   -8.85732922, -163.21259493,   57.34576722,
        -57.40877447, -323.78140784])
29, array([  27.07554679,   -3.87237761, -163.8396592 ,   62.06048083,
        -40.65225472, -329.23676043])
30, array([  26.10315971,    0.75360151, -165.25423953,   61.08915186,
        -25.81859793, -334.77926985])
31, array([  25.43126727,    5.88656714, -165.5466392 ,   53.88866978,
         -9.67397053, -339.89768048])
32, array([ 2.18875831e+01,  9.90465911e+00, -1.65268973e+02,  5.07294513e+01,
        2.50959310e-01, -3.47678999e+02])
33, array([  17.87705378,   12.57695523, -165.17338253,   39.30716331,
          5.00659349, -353.61714356])
34, array([  13.81811987,   14.1117835 , -164.90940084,   27.94054436,
          9.50837211, -357.18428941])
35, array([  10.031365  ,   14.87745193, -164.4192548 ,   16.48125222,
         12.01508323, -359.24925506])
36, array([   6.94071231,   14.92210659, -163.66298592,    5.99608411,
         12.59021726, -359.60871211])
37, array([   4.97008491,   14.29389355, -162.60063571,   -2.44816275,
         11.29726457, -358.05933218])
38, array([   4.54340594,   13.04095887, -161.19224568,   -7.78469113,
          8.19971557, -354.39778686])
39, array([   6.08459853,   11.21144864, -159.39785734,   -8.94670381,
          3.36106065, -348.42074775])
