0, array([  10.46089556,    7.86978944, -158.00489096,    5.44992679,
         -9.58429603, -341.22117733])
1, array([   9.01511509,    8.46104088, -156.6845007 ,    1.62273338,
         -7.69767621, -338.57124149])
2, array([   9.26382299,    8.0663609 , -157.69158005,    2.71382752,
         -9.98433532, -339.75962926])
3, array([  11.27464878,    7.78224693, -159.56227328,    9.27884253,
        -12.54404532, -342.63625614])
4, array([  15.20284336,    8.84713071, -160.67012839,   22.19437356,
        -10.83654698, -344.68608432])
5, array([  19.18988979,   10.87411073, -160.05325515,   35.85910957,
         -4.71504199, -344.0478778 ])
6, array([  23.45334858,   13.46066134, -159.07466193,   50.14165775,
          4.21992802, -341.96746852])
7, array([  27.5094134 ,   16.09474046, -158.03407071,   63.51016548,
         14.11354574, -339.02204301])
8, array([  30.63983535,   18.43820788, -157.07847959,   73.74262535,
         23.4067938 , -335.90795962])
9, array([  31.34270687,   21.30759572, -155.84551201,   76.11495852,
         34.35677407, -332.73888917])
10, array([  29.64624565,   25.73282795, -154.01876135,   70.84891528,
         50.37466645, -328.90633558])
11, array([  25.61922125,   31.81378302, -152.02986046,   58.18933823,
         72.7176866 , -323.53166477])
12, array([  19.20421197,   38.16541805, -151.3644609 ,   37.98604048,
         97.33015383, -316.67536515])
13, array([  11.12238201,   41.79815168, -153.10394098,   13.77340266,
        112.54323233, -311.3000653 ])
14, array([   2.66149352,   41.82022513, -156.70580437,  -11.05305601,
        114.89503869, -309.54846599])
15, array([  -5.62722468,   38.31752536, -161.20686122,  -35.20658129,
        104.42588097, -311.84224715])
16, array([ -13.17446983,   31.74670021, -165.48153607,  -57.76527698,
         82.24838028, -318.04686153])
17, array([ -18.61273546,   24.07955318, -167.96497585,  -74.55464683,
         55.22094055, -324.76896773])
18, array([ -22.05503349,   17.26156672, -169.24419691,  -85.78279826,
         30.58856033, -330.0736673 ])
19, array([ -23.4139932 ,   11.58503102, -170.08489058,  -91.13186272,
         10.14364807, -333.71983365])
20, array([ -22.20959482,    5.76043683, -171.0719162 ,  -89.06008861,
         -9.60937055, -336.08224891])
21, array([ -18.624653  ,   -1.38981406, -171.94520708,  -79.88099984,
        -33.03797977, -337.69101557])
22, array([ -13.44832033,   -9.24599168, -172.18150021,  -66.16766833,
        -59.39869248, -338.44433972])
23, array([  -6.94530081,  -16.33593087, -171.52746282,  -48.46713853,
        -84.58844937, -337.70423563])
24, array([   0.53485109,  -20.2912323 , -169.8351704 ,  -26.30607624,
       -100.8201768 , -334.34572156])
25, array([   7.53750857,  -20.14748123, -168.35492179,   -2.98197311,
       -103.99068722, -331.66737641])
26, array([  13.82115169,  -16.95616467, -167.26298   ,   19.12031772,
        -95.81904901, -331.05788204])
27, array([  18.94888478,  -11.71025731, -166.72157496,   37.9322459 ,
        -79.16907811, -332.91137171])
28, array([  21.73668386,   -5.81917294, -167.04137011,   48.67114832,
        -59.15547767, -336.94109686])
29, array([  22.42441114,   -0.63113919, -168.03359079,   52.57095997,
        -42.13810317, -341.81501279])
30, array([  21.38388547,    3.85220593, -169.64691016,   51.10849976,
        -28.06501404, -347.14079176])
31, array([  18.74381666,    7.7923455 , -171.82484886,   44.7978326 ,
        -15.99444835, -352.86299562])
32, array([  14.7012247 ,   10.60915819, -173.32080431,   33.7213018 ,
         -7.14583448, -357.39119528])
33, array([  10.54550586,   12.3676102 , -173.83676679,   21.9774214 ,
         -0.67250908, -359.97948783])
34, array([   6.75168967,   13.28340402, -173.47462404,   10.68957271,
          3.38782875, -360.46599141])
35, array([   3.682057  ,   13.52167816, -172.36706581,    0.76802029,
          4.93339618, -358.87000473])
36, array([   1.84191279,   13.34114446, -169.81737212,   -5.66572036,
          4.31234745, -355.44607715])
37, array([   0.81211591,   13.09968573, -167.24412832,   -9.43315903,
          3.24284864, -351.66096845])
38, array([   0.58027726,   12.7622452 , -164.68751629,  -10.78794157,
          1.63899145, -347.85804259])
39, array([   1.16652317,   12.28938837, -162.16249116,   -9.85866348,
         -0.59818762, -344.29001717])
