0, array([   8.225737  ,   11.97966338, -169.52822655,    7.61977052,
         -2.54123035, -355.93761292])
1, array([  13.97062539,   13.82398555, -167.50097069,   24.64595638,
          3.19279553, -352.92394239])
2, array([  19.90668954,   15.78762482, -165.04819868,   41.88554814,
         10.51035867, -348.73896429])
3, array([  25.36928441,   17.50655553, -162.63129698,   57.75392621,
         18.06957772, -343.93429154])
4, array([  29.68578856,   18.87629351, -160.5794691 ,   70.81841204,
         25.04081594, -339.01096249])
5, array([  31.34270687,   20.55582346, -158.80090581,   76.11495852,
         32.67607088, -334.73706988])
6, array([  30.70377929,   23.49162455, -156.75081208,   74.82961449,
         43.57859724, -330.49634117])
7, array([  27.78742073,   28.18303757, -154.05832034,   66.9117133 ,
         60.15123344, -325.19842574])
8, array([  22.14444592,   34.2062837 , -151.2247042 ,   50.77902196,
         81.80198848, -318.77641473])
9, array([  14.7132611 ,   39.25306398, -149.68020862,   29.00118412,
        100.58578777, -313.19722872])
10, array([   6.37384076,   42.07690171, -149.8922264 ,    4.95319437,
        112.10723048, -309.86551191])
11, array([  -2.63186474,   41.90413732, -152.00739765,  -20.50728089,
        114.10785486, -309.73350545])
12, array([ -10.99818798,   38.30340064, -155.68521368,  -43.9656171 ,
        105.22299496, -313.90070498])
13, array([ -17.51265602,   32.66754156, -159.46630896,  -62.24610704,
         89.43464734, -320.79179053])
14, array([ -21.72935105,   27.02428098, -162.53509343,  -74.27682611,
         72.48643733, -328.03594649])
15, array([ -23.4139932 ,   22.7763625 , -165.06178658,  -79.43136805,
         57.76311371, -335.09744923])
16, array([ -21.61419233,   20.49873521, -167.76497588,  -73.42082691,
         47.77406179, -342.1094108 ])
17, array([ -17.29514044,   17.77698987, -170.68549264,  -59.83385105,
         36.25274364, -349.30663331])
18, array([ -11.11100801,   13.5713954 , -173.00805352,  -40.84362861,
         20.66455947, -355.35911966])
19, array([  -3.3095786 ,    7.95463886, -173.77656246,  -17.39773993,
          1.3827959 , -358.17334331])
20, array([   4.8027446 ,    2.03962766, -171.9496577 ,    5.81760187,
        -19.06680046, -355.25656223])
21, array([  11.29578166,   -3.11516571, -168.98443303,   23.63569027,
        -37.21078596, -349.04183657])
22, array([  15.85704762,   -7.42529107, -165.60180542,   35.16524131,
        -53.02600253, -341.02643899])
23, array([  17.30546815,  -11.32000848, -162.43104038,   36.97173638,
        -68.15109462, -332.30832671])
24, array([  14.85642545,  -15.3471696 , -160.06369217,   26.41380393,
        -84.05827724, -324.06269008])
25, array([  10.19058269,  -18.71203416, -158.65183026,    9.13673122,
        -97.28387748, -317.50622103])
26, array([   3.72659333,  -20.44889519, -158.47832519,  -13.49604259,
       -103.9135924 , -313.95216029])
27, array([  -4.0981902 ,  -18.97561847, -160.25855621,  -39.91995576,
        -98.19269754, -315.97727044])
28, array([ -11.19836533,  -14.63010473, -163.06612014,  -62.91114896,
        -81.70773562, -322.22121759])
29, array([ -16.82941077,   -8.99920119, -165.70743078,  -80.66083375,
        -60.78312228, -329.37567377])
30, array([ -20.27749186,   -3.74848915, -167.79364827,  -91.13186272,
        -42.4027752 , -335.44441748])
31, array([ -19.64544418,   -0.6907903 , -170.04992831,  -89.00421556,
        -35.14706981, -340.8844575 ])
32, array([ -16.44668645,    1.57032596, -172.36948653,  -78.96861106,
        -31.73736205, -347.12293936])
33, array([ -11.73187365,    4.10384675, -174.29305887,  -64.05751813,
        -26.67794934, -353.77188193])
34, array([  -6.26009914,    6.7496293 , -175.23399029,  -46.47079279,
        -19.87386491, -359.16966444])
