0, array([   0.88446397,   13.07248622, -158.32424033,  -15.32903422,
          6.77199913, -347.19645391])
1, array([   1.43889662,   12.24424873, -158.45855819,  -14.31704168,
          3.94180802, -348.46233549])
2, array([   3.51588749,   11.8828202 , -158.354011  ,   -9.02724791,
          1.67865175, -348.87721051])
3, array([ 6.92334986e+00,  1.19889331e+01, -1.58030289e+02,  6.71032189e-02,
        2.55038425e-01, -3.48362613e+02])
4, array([  11.89109705,   12.94260244, -157.26225304,   14.03163428,
          1.75991257, -346.08728848])
5, array([  17.19262965,   14.73228856, -156.26306385,   29.92222239,
          6.46505941, -342.42336196])
6, array([  22.44421453,   16.83634413, -155.37885114,   46.23564857,
         13.20238912, -338.1918296 ])
7, array([  26.89409746,   19.04544751, -154.78080788,   60.50701237,
         21.79763234, -334.1564684 ])
8, array([  29.68360378,   21.16887317, -154.53859544,   68.78914845,
         31.22452443, -331.11073827])
9, array([  30.77542422,   23.51869909, -154.27910802,   71.441939  ,
         41.81793124, -328.56934872])
10, array([  29.48300469,   27.5340027 , -153.47983825,   66.46863024,
         58.02825176, -325.66589848])
11, array([  24.60873408,   33.63777365, -152.57103455,   51.75575052,
         80.27474798, -322.46445302])
12, array([  17.99162233,   38.99665956, -153.17087042,   32.33441483,
        100.58838451, -320.81385019])
13, array([   9.80496674,   42.0325436 , -155.80432294,    8.71355554,
        113.63106674, -321.8962334 ])
14, array([   0.80167413,   39.86735511, -160.53629254,  -18.61438549,
        108.94008965, -327.28655186])
15, array([  -7.69301466,   34.27414358, -164.97751198,  -44.53085194,
         91.04989652, -333.19517149])
16, array([ -15.36500758,   26.65847137, -168.20227921,  -68.00300409,
         64.66205178, -338.12924686])
17, array([ -20.54021808,   18.63401284, -169.77042892,  -83.49913105,
         36.11977962, -340.29211301])
18, array([ -23.12054931,   12.40602736, -170.11054568,  -90.72055408,
         13.69219853, -340.46257007])
19, array([ -23.4139932 ,    7.051319  , -170.47782339,  -91.13186272,
         -5.79309388, -339.85026735])
20, array([ -20.37799829,    0.34692293, -171.34323727,  -82.55476477,
        -29.242927  , -337.73510929])
21, array([ -14.34479613,   -7.78699885, -171.22347615,  -66.11405951,
        -57.48907613, -333.08156194])
22, array([  -6.74528729,  -15.39001632, -169.60223184,  -45.0768422 ,
        -84.72329662, -326.28035481])
23, array([   2.25308767,  -20.18050658, -166.84888002,  -19.39028164,
       -103.14144467, -318.33690318])
24, array([  11.07214349,  -19.76339434, -163.74321828,    7.47426949,
       -102.96248551, -312.87437573])
25, array([  19.11156131,  -15.86374376, -161.56178481,   32.80712962,
        -90.05088862, -311.55903825])
26, array([  26.00825619,   -9.47210075, -160.71525117,   55.46720548,
        -67.49263083, -314.73062624])
27, array([  29.70663533,   -3.13548214, -160.97125393,   68.11634217,
        -44.18438342, -321.27246998])
28, array([  31.34270687,    1.4414924 , -161.70576982,   74.91489595,
        -26.52727534, -327.49440985])
29, array([  31.04303339,    4.64721392, -162.79493752,   76.11495852,
        -13.99892365, -333.24782285])
30, array([  28.08906331,    7.25140308, -164.46378684,   69.16889496,
         -5.17108094, -339.72570176])
31, array([  23.75753692,    9.9612949 , -166.3044033 ,   58.17135388,
          3.39333817, -346.89369939])
32, array([  18.63355336,   12.64165626, -168.0271018 ,   44.56999158,
         11.44935661, -354.00788009])
33, array([  13.23228896,   14.46553758, -168.9842348 ,   29.2147015 ,
         15.97906193, -358.6835382 ])
34, array([   8.44740259,   15.47114059, -168.47729712,   15.38265375,
         17.28809081, -360.40008015])
35, array([   4.44669051,   15.81750447, -167.191502  ,    3.56812682,
         16.63298979, -360.11133558])
36, array([   1.60797783,   15.43835446, -165.37005759,   -5.23215112,
         14.31663373, -358.01407588])
37, array([-4.82395591e-02,  1.48898533e+01, -1.63125739e+02, -1.15445399e+01,
        1.22401622e+01, -3.55260474e+02])
38, array([  -1.10649877,   14.31112377, -161.12130113,  -16.133718  ,
         10.52528543, -352.41834452])
39, array([  -1.55216068,   13.73208812, -159.51667192,  -18.78471249,
          9.28486752, -349.65908321])
