0, array([  -0.96460127,   12.72012538, -154.8330244 ,  -19.26111997,
         -4.46557628, -345.53820761])
1, array([   1.46501178,   13.12566843, -160.83941209,  -13.49944045,
         -2.04138275, -352.25730756])
2, array([   5.62772994,   14.14505335, -164.10549956,   -2.12748841,
          0.49823071, -355.79316698])
3, array([  11.61476917,   16.15827291, -165.25699008,   15.36022942,
          4.61706554, -356.22995991])
4, array([  18.66513228,   18.47508289, -163.40355439,   36.28426678,
         12.74126501, -351.15712454])
5, array([  24.50890973,   21.2584128 , -158.53967643,   54.20358369,
         26.19138595, -341.09623831])
6, array([  27.42716394,   24.13102191, -154.65805439,   63.42810223,
         41.32911293, -331.93971571])
7, array([  27.00055122,   27.22664248, -152.49721149,   61.79283154,
         58.21458117, -326.11026383])
8, array([  23.343668  ,   30.6967932 , -152.2388523 ,   49.82382608,
         76.33558319, -324.19353055])
9, array([  17.09518553,   33.46217227, -154.9253485 ,   30.38300253,
         89.11758137, -327.68785631])
10, array([  10.04522795,   35.51118177, -158.42169435,    9.63227425,
         94.5746866 , -332.92357232])
11, array([   2.85095949,   37.28286045, -160.35503289,  -10.95387983,
         98.27109015, -334.29916684])
12, array([  -4.56184193,   38.88460312, -159.33607638,  -32.20772632,
        102.70742886, -328.8588109 ])
13, array([ -11.97207375,   38.87375453, -157.80616703,  -52.63901659,
        104.22086576, -319.47625249])
14, array([ -17.50379617,   35.47924519, -158.6211732 ,  -67.98581384,
         94.76516922, -316.44424802])
15, array([ -19.44230893,   31.10250988, -161.46221053,  -73.88281312,
         78.10261333, -321.26062465])
16, array([ -17.62701221,   26.85112671, -165.88916251,  -68.97309578,
         58.45332542, -331.51248353])
17, array([ -13.69382141,   20.6935137 , -171.29830484,  -58.37709026,
         33.16257641, -345.40554404])
18, array([ -11.47791489,   12.62213843, -174.4028568 ,  -52.81278013,
          5.08310855, -356.61472443])
19, array([ -13.41547366,    4.7050366 , -173.31185959,  -59.37771061,
        -18.77596632, -357.63168893])
20, array([ -18.39268958,   -1.28876717, -168.9197499 ,  -73.58881247,
        -35.8235214 , -348.47872283])
21, array([ -22.99122893,   -4.16949427, -164.44424419,  -87.55903605,
        -45.12195529, -337.70318525])
22, array([ -23.4139932 ,   -7.2078016 , -162.31673923,  -91.13186272,
        -54.89942567, -331.75627089])
23, array([ -18.07129753,  -13.0575794 , -162.43273721,  -80.2163034 ,
        -73.25693235, -330.0524506 ])
24, array([  -9.18182486,  -15.68310961, -164.90834655,  -60.192288  ,
        -85.34611605, -334.47955004])
25, array([   0.45842618,  -14.01829774, -167.34946245,  -36.82954429,
        -86.43535625, -342.02104362])
26, array([   8.96178758,  -11.18996806, -166.69351768,  -13.60294093,
        -82.85583132, -345.70720274])
27, array([  15.61224223,  -10.30124419, -162.59997434,    9.17965185,
        -84.51634674, -338.7039354 ])
28, array([  21.66638152,   -9.64871094, -157.28506648,   31.94837505,
        -85.15604302, -327.07517185])
29, array([  26.85549317,   -6.98143975, -154.61491503,   53.36445607,
        -76.79775125, -318.69070162])
30, array([  30.29526093,   -2.53641074, -154.81332147,   69.35828701,
        -58.06482206, -317.83211873])
31, array([  31.34270687,    2.16465279, -156.75810347,   76.11495852,
        -37.55091454, -322.90595395])
32, array([  29.7554089 ,    5.75506483, -159.14181533,   73.83307868,
        -24.52315468, -329.30778919])
33, array([  25.77781308,    8.80332948, -162.50236766,   63.7216832 ,
        -15.02834976, -337.31588114])
34, array([  19.85131575,   11.46036761, -166.68034575,   48.07325824,
         -6.72354986, -346.21718131])
35, array([  13.09438413,   13.28726198, -169.57113064,   30.41493776,
         -0.39515553, -353.66857007])
36, array([   6.55052224,   14.08581898, -169.92813823,   13.49375761,
          2.80844105, -357.13299182])
37, array([   0.92758864,   14.22668939, -167.0742887 ,   -0.97394415,
          2.83792876, -356.12014608])
38, array([  -2.54720638,   13.99064275, -162.88551751,  -11.29863844,
          0.70451071, -352.74182195])
39, array([  -3.76944897,   13.40304301, -158.87362904,  -16.92855043,
         -2.27769611, -348.88916024])
