0, array([   2.15447973,   10.62414826, -155.46860384,    7.40074015,
         -5.55259369, -340.75753079])
1, array([   2.7203431 ,    9.60638533, -156.63096323,    8.09297245,
         -1.41463505, -346.15138835])
2, array([   5.23752532,    9.32764828, -157.31343109,   13.49764858,
          2.23495931, -349.55709981])
3, array([   9.13555963,    9.76439685, -157.58084131,   22.28841079,
          5.77818927, -351.17300816])
4, array([  13.84397928,   10.89309074, -157.49802776,   33.13890134,
          9.59705477, -351.19745638])
5, array([  18.79231751,   12.6901897 , -157.12982434,   44.72276248,
         14.0735557 , -349.82878743])
6, array([  23.41010757,   15.13215343, -156.54106492,   55.71363647,
         19.58969198, -347.26534429])
7, array([  25.7176842 ,   18.66839729, -155.80130393,   64.04204614,
         28.19813768, -344.3689131 ])
8, array([  28.78228675,   23.11036427, -154.69834717,   68.32254307,
         38.48206375, -336.61241646])
9, array([  27.87323044,   28.1409785 , -153.42433024,   68.26113471,
         51.63310468, -333.14168755])
10, array([  24.74298367,   31.91435469, -152.5934654 ,   59.89371823,
         66.49702702, -329.28309962])
11, array([  20.27587958,   35.51937344, -152.79466468,   47.7175362 ,
         83.77984695, -325.34269509])
12, array([  13.10968092,   37.74843397, -153.69598184,   29.33579314,
         91.01939609, -322.96091618])
13, array([   6.09224847,   38.44794699, -155.74078467,    7.35065255,
         92.55287182, -321.86980163])
14, array([  -1.52833463,   38.13227672, -158.02626428,  -18.26966405,
         89.86477398, -322.4324078 ])
15, array([  -8.97020392,   35.32349547, -160.53092153,  -39.08752175,
         85.8623491 , -325.20786166])
16, array([ -14.55455575,   30.44775867, -163.43406206,  -58.15191856,
         69.38602323, -329.79415949])
17, array([ -19.23408886,   25.44883009, -166.07562564,  -70.64301948,
         47.61189598, -331.93911876])
18, array([ -20.55524228,   19.16862223, -168.8694365 ,  -81.69897029,
         21.99334335, -334.46439845])
19, array([ -20.01433114,   12.35631988, -170.55841132,  -87.89686901,
         -4.18917657, -337.67805111])
20, array([ -16.5497187 ,    5.38177179, -171.82817027,  -82.6033185 ,
        -27.38237556, -336.71500737])
21, array([ -12.23627466,   -1.0774982 , -171.61862761,  -74.79063575,
        -49.7826916 , -337.56955246])
22, array([  -6.24550166,   -7.10216534, -171.36062814,  -58.00438214,
        -69.25257936, -333.3310034 ])
23, array([  -0.35759307,  -11.69946266, -171.18288531,  -39.18252075,
        -78.68670341, -330.73209538])
24, array([   5.28480409,  -14.01438698, -170.05267677,  -18.20793417,
        -91.47056668, -327.38749062])
25, array([  11.65624456,  -14.48347519, -169.14248405,    7.43115653,
        -92.81836234, -324.75120304])
26, array([  18.06318678,  -13.03149998, -168.14706604,   27.76417352,
        -88.47999937, -324.19191863])
27, array([  21.25592287,  -10.44107631, -165.69518525,   44.15764062,
        -75.70102299, -325.34094528])
28, array([  23.73736176,   -7.16223064, -164.15156621,   56.3687042 ,
        -65.08766253, -327.55677008])
29, array([  25.02136652,   -2.610941  , -163.27378154,   60.61316348,
        -52.04818354, -330.49486111])
30, array([  24.14509319,    1.70974909, -163.98864837,   56.48320513,
        -37.68895718, -336.09047994])
31, array([  21.58743302,    5.3320882 , -164.88149443,   50.5775389 ,
        -23.16172577, -343.50231805])
32, array([  19.2499692 ,    8.0863481 , -166.2993863 ,   44.92786915,
        -11.22285738, -347.46587575])
33, array([  15.94562451,   10.87224365, -166.4438737 ,   32.83594269,
         -5.08997803, -351.55371795])
34, array([  11.12414677,   12.91288407, -167.91461747,   23.30754442,
          1.41780567, -355.35910216])
35, array([   6.58314364,   14.11080116, -168.67718961,   14.31648605,
          6.43526537, -358.01499369])
36, array([   2.9176413 ,   14.28186853, -168.25466601,    6.64327238,
          9.93314574, -359.13238746])
37, array([   0.72266597,   13.24195972, -166.1701226 ,    1.06840818,
         11.88219139, -358.32227839])
38, array([   0.59324384,   10.80694833, -161.94663528,   -1.62760175,
         12.25314698, -355.1956614 ])
39, array([   3.12440111,    6.79270791, -155.10727996,   -0.66425264,
         11.01675715, -349.36353143])
