0, array([ 6.54431215,  3.95236853,  2.1667727 , 12.83446717,  7.23833044,
        4.72085986])
1, array([ 6.22361738,  3.80067599,  2.18099117, 14.02820493,  5.92342861,
        5.21876358])
2, array([ 6.23797185,  3.65558836,  2.15555523, 15.61156262,  5.85302281,
        5.23547422])
3, array([ 6.30437767,  3.56046594,  2.03853029, 16.40263432,  6.98332049,
        4.84734403])
4, array([ 5.99710833,  3.82191991,  1.95986086, 15.53233632,  9.7337929 ,
        4.286567  ])
5, array([ 5.55211166,  4.45749899,  1.93067521, 13.38497583, 12.78880814,
        4.01072787])
6, array([ 5.34143953,  5.2271192 ,  1.99065189, 11.53199428, 15.91743595,
        4.18661848])
7, array([ 5.71165108,  6.09482374,  2.0702668 , 11.55131819, 18.76732656,
        4.70229936])
8, array([ 6.25908286,  6.80788354,  2.15837365, 13.7347351 , 20.39509503,
        5.38409693])
9, array([ 7.03028161,  7.31233604,  2.24252474, 17.69133195, 20.74253707,
        5.72653199])
10, array([ 8.00369814,  7.69290629,  2.29464499, 21.70594573, 19.72476326,
        5.51477049])
11, array([ 8.61436565,  7.71266649,  2.28808658, 24.30952876, 17.13562686,
        4.7495139 ])
12, array([ 9.09561099,  7.91289139,  2.43601168, 25.45989266, 14.86694753,
        4.1096502 ])
13, array([ 9.37293692,  8.29676066,  2.60437123, 25.45218243, 14.35459018,
        4.43832904])
14, array([ 9.37615631,  8.71230103,  2.92447116, 24.34022063, 16.84588195,
        5.76210178])
15, array([ 8.98453276,  9.22263585,  3.28036759, 22.3148494 , 21.39572141,
        7.3755814 ])
16, array([ 8.40572734,  9.79390002,  3.50609691, 19.81882839, 25.63179906,
        8.28853616])
17, array([ 7.27194001, 10.65258294,  3.57661785, 16.19548966, 29.99583131,
        8.45868283])
18, array([ 5.78012574, 11.52984536,  3.29710055, 12.28944393, 33.1773343 ,
        7.87355721])
19, array([ 4.84293834, 12.12856377,  2.67510612,  9.94554159, 34.24992771,
        6.78343707])
20, array([ 4.68383749, 12.3780654 ,  1.95763541, 10.83468236, 33.53559438,
        6.24235561])
21, array([ 5.86244932, 12.04643499,  1.56696037, 15.14359433, 30.65359291,
        6.69364963])
22, array([ 7.32409794, 11.44407234,  1.76025084, 19.63312898, 26.1279891 ,
        7.6946318 ])
23, array([ 8.81547005, 10.79403664,  2.38738595, 23.74854813, 21.06022732,
        8.50925726])
24, array([ 9.69260228, 10.00802556,  2.99794362, 26.58435024, 16.48661716,
        8.94856715])
25, array([ 9.85283825,  9.74773445,  3.38955444, 27.27502237, 15.30026131,
        9.02289431])
26, array([ 9.56893373,  9.87607961,  3.60496256, 26.47072057, 17.70031888,
        9.0519096 ])
27, array([ 8.22299511, 10.38485089,  3.46749412, 22.77203394, 21.94313433,
        9.22318923])
28, array([ 7.04743205, 10.7063382 ,  3.26507574, 19.57918339, 24.51239785,
        9.34173736])
29, array([ 6.47546363, 10.70658714,  2.92309172, 18.22234906, 25.82392289,
        9.12112598])
30, array([ 6.37946893, 10.20195801,  2.67199447, 18.02808651, 24.94274765,
        8.26354941])
31, array([ 7.1626795 ,  9.3228787 ,  2.57347696, 18.9204831 , 22.38658875,
        7.04118817])
32, array([ 8.05947761,  8.09441813,  2.54772824, 20.04483229, 18.6841588 ,
        5.43002863])
33, array([ 8.19718306,  6.71492494,  2.56471666, 19.43078373, 13.99689796,
        4.05162631])
34, array([ 7.63284534,  5.57025039,  2.48818003, 17.26028221, 10.41774533,
        3.45049649])
35, array([ 6.73323788,  4.66519518,  2.42272638, 14.35281635,  7.98145415,
        3.72255839])
36, array([ 5.49622479,  4.04837925,  2.35075856, 11.08270473,  6.77104653,
        4.26426652])
37, array([4.59389764, 3.77467006, 2.21050664, 9.10212608, 6.5763697 ,
       4.53246503])
38, array([4.17888421, 3.67399837, 2.09167009, 8.70162596, 6.72233861,
       4.71025017])
39, array([4.16794599, 3.66788888, 2.01773954, 9.45608966, 7.03299169,
       4.77428838])
