0, array([   3.35833346,    5.14435701, -157.51573243,  -15.42088003,
         -5.77530985, -342.22513955])
1, array([ 8.15725270e+00,  4.54395127e+00, -1.56929412e+02,  1.08661974e-01,
       -8.13442953e+00, -3.43624407e+02])
2, array([  12.93378333,    4.75861492, -156.33612151,   14.74745371,
         -7.49738144, -344.51027807])
3, array([  17.67268701,    6.34310718, -155.7311175 ,   27.88922539,
         -1.82488908, -344.5333212 ])
4, array([  22.54931399,    9.45375793, -154.98180056,   41.14355938,
          8.11597977, -344.06633329])
5, array([  27.33112186,   13.28139848, -154.16006411,   53.89074383,
         20.22968751, -343.34222195])
6, array([  31.0653656 ,   18.57010509, -153.16600277,   62.60512996,
         37.66852252, -341.95004704])
7, array([  33.60684131,   24.73822379, -152.31742392,   67.06485736,
         57.49014519, -340.08151431])
8, array([  34.87734973,   31.59596635, -151.64043769,   67.13270367,
         79.08465946, -337.79411706])
9, array([  32.40222315,   38.32923043, -151.63563519,   57.38336991,
        100.29737407, -334.44131054])
10, array([  28.33015561,   44.50733537, -151.92694172,   43.80071909,
        119.81410056, -330.97155892])
11, array([  21.05420955,   49.10359941, -152.82119948,   22.85576908,
        134.49897422, -327.5816066 ])
12, array([  11.89860666,   51.43702133, -154.39627564,   -1.78467406,
        141.85736788, -325.56552739])
13, array([   1.62457869,   52.42401693, -156.37644936,  -28.62399318,
        144.8563918 , -324.36692409])
14, array([  -9.39356007,   48.78648551, -159.14710277,  -55.77733778,
        133.59995642, -325.9064474 ])
15, array([ -19.82835175,   43.54866224, -161.93966669,  -80.99223783,
        116.99195861, -327.69400313])
16, array([ -29.28275386,   35.62134326, -164.76905407, -102.94933317,
         91.3899737 , -329.89840913])
17, array([ -35.99224524,   25.18831714, -167.16517321, -117.61424589,
         57.76909028, -331.05620763])
18, array([ -41.18275254,   13.76766234, -169.32108738, -128.23524034,
         20.88028032, -331.62857059])
19, array([ -42.04918895,    1.3496238 , -170.79120296, -127.305567  ,
        -19.99346232, -330.50591132])
20, array([ -40.13876526,  -10.67108762, -171.71557982, -119.04456257,
        -58.93708649, -328.47829342])
21, array([ -35.51026377,  -21.92460384, -172.06577558, -103.70641181,
        -94.75232687, -325.60810513])
22, array([ -26.93307177,  -28.89644964, -171.47421389,  -78.94985611,
       -117.81127295, -322.28533967])
23, array([ -17.56065537,  -33.86762919, -170.66490027,  -52.21256823,
       -134.64599711, -319.08843783])
24, array([  -7.42087645,  -34.66164176, -169.59002453,  -23.39824079,
       -138.26096623, -316.44125436])
25, array([   1.88580666,  -32.3802046 , -168.38335962,    2.79983026,
       -132.87354983, -315.33450963])
26, array([  10.69678479,  -28.26882699, -167.09827811,   27.44118801,
       -122.12957381, -315.14434992])
27, array([  16.65232063,  -20.76280276, -166.25833824,   42.78633538,
       -101.26988313, -318.93154964])
28, array([  21.2971789 ,  -12.90456276, -165.72876997,   53.78384448,
        -78.96886649, -323.90485313])
29, array([  23.73927539,   -4.45437899, -165.72082101,   57.47458981,
        -54.24551672, -330.87155614])
30, array([  23.45590057,    3.20373115, -165.95866529,   53.75142913,
        -32.08269671, -337.82754128])
31, array([  21.98488795,   10.27176573, -166.29188929,   46.75084237,
        -11.72943597, -344.52580755])
32, array([  18.59068297,   14.97004141, -166.71185922,   34.17287116,
          1.68748314, -349.34561132])
33, array([  14.58998354,   18.24101685, -166.98387988,   20.47460318,
         10.8960314 , -352.73153829])
34, array([  10.10588811,   19.98404665, -167.09958138,    6.07752359,
         15.61286886, -354.5794061 ])
35, array([   6.26324581,   19.73814389, -166.56604984,   -5.05126652,
         16.52988084, -354.38650047])
36, array([   3.19268484,   18.72695296, -165.79344668,  -13.56378565,
         15.31274367, -353.4577221 ])
37, array([   2.13591506,   16.25747673, -164.57637291,  -15.68744725,
          9.33469998, -351.17769823])
38, array([   1.44433417,   13.98042376, -163.27817683,  -16.81245038,
          4.35004649, -348.84044102])
39, array([ 9.70046357e-01,  1.18178656e+01, -1.61931712e+02, -1.73432362e+01,
       -4.35243250e-02, -3.46469129e+02])
