0, array([ -12.27347552,    6.65113532, -158.86982111,  -45.84469283,
         -2.27284422, -350.53168509])
1, array([  -0.84402405,   10.10991321, -162.57754007,   -8.57036207,
         -0.75380242, -358.95840945])
2, array([  10.58170677,   15.77210775, -163.88821311,   23.99486521,
          9.6114287 , -361.23839663])
3, array([  21.35488996,   23.05064845, -163.34891369,   51.19824722,
         26.72083496, -358.79592276])
4, array([  30.82669854,   31.35846482, -161.50671528,   72.3870422 ,
         48.47240218, -353.05526395])
5, array([  38.34830554,   40.10848639, -158.90869136,   86.90850839,
         72.76411617, -345.44069632])
6, array([  43.27088399,   48.71364267, -156.1019154 ,   94.109904  ,
         97.49396274, -337.376496  ])
7, array([  43.95860877,   55.30493299, -153.97557636,   93.91836051,
        117.88498818, -334.63921263])
8, array([  38.33714592,   61.18017231, -153.89493848,   79.97948501,
        130.35583435, -336.3958262 ])
9, array([  30.71644232,   64.68984131, -154.89767539,   59.77534277,
        141.4923602 , -333.72788075])
10, array([  19.05873466,   69.75360461, -155.84050304,   26.82529155,
        149.03844553, -328.4844926 ])
11, array([   3.54180571,   73.08488748, -157.58419176,   -8.43954996,
        159.19610659, -323.0590469 ])
12, array([ -10.67720655,   73.3526083 , -159.91650852,  -42.68546456,
        177.01107632, -319.19886046])
13, array([ -22.48613487,   73.27264171, -160.97964164,  -70.54363355,
        180.74499738, -319.30117258])
14, array([ -32.26542184,   72.4192594 , -162.03933707,  -92.78919794,
        176.93530478, -319.14633896])
15, array([ -37.89794634,   67.61741801, -163.85445654, -102.11042645,
        171.83390938, -320.3132842 ])
16, array([ -41.42593794,   60.53363137, -166.43723291, -110.83577127,
        153.08630488, -325.90438857])
17, array([ -43.51164317,   46.98452832, -169.2433421 , -123.14389488,
        120.8398956 , -332.79984141])
18, array([ -44.7145928 ,   30.43486952, -171.1979684 , -129.29270458,
         78.02697271, -339.55121206])
19, array([ -45.7613517 ,   10.60656701, -172.12868429, -135.09621739,
         27.71576027, -348.66419587])
20, array([ -45.70536333,   -8.89878642, -173.50925485, -129.7754392 ,
        -31.26381908, -350.3636022 ])
21, array([ -44.99869823,  -27.91742605, -173.65972454, -127.7398581 ,
        -77.0857161 , -342.92554765])
22, array([ -41.42351161,  -41.35568306, -174.10067168, -124.82133807,
       -115.86616635, -336.27145036])
23, array([ -34.68498556,  -52.09846787, -171.8168198 , -117.40744754,
       -134.24461309, -330.19017904])
24, array([ -26.07035551,  -58.81913518, -169.55259375, -104.37680958,
       -141.09051367, -326.43591206])
25, array([ -16.87798701,  -62.80320829, -167.18418529,  -77.03514937,
       -154.85410257, -325.47801692])
26, array([  -5.79524918,  -64.16169884, -164.63832646,  -46.94658678,
       -160.58587081, -325.23434409])
27, array([   7.31382145,  -61.62425748, -162.00157431,  -11.65948204,
       -163.06659733, -320.0482542 ])
28, array([  21.2306623 ,  -56.75096929, -158.4409564 ,   23.6374504 ,
       -161.42220402, -314.82098905])
29, array([  32.21127821,  -50.16097118, -156.52316221,   53.69115325,
       -156.71632224, -312.45465903])
30, array([  39.29833859,  -41.57690885, -153.98290419,   78.38468902,
       -150.71588433, -310.53803535])
31, array([  43.0041561 ,  -31.24630572, -153.06654456,   98.62359517,
       -137.36539599, -309.86016626])
32, array([  43.72075198,  -21.06946664, -154.49233542,  113.35997013,
       -120.04808532, -309.53796106])
33, array([  39.58873921,  -11.54291968, -156.30610871,  108.47765348,
        -93.42600541, -314.93914051])
34, array([ 3.50229587e+01,  8.07810718e-02, -1.59694115e+02,  9.93374014e+01,
       -6.14616436e+01, -3.27048489e+02])
35, array([  28.62936886,    9.92997257, -162.59262064,   83.4955772 ,
        -31.25004359, -339.74191654])
36, array([  20.65154866,   16.81049235, -164.26273461,   61.63329904,
         -6.17283204, -351.29284837])
37, array([  11.33307701,   19.52817797, -163.96556419,   34.43168512,
         10.38836427, -359.97470926])
38, array([   0.91753285,   16.88886696, -160.9622171 ,    2.57185366,
         15.0519186 , -364.06092409])
39, array([ -10.3515049 ,    7.69839687, -154.51380104,  -33.26507715,
          4.43620419, -361.82491773])
