0, array([  -4.13327199,   11.93921487, -156.54388286,  -18.70970031,
         -0.82315537, -349.99977651])
1, array([  -2.97529407,   12.32496416, -165.00666005,  -17.78722969,
          1.92066091, -364.27540194])
2, array([   7.91554229,   14.54398987, -168.07132252,    6.00712927,
          8.6032756 , -370.05794241])
3, array([  23.97200364,   18.54777871, -167.99208051,   42.67336749,
         18.36692401, -370.23183991])
4, array([  42.01816047,   25.59814254, -163.58547006,   85.5784803 ,
         34.15673979, -360.9337168 ])
5, array([  56.8371819 ,   35.02927738, -156.5909412 ,  121.72287856,
         58.54739124, -344.05291239])
6, array([  63.14764162,   45.54771904, -150.86240897,  139.2025429 ,
         90.99742959, -326.68396407])
7, array([  60.45233361,   54.97358887, -148.97823985,  135.36822434,
        125.21855508, -316.00065623])
8, array([  50.76650111,   61.13236459, -150.8936657 ,  111.5072317 ,
        147.0384894 , -317.39305812])
9, array([  37.48857366,   63.6445697 , -155.29181376,   75.56437258,
        151.83318172, -328.63872742])
10, array([  22.99427711,   63.87218415, -159.97205774,   38.17890865,
        145.20250392, -343.11603923])
11, array([  10.06159924,   65.69786044, -162.58839971,    7.81829308,
        141.6882401 , -351.20176014])
12, array([  -2.4789101 ,   71.43556878, -162.3818197 ,  -20.58994364,
        153.14427642, -347.68633958])
13, array([ -16.02836477,   80.04243531, -159.8059516 ,  -51.98203585,
        177.81967685, -331.8391693 ])
14, array([ -29.95720034,   85.81285297, -157.48634443,  -84.26335924,
        201.44521226, -308.45879995])
15, array([ -41.40086757,   85.09785532, -157.28048588, -112.33341771,
        206.71361772, -289.4833404 ])
16, array([ -48.25929493,   76.44729005, -160.52615851, -130.10103502,
        186.50088708, -287.2706681 ])
17, array([ -46.57935644,   62.00446762, -165.85621411, -125.0669395 ,
        147.27061457, -304.3481437 ])
18, array([ -38.6338483 ,   44.37738488, -171.29909114, -102.10301622,
         98.28325862, -331.98368887])
19, array([ -29.98924704,   26.17965242, -175.35267045,  -80.38871188,
         48.93334767, -360.22750729])
20, array([ -27.09697053,    8.85921056, -177.10865433,  -78.59918254,
          7.63596528, -376.80055954])
21, array([ -32.55581286,   -7.59826412, -176.60159445,  -98.43918352,
        -27.23492287, -374.43940134])
22, array([ -43.49113598,  -23.86045978, -174.29350038, -130.03969727,
        -64.08128928, -358.83655563])
23, array([ -53.68059874,  -40.54751821, -170.56910588, -157.76225383,
       -106.64041662, -338.40347642])
24, array([ -54.21099018,  -53.22759931, -166.90939774, -159.39576129,
       -147.10208659, -320.44683859])
25, array([ -45.83252652,  -58.26658764, -165.70299895, -138.46580288,
       -174.29474527, -313.02118275])
26, array([ -30.94186507,  -54.55804232, -166.82201767, -107.35756654,
       -175.14819391, -319.59982317])
27, array([ -13.8228168 ,  -46.12767103, -168.4183107 ,  -73.29640993,
       -156.33491392, -333.89475516])
28, array([   2.20007676,  -41.1104239 , -168.27552181,  -40.19424104,
       -143.21934389, -342.73943089])
29, array([  16.03236894,  -43.71801745, -164.60713181,   -7.82383993,
       -147.66394013, -337.34857756])
30, array([  29.01832845,  -53.07595516, -157.83791139,   29.60542594,
       -167.54255067, -318.25062322])
31, array([  41.92508502,  -59.52865109, -151.80221653,   73.37376072,
       -184.93314277, -296.04318176])
32, array([  52.58989382,  -56.0691065 , -149.16301403,  113.94852476,
       -178.8368834 , -283.74730926])
33, array([  58.87013372,  -41.46080068, -150.32810951,  137.87839966,
       -139.83617068, -291.45201128])
34, array([  57.14244915,  -22.26486072, -155.39383773,  136.98736704,
        -86.49689033, -314.82220052])
35, array([  46.96759238,   -5.79426361, -161.49315804,  111.61438949,
        -38.43348969, -340.94816911])
36, array([  30.97608018,    4.66573128, -165.26444363,   70.36962969,
         -7.38711172, -359.34135797])
37, array([  14.23724612,    9.33040283, -165.7007355 ,   25.7847146 ,
          5.34183523, -366.6162483 ])
38, array([   0.82025317,   10.508308  , -163.80341763,   -6.6113251 ,
          5.37669894, -363.8143466 ])
39, array([  -5.79067676,   10.4874636 , -160.49883842,  -22.21107187,
          1.26251298, -356.72399892])
