0, array([  14.78369529,   27.75392967, -168.93878499,   25.18947677,
         26.76063978, -376.15121521])
1, array([  22.44658938,   36.76121837, -165.62823267,   44.7543652 ,
         46.20129886, -371.11183379])
2, array([  28.98274054,   47.70845244, -161.7603117 ,   62.01279858,
         71.57793835, -364.2722893 ])
3, array([  34.15012407,   60.31896208, -157.43204765,   76.16821457,
        102.35702785, -355.77709243])
4, array([  35.95437508,   74.23673096, -152.84744995,   81.70240808,
        139.09081118, -345.35322975])
5, array([  33.04018469,   87.23725194, -149.01095949,   74.74701164,
        175.1173163 , -334.5330449 ])
6, array([  26.53565537,   98.25575709, -146.39147797,   58.65444198,
        207.11360408, -324.54482637])
7, array([  15.88960833,  106.29017259, -145.59594583,   32.34491354,
        232.55172229, -316.16977389])
8, array([   2.32233527,  108.69077389, -148.08390785,   -1.13658136,
        242.34270243, -314.06154507])
9, array([ -10.46849323,  107.40196525, -152.32844346,  -33.26210088,
        241.60816786, -316.63055017])
10, array([ -21.59890165,  102.5095879 , -157.92011557,  -61.83781659,
        230.82186156, -323.5877747 ])
11, array([ -27.63810822,   91.28487924, -163.62304525,  -77.92165014,
        205.31145015, -335.80275655])
12, array([ -28.93292144,   76.82579032, -169.12699926,  -81.15904454,
        172.24680977, -349.08439431])
13, array([ -26.11144799,   60.35546658, -173.84505097,  -73.12619434,
        134.42515588, -361.99394628])
14, array([ -18.56435335,   42.84151238, -176.64242574,  -51.9388428 ,
         93.99985984, -372.3350936 ])
15, array([  -7.54528897,   25.07149191, -176.87531605,  -21.2681575 ,
         52.48924414, -376.37123279])
16, array([   4.66944766,    7.43406742, -175.38259754,   12.09117448,
         10.57817898, -375.14422254])
17, array([  17.33573199,   -9.58841026, -172.16952336,   45.85948466,
        -30.76670829, -368.14889007])
18, array([  26.50144628,  -25.18522893, -166.93299292,   70.69563129,
        -69.55787197, -352.39755016])
19, array([  32.38960627,  -39.84928497, -161.35493332,   86.37712287,
       -106.4796029 , -334.14803413])
20, array([  34.88370307,  -53.60665354, -155.63641204,   92.38465895,
       -141.66891945, -314.12654323])
21, array([  31.96627883,  -65.22565766, -150.85628485,   82.35261224,
       -172.47968812, -295.6587199 ])
22, array([  25.6861651 ,  -74.22651974, -148.10749886,   60.43753677,
       -195.97987581, -282.11565116])
23, array([  17.62980041,  -80.92263608, -146.88778821,   31.89842058,
       -212.97758003, -273.01295862])
24, array([   8.07006329,  -84.59217642, -147.4961022 ,   -2.67523395,
       -221.37711628, -269.83798051])
25, array([  -1.59785045,  -82.14878819, -150.96682678,  -37.57819067,
       -215.70274189, -274.82273216])
26, array([ -10.06709574,  -76.21741223, -155.39403693,  -68.48815664,
       -202.06263742, -284.07673978])
27, array([ -17.17027511,  -67.0587764 , -160.59302047,  -94.89776328,
       -180.99148388, -297.17843756])
28, array([ -20.6908406 ,  -54.24228343, -166.2685486 , -109.55128356,
       -150.72111482, -313.93910716])
29, array([ -21.50972697,  -40.05834223, -171.33336163, -114.27154665,
       -118.26217001, -330.57958351])
30, array([ -20.33667581,  -25.83036373, -175.54550821, -110.55409046,
        -85.92540721, -346.15815315])
31, array([ -17.19639044,  -12.88650958, -178.31277625,  -96.3607931 ,
        -55.82460925, -359.42285327])
32, array([ -12.69481695,   -2.12701181, -179.12748773,  -76.1665503 ,
        -30.39383305, -369.32036689])
33, array([  -8.20319135,    6.33613368, -178.83119993,  -54.73106561,
         -9.54045662, -376.38827452])
34, array([  -4.15868347,   12.23246084, -177.59223128,  -33.54103335,
          6.24856953, -380.51941539])
