0, array([  13.32226286,   23.89355025, -169.7660778 ,   28.29321777,
         14.95477094, -373.72734832])
1, array([  21.17304305,   32.8557961 , -166.79246003,   48.84266782,
         34.43578711, -368.1416138 ])
2, array([  28.08485831,   43.26319416, -162.96693697,   67.58650321,
         58.5039961 , -360.77458444])
3, array([  33.82669025,   54.99365762, -158.45416024,   83.87061909,
         86.8077446 , -351.76671411])
4, array([  36.55706312,   68.06091661, -153.56013422,   93.05305894,
        119.87185636, -340.85877944])
5, array([  35.38470337,   80.87503576, -149.12283547,   91.53569216,
        153.46956799, -329.49504326])
6, array([  31.09734632,   92.72392262, -145.42457247,   81.29682504,
        185.45337196, -318.5257707 ])
7, array([  23.1298398 ,  103.16813648, -142.77596259,   60.65475438,
        214.79685497, -308.32741659])
8, array([  11.2296111 ,  109.31815408, -142.72123438,   29.63432578,
        235.26872619, -300.80659248])
9, array([  -1.38922899,  112.02553975, -144.62906052,   -3.08679869,
        246.20499815, -297.18869957])
10, array([ -13.97137242,  111.31745602, -148.35077428,  -35.49662907,
        247.29056776, -297.79245671])
11, array([ -24.37374489,  105.66332422, -154.0522927 ,  -61.81217055,
        234.07399324, -305.42610013])
12, array([ -31.34196816,   96.36185865, -160.26232997,  -79.60328577,
        213.5104939 , -316.54882954])
13, array([ -34.84146907,   84.36767417, -166.55979805,  -88.75360899,
        187.28998723, -329.94735107])
14, array([ -33.55749316,   70.0251542 , -172.39137763,  -85.94581358,
        155.65895349, -344.74651079])
15, array([ -27.81403322,   54.17907915, -176.30617617,  -71.64174257,
        119.48984225, -358.67995762])
16, array([ -19.28968984,   37.17604136, -178.71624047,  -50.58911195,
         80.63155226, -370.58524112])
17, array([  -8.21843533,   19.28014601, -179.45417217,  -23.5576043 ,
         39.97344241, -379.54013671])
18, array([   4.26441164,    2.06771054, -177.29505604,    6.95319964,
         -1.09555967, -379.94220953])
19, array([  15.68502167,  -15.06103353, -173.53760983,   33.71609247,
        -42.45226623, -374.49105961])
20, array([  25.64029423,  -32.12649415, -168.40816993,   55.7703521 ,
        -84.12502177, -363.48673382])
21, array([  31.34326283,  -47.99924577, -162.52481171,   66.08215217,
       -123.47266256, -346.4820757 ])
22, array([  32.6112038 ,  -61.70806715, -157.4069336 ,   64.60560478,
       -158.04845546, -329.32326281])
23, array([  30.75960353,  -73.45721558, -153.25382254,   54.79307789,
       -188.40920997, -313.26576008])
24, array([  25.35098168,  -82.61978075, -150.58017274,   35.41141383,
       -213.30784763, -299.52527072])
25, array([  16.86801527,  -87.28730636, -150.64854394,    7.34980872,
       -225.98558598, -292.30776447])
26, array([   7.70498915,  -88.49620914, -152.39903502,  -22.18983412,
       -230.13171341, -289.96686606])
27, array([  -1.84467181,  -86.37107315, -155.69417073,  -52.37498249,
       -226.13878374, -292.36576345])
28, array([  -9.97957839,  -79.61029585, -160.55549155,  -77.82184623,
       -210.36679779, -302.06464923])
29, array([ -15.4800006 ,  -70.93082635, -165.60413526,  -94.9796951 ,
       -188.61885988, -315.15400999])
30, array([ -18.48041837,  -60.85840189, -170.57221929, -104.07695314,
       -163.25103103, -329.97673485])
31, array([ -18.09376366,  -49.08131317, -175.23173606, -101.93253357,
       -134.92242968, -345.55695812])
32, array([ -14.11120681,  -37.62635095, -178.29957119,  -90.05200567,
       -107.38873462, -359.13286552])
33, array([  -9.01238314,  -26.56176386, -180.05384657,  -73.79023648,
        -81.61027636, -370.27362421])
34, array([  -3.48125492,  -16.04042071, -180.46772337,  -54.54033703,
        -58.23072927, -378.58205825])
