0, array([  13.13264826,   16.85075902, -167.26651736,   23.87761024,
          6.82543643, -368.76493859])
1, array([  19.56047203,   23.80210753, -165.66293225,   39.67409076,
         22.67737347, -366.19695973])
2, array([  25.70649989,   31.94417946, -163.50381318,   54.57469554,
         42.28895678, -362.16445516])
3, array([  31.71680571,   41.77816865, -160.60908401,   68.89173117,
         67.04279163, -356.24710819])
4, array([  35.17795053,   53.3589998 , -156.96030089,   76.61579819,
         97.23303454, -347.53054616])
5, array([  36.82639229,   65.50821577, -153.130963  ,   79.82812241,
        129.04257717, -337.86756382])
6, array([  35.60080506,   78.02445562, -149.21894063,   75.95637731,
        161.89904772, -327.26676901])
7, array([  29.85424446,   88.57224708, -146.29443466,   61.16958386,
        190.00521539, -316.83138191])
8, array([  21.84574764,   97.75011074, -144.14721606,   40.99821995,
        214.46599662, -306.96361463])
9, array([  10.70387648,  103.89850434, -143.64554359,   13.51087759,
        230.57872874, -299.02571899])
10, array([  -0.94588233,  105.80945717, -145.23481122,  -14.76550433,
        235.83701014, -296.81006566])
11, array([ -12.42075114,  105.03591326, -148.07912837,  -42.40778859,
        234.17329143, -298.1957346 ])
12, array([ -21.10549932,   99.16896686, -152.86998693,  -63.07705657,
        219.22634688, -306.31772205])
13, array([ -26.17980159,   89.32326523, -158.3765212 ,  -73.8506505 ,
        195.64927439, -317.83610731])
14, array([ -28.4369106 ,   76.83272369, -164.16873158,  -77.13685144,
        166.34294814, -331.33637312])
15, array([ -24.66899976,   60.95985526, -169.04754623,  -65.88086101,
        129.62335597, -345.36254496])
16, array([ -18.04660459,   43.30283327, -172.61333719,  -48.01691285,
         88.98450976, -356.9410318 ])
17, array([  -9.06436528,   24.34437354, -174.99664037,  -24.72942046,
         45.50456913, -366.23675954])
18, array([   1.82982168,    4.98670295, -174.50142923,    1.92723015,
          0.45930537, -367.86739959])
19, array([  12.12207279,  -14.07297399, -172.79044935,   26.37258671,
        -44.64019551, -365.75401482])
20, array([  21.36387624,  -32.16215277, -169.68358353,   47.39009695,
        -88.34960844, -359.24012893])
21, array([  26.2304007 ,  -48.14718163, -165.78774525,   56.10882439,
       -127.45847849, -346.48540105])
22, array([  28.13658103,  -62.08749794, -162.01768747,   57.13569785,
       -162.27367529, -332.39838522])
23, array([  25.80620261,  -72.78286748, -158.64924389,   47.37112708,
       -190.24124901, -317.36111119])
24, array([  19.01940256,  -79.05039906, -157.13510885,   26.4011446 ,
       -208.57360845, -306.69304727])
25, array([  10.84535903,  -82.62527008, -156.69676421,    1.96002105,
       -220.5104839 , -299.4334239 ])
26, array([   1.15178234,  -81.8813628 , -157.9948824 ,  -26.50733016,
       -221.86399628, -298.23259556])
27, array([  -7.71259073,  -77.46188355, -160.75104518,  -52.17709587,
       -212.43413069, -302.99124531])
28, array([ -15.48093131,  -71.08684436, -164.16038314,  -74.73440451,
       -197.09918683, -310.87171527])
29, array([ -20.29354642,  -61.51368766, -168.34997591,  -89.69822081,
       -171.89291594, -323.5088685 ])
30, array([ -22.21458439,  -50.35673665, -172.10502906,  -96.10031701,
       -143.50251062, -336.85612326])
31, array([ -22.1277291 ,  -38.5574853 , -175.41738557,  -96.62499466,
       -113.90866397, -350.1969937 ])
32, array([ -18.17014241,  -27.33052974, -177.26924974,  -86.50823171,
        -85.38004722, -361.63035577])
33, array([ -13.34562001,  -17.57439783, -177.97133958,  -73.27344094,
        -60.78821147, -370.34215557])
34, array([  -7.66449317,   -8.78001905, -177.73189443,  -57.07057788,
        -38.81226573, -377.01845266])
