0, array([ -12.94543017,    5.69340797, -160.23465693,  -30.25601385,
        -15.30527459, -356.31692059])
1, array([  -9.92116197,    7.953679  , -164.04099524,  -23.67525902,
        -13.0678765 , -364.98833602])
2, array([   0.80217331,   11.67866917, -166.60764668,   -3.04022388,
         -5.62436116, -370.4864202 ])
3, array([  17.14817182,   16.53998548, -167.32852362,   29.22638846,
          7.376525  , -372.15728722])
4, array([  37.02509442,   23.26299057, -164.29966005,   71.31301469,
         25.92454576, -365.82641292])
5, array([  54.3928188 ,   31.65930475, -157.58541729,  111.38570229,
         54.23547131, -349.05715047])
6, array([  63.12612044,   42.20570351, -151.04819855,  133.80270765,
         90.0266759 , -329.24054448])
7, array([  61.91414551,   52.16290927, -148.15967253,  133.0874969 ,
        125.10111164, -315.44710839])
8, array([  52.85896915,   58.70318591, -149.30128454,  109.43836906,
        145.38278724, -314.89893986])
9, array([  39.56579316,   61.98483912, -153.57876869,   72.97174027,
        151.2588488 , -324.37279931])
10, array([  25.31721274,   62.44858561, -158.93079965,   33.58857808,
        148.53377567, -337.3437019 ])
11, array([  12.95157735,   64.56554006, -161.8742632 ,    1.33658236,
        148.04423626, -343.71145868])
12, array([   2.14707482,   71.20501547, -161.24625903,  -25.69466202,
        163.39475108, -335.21546184])
13, array([ -10.42045005,   81.59484028, -158.79356668,  -57.24078798,
        190.26182752, -315.53364232])
14, array([ -24.8563633 ,   89.77344318, -156.78953677,  -92.94451499,
        214.14386058, -291.82785626])
15, array([ -38.45156029,   90.93089889, -157.2187762 , -123.94002094,
        218.83190295, -277.36645107])
16, array([ -46.30580615,   83.51052458, -160.67629389, -137.80210669,
        197.52673129, -282.98368806])
17, array([ -47.21428255,   66.75930109, -166.63438488, -129.82899377,
        152.44708583, -306.1381409 ])
18, array([ -42.41256616,   44.89401432, -172.53832946, -109.02519988,
         95.07487845, -336.71738449])
19, array([ -36.69846848,   22.1566031 , -176.68706365,  -94.80237549,
         37.68915248, -362.54880054])
20, array([ -36.24808429,    1.30438325, -178.07796883, -101.9689694 ,
        -14.21635496, -372.89474763])
21, array([ -41.74538292,  -19.18755004, -176.58748927, -127.97221587,
        -62.79929391, -363.78844736])
22, array([ -48.07432603,  -38.18024226, -173.06860773, -152.64425503,
       -109.8469572 , -341.69436297])
23, array([ -47.70832693,  -52.66641449, -169.54690627, -155.77275841,
       -151.86489479, -323.79269642])
24, array([ -39.51614003,  -60.05236563, -167.5194348 , -136.47610653,
       -177.57206816, -317.66875263])
25, array([ -25.23289156,  -58.91416073, -166.58747351, -103.41090391,
       -177.98160119, -324.99588557])
26, array([  -7.68837939,  -52.3765585 , -166.66422353,  -66.29561074,
       -160.2361088 , -340.09733938])
27, array([   8.56772982,  -47.5607095 , -165.36071638,  -31.20205503,
       -146.31258028, -349.06853823])
28, array([  22.33009007,  -48.47038945, -161.35793239,    3.60611825,
       -147.45303739, -344.67334429])
29, array([  33.73764022,  -54.50331529, -155.51706154,   44.01393598,
       -164.67949913, -323.92973234])
30, array([  43.8973657 ,  -57.10773656, -150.27487789,   88.18414795,
       -177.5252541 , -300.40716034])
31, array([  51.21626112,  -50.76028095, -147.32149876,  125.83769518,
       -167.88754641, -285.85831726])
32, array([  53.80105972,  -36.44825838, -148.32302186,  147.43476136,
       -132.52753368, -288.30713059])
33, array([  49.99833114,  -18.16911522, -153.83237813,  140.80528344,
        -82.55696962, -309.5984856 ])
34, array([  39.7665974 ,   -2.28123028, -161.24237746,  111.86558194,
        -38.19508228, -336.52403378])
35, array([  25.20642439,    8.2046411 , -167.95209681,   69.53139192,
         -7.35668692, -360.59003541])
36, array([   9.32379274,   11.02222717, -171.38761793,   27.10239326,
          5.00673441, -372.58509217])
37, array([  -3.6859613 ,   10.73044187, -170.82868709,   -3.77223422,
          6.03717099, -373.48992212])
38, array([ -11.95782578,    9.37993798, -167.69964076,  -20.75945785,
          0.64415082, -367.96099863])
39, array([ -15.43676315,    7.24531096, -164.23548641,  -26.34524756,
         -6.64119504, -361.06997211])
