0, array([  13.96812063,   23.52653445, -166.12342366,   30.68725328,
         27.08621484, -373.11981866])
1, array([  20.44504227,   33.38273905, -163.44286969,   47.41388764,
         50.38987404, -367.08924939])
2, array([  25.88379709,   43.96617908, -160.38749539,   61.60775518,
         76.19318366, -360.01496781])
3, array([  29.84879253,   56.17465165, -156.59337013,   72.24425735,
        107.14664613, -350.94261568])
4, array([  30.09322694,   68.86606523, -153.02224595,   73.36678044,
        140.06595847, -341.00158135])
5, array([  28.44236798,   81.15296727, -149.73237376,   69.52360663,
        172.34913604, -331.03708241])
6, array([  22.01477894,   91.37288766, -147.38997231,   52.7664381 ,
        200.50747991, -321.4847319 ])
7, array([  13.5501794 ,   98.9755782 , -146.48433818,   31.01810165,
        222.16526916, -314.27664853])
8, array([   3.40314706,  104.13233192, -146.87116094,    5.1629063 ,
        237.70526768, -309.26553209])
9, array([  -6.45132178,  103.92407837, -149.80984121,  -20.83332455,
        239.44122607, -311.35056207])
10, array([ -15.05679964,  101.07239892, -153.49013287,  -44.32464168,
        234.7448648 , -316.2635639 ])
11, array([ -20.61185716,   93.31872204, -158.22252965,  -61.42652764,
        218.30384574, -326.02274567])
12, array([ -22.66055372,   81.76232293, -163.09265752,  -69.28815321,
        193.44936243, -338.48086306])
13, array([ -22.58021108,   68.19501277, -167.92319316,  -71.44182085,
        164.00124554, -352.13768839])
14, array([ -17.12539186,   52.48188344, -171.34366021,  -57.95987327,
        127.22954247, -363.65873694])
15, array([ -10.11122099,   36.03680916, -173.88124231,  -38.86614699,
         87.96580716, -372.12296342])
16, array([  -1.09591293,   18.93140352, -175.14774465,  -12.44032592,
         46.09907555, -376.1931398 ])
17, array([   8.35994851,    1.89492553, -173.6600588 ,   15.2817734 ,
          3.09654804, -373.16091816])
18, array([  17.18301221,  -14.57263673, -171.22608993,   41.00212257,
        -39.27058943, -366.96753325])
19, array([  23.59804386,  -30.0343699 , -167.25257341,   59.02021345,
        -81.29898822, -353.7321065 ])
20, array([  27.18736344,  -44.20178129, -162.98259211,   67.62147983,
       -120.387814  , -337.5015077 ])
21, array([  28.67195035,  -57.21245019, -158.56327448,   69.26031827,
       -156.7431766 , -319.34818735])
22, array([  25.07983345,  -66.27733923, -155.86500118,   55.52871266,
       -183.50323837, -303.17629371])
23, array([  20.04071211,  -73.20403617, -154.06319531,   37.18251452,
       -204.96596765, -289.89249796])
24, array([  12.81692943,  -76.33438616, -153.83092501,   11.81538231,
       -216.94525667, -282.13906158])
25, array([   4.99645099,  -76.03139135, -155.25344059,  -16.83431505,
       -218.82293183, -281.10513299])
26, array([  -2.85569591,  -73.80288364, -157.5102586 ,  -46.06825155,
       -215.13013412, -283.72665205])
27, array([  -9.15172216,  -67.0776431 , -161.166087  ,  -69.75106034,
       -199.14591338, -294.09609444])
28, array([ -13.90186685,  -58.35715966, -165.02764465,  -87.6411326 ,
       -178.8091808 , -306.84397929])
29, array([ -16.83267164,  -47.54524809, -169.05363312,  -98.71220247,
       -153.93282204, -322.04429174])
30, array([ -16.89455966,  -36.65807696, -172.46638635,  -96.99515963,
       -127.04393588, -336.67202855])
31, array([ -15.80748309,  -25.89085057, -175.30590564,  -90.75394912,
        -99.86269357, -350.72041194])
32, array([ -12.50578686,  -16.18219529, -176.42127083,  -76.67638501,
        -74.34744272, -362.35054217])
33, array([  -8.69945707,   -8.40126276, -176.44122664,  -60.54212976,
        -53.25743988, -370.39300467])
34, array([  -4.48869559,   -1.60323076, -175.79183026,  -42.74392745,
        -34.3424807 , -376.44407769])
