0, array([  -1.14106845,    7.75635339, -159.06754215,  -26.95043051,
          5.27337281, -342.37760377])
1, array([  -3.18313162,    4.84037732, -159.64563629,  -22.67020204,
         -6.49455183, -346.63198208])
2, array([  -0.40738174,    4.60497373, -159.72283629,  -12.92537368,
        -10.45476877, -349.01335874])
3, array([   5.8864119 ,    6.66031789, -159.3821728 ,    0.62782152,
         -7.61283694, -349.73210787])
4, array([  14.39848001,   10.61658508, -158.70667645,   16.33315046,
          1.02568471, -348.9986036 ])
5, array([  23.82905328,   16.08395057, -157.7793779 ,   32.53438009,
         14.45523725, -347.02322005])
6, array([  32.87836242,   22.67258964, -156.6833078 ,   47.57527732,
         31.67026172, -344.01633133])
7, array([  39.04048873,   30.95607644, -155.86740553,   60.56853331,
         50.91400106, -339.05869656])
8, array([  39.86446933,   36.48115496, -154.25425085,   63.79370605,
         71.59382746, -334.16209546])
9, array([  38.74426507,   44.78543083, -152.58289419,   63.19216824,
         98.00402897, -330.93154678])
10, array([  33.57654876,   54.73537721, -152.36472376,   56.69799225,
        125.42447561, -326.58202331])
11, array([  26.29273153,   57.93937331, -151.93212856,   40.7961736 ,
        143.89464523, -322.38366221])
12, array([  13.23940459,   60.01967528, -152.37882173,   12.75171431,
        151.76238671, -320.83753953])
13, array([  -0.47132267,   60.92131408, -153.86481063,  -17.74202345,
        151.03412789, -322.76440286])
14, array([ -15.93262898,   58.73235056, -156.64386897,  -48.2670846 ,
        145.79011428, -323.85180529])
15, array([ -27.84068053,   53.12731561, -159.92123023,  -78.29309022,
        137.26340639, -326.0880968 ])
16, array([ -36.77220191,   47.60181933, -164.24330004, -104.22193965,
        113.55027716, -330.41270562])
17, array([ -42.98092756,   36.6456019 , -166.88222575, -128.90419597,
         84.10843109, -333.47101639])
18, array([ -46.15777247,   27.65407962, -169.77087207, -134.59634567,
         53.12223442, -336.950531  ])
19, array([ -43.72451206,   15.94468447, -172.41110968, -134.43221362,
         12.56651282, -335.26628273])
20, array([ -41.16350721,   -1.83349531, -173.35314007, -124.91461149,
        -33.9921033 , -334.57797969])
21, array([ -37.40189272,  -13.08779268, -173.69788389, -111.53432342,
        -65.29539464, -333.58549066])
22, array([ -28.96265194,  -23.96695884, -173.48527233,  -90.87940924,
        -93.89895829, -329.48963949])
23, array([ -16.79756601,  -38.18447799, -170.19341086,  -66.22051084,
       -115.72053296, -325.28084825])
24, array([  -7.18847055,  -43.88623707, -167.47543834,  -45.45091872,
       -135.78013774, -322.36120058])
25, array([   2.40184635,  -47.81536626, -165.57537211,  -15.61032305,
       -140.51968064, -319.76236349])
26, array([  10.1513943 ,  -47.36176201, -163.84004655,   13.32013887,
       -130.92029702, -316.54290165])
27, array([  19.97956762,  -42.51661109, -162.05794148,   37.26894824,
       -114.72301727, -317.6465842 ])
28, array([  26.74578092,  -30.81465335, -161.17730901,   55.04124595,
        -95.96849742, -321.67347655])
29, array([  29.91446622,  -22.88863256, -161.42508067,   64.1311812 ,
        -74.26691814, -326.27682239])
30, array([  32.52595388,  -10.71296049, -163.23572001,   74.75615238,
        -48.82266923, -332.68899232])
31, array([  32.98712456,   -2.20592532, -164.46390691,   72.16179508,
        -31.60056292, -336.31464207])
32, array([  27.12158499,    3.18473933, -165.1241161 ,   65.34224824,
        -18.62829338, -342.8786324 ])
33, array([  19.55681429,   10.17801324, -166.13338223,   43.35440178,
         -1.87378758, -349.299146  ])
34, array([  14.09432192,   12.42450695, -166.21176851,   23.34815291,
          7.72097164, -352.44673675])
35, array([   8.81454955,   13.42897672, -165.91159372,    3.97771309,
         14.63659573, -354.19720645])
36, array([   4.13621756,   13.57292406, -165.2202509 ,  -12.43810306,
         19.02789926, -354.42223828])
37, array([   0.47804634,   13.23785046, -164.12513308,  -23.58048094,
         21.04969683, -352.99351545])
38, array([  -1.74124371,   12.80525744, -162.6136333 ,  -27.13060593,
         20.85680301, -349.78272114])
39, array([  -2.1029322 ,   12.65664647, -160.67314458,  -20.76966342,
         18.60403241, -344.66153856])
