[-0.17743171697639173,0.2145206720768783,-0.7750704376192381,-0.0062926898256238165,0.08131319401269745,-0.906534323645908] [-0.028262019758785006,0.23934824202048166,-0.8967737192488947,0.079635259271509,0.06997800530150344,-0.9362443603785895]
[-0.028262019758785006,0.23934824202048166,-0.8967737192488947,0.079635259271509,0.06997800530150344,-0.9362443603785895] [0.18788030447312654,0.342414380336841,-0.6490837937917302,0.24316013266421993,0.12668418724641575,-0.8788909464280605]
[0.18788030447312654,0.342414380336841,-0.6490837937917302,0.24316013266421993,0.12668418724641575,-0.8788909464280605] [0.4725156096810919,0.5006273081401578,-0.2770682693796509,0.4821435606743784,0.24547128295277137,-0.7089719899339855]
[0.4725156096810919,0.5006273081401578,-0.2770682693796509,0.4821435606743784,0.24547128295277137,-0.7089719899339855] [0.7726133690353911,0.6930896857503553,0.2142411284882968,0.7421635596533066,0.43353196868309063,-0.41319378268989126]
[0.7726133690353911,0.6930896857503553,0.2142411284882968,0.7421635596533066,0.43353196868309063,-0.41319378268989126] [0.9879339990646969,0.8986083629460923,0.7305825621452371,0.9319641573995191,0.6883453919555911,-0.012474913392189535]
[0.9879339990646969,0.8986083629460923,0.7305825621452371,0.9319641573995191,0.6883453919555911,-0.012474913392189535] [1.0,1.0,0.9514451329328111,0.9539667714232402,0.9093972381234013,0.267309418264535]
[1.0,1.0,0.9514451329328111,0.9539667714232402,0.9093972381234013,0.267309418264535] [0.8503742520286346,0.9717680449651406,0.7787292586625156,0.8293870988234505,0.9999999999999998,0.27489087221188235]
[0.8503742520286346,0.9717680449651406,0.7787292586625156,0.8293870988234505,0.9999999999999998,0.27489087221188235] [0.613368947158212,0.8780995506032464,0.4211201336778867,0.6232826422185338,0.9527140002267758,0.04238215075479168]
[0.613368947158212,0.8780995506032464,0.4211201336778867,0.6232826422185338,0.9527140002267758,0.04238215075479168] [0.3290059157875787,0.7620051165545337,0.027922843555186816,0.38644221669814005,0.7981967208752572,-0.33835127214189153]
[0.3290059157875787,0.7620051165545337,0.027922843555186816,0.38644221669814005,0.7981967208752572,-0.33835127214189153] [0.03877990613703355,0.6655166514479681,-0.30380254748878777,0.16172386992744756,0.6274865808426394,-0.7106916412757505]
[0.03877990613703355,0.6655166514479681,-0.30380254748878777,0.16172386992744756,0.6274865808426394,-0.7106916412757505] [-0.20317968512357598,0.6244398816748532,-0.4240918949769785,-0.03745005224020139,0.5533644539945676,-0.8300059446750971]
[-0.20317968512357598,0.6244398816748532,-0.4240918949769785,-0.03745005224020139,0.5533644539945676,-0.8300059446750971] [-0.39170002808533894,0.6335833247580912,-0.3381816211703814,-0.2675646463065673,0.5932345890630277,-0.6238793868002865]
[-0.39170002808533894,0.6335833247580912,-0.3381816211703814,-0.2675646463065673,0.5932345890630277,-0.6238793868002865] [-0.5476123565870129,0.6433982902451584,-0.23280359212002288,-0.5699782168979292,0.6714066239596675,-0.27115558238129367]
[-0.5476123565870129,0.6433982902451584,-0.23280359212002288,-0.5699782168979292,0.6714066239596675,-0.27115558238129367] [-0.6766924937403694,0.5812052641416442,-0.24129755601521552,-0.8469131577528959,0.6974311530718252,0.02009705165036202]
[-0.6766924937403694,0.5812052641416442,-0.24129755601521552,-0.8469131577528959,0.6974311530718252,0.02009705165036202] [-0.7271376475939636,0.4369487635010628,-0.31224092314580254,-1.0,0.6187620933832367,0.0993692265266839]
[-0.7271376475939636,0.4369487635010628,-0.31224092314580254,-1.0,0.6187620933832367,0.0993692265266839] [-0.7065901077690487,0.24058966225623968,-0.4359334568570823,-0.973231065337035,0.44688879269869225,-0.05751607769028855]
[-0.7065901077690487,0.24058966225623968,-0.4359334568570823,-0.973231065337035,0.44688879269869225,-0.05751607769028855] [-0.6361108099942,0.023514214697858193,-0.5767546402787715,-0.7815797740752362,0.252209918646995,-0.38313605080092294]
[-0.6361108099942,0.023514214697858193,-0.5767546402787715,-0.7815797740752362,0.252209918646995,-0.38313605080092294] [-0.5640193665299815,-0.18349789238167713,-0.6558932018340862,-0.4928770565936942,0.09154080956889324,-0.7236540256613386]
[-0.5640193665299815,-0.18349789238167713,-0.6558932018340862,-0.4928770565936942,0.09154080956889324,-0.7236540256613386] [-0.5443484445382663,-0.3678263988355584,-0.6069858576785805,-0.2380473410581052,-0.025186395113775427,-0.9286719463485253]
[-0.5443484445382663,-0.3678263988355584,-0.6069858576785805,-0.2380473410581052,-0.025186395113775427,-0.9286719463485253] [-0.6067357158241428,-0.5025363729091818,-0.39555500580624425,-0.1977292875404694,-0.13588610569581733,-1.0]
[-0.6067357158241428,-0.5025363729091818,-0.39555500580624425,-0.1977292875404694,-0.13588610569581733,-1.0] [-0.7409470909011627,-0.5957898122621434,-0.04541488331223498,-0.309175533882043,-0.2729485619500095,-0.8116277480442227]
[-0.7409470909011627,-0.5957898122621434,-0.04541488331223498,-0.309175533882043,-0.2729485619500095,-0.8116277480442227] [-0.8962794110160702,-0.690743097851926,0.36673807742874853,-0.4952495122197954,-0.46525121801045854,-0.42596829813727854]
[-0.8962794110160702,-0.690743097851926,0.36673807742874853,-0.4952495122197954,-0.46525121801045854,-0.42596829813727854] [-0.9998582522549394,-0.8122696701313936,0.7851963332527543,-0.6559163971826484,-0.7086029135941184,0.11049625705877641]
[-0.9998582522549394,-0.8122696701313936,0.7851963332527543,-0.6559163971826484,-0.7086029135941184,0.11049625705877641] [-1.0,-0.8870951907285576,1.0,-0.7284485654415063,-0.913891637850337,0.5646920613759638]
[-1.0,-0.8870951907285576,1.0,-0.7284485654415063,-0.913891637850337,0.5646920613759638] [-0.8761205659922795,-0.8766368835739751,0.860786793611247,-0.6733121400114181,-0.9976440715798857,0.7204455975948454]
[-0.8761205659922795,-0.8766368835739751,0.860786793611247,-0.6733121400114181,-0.9976440715798857,0.7204455975948454] [-0.6720172065853847,-0.8355917203962527,0.5096678854188221,-0.5225682087543403,-0.9435306037973918,0.5258868728099895]
[-0.6720172065853847,-0.8355917203962527,0.5096678854188221,-0.5225682087543403,-0.9435306037973918,0.5258868728099895] [-0.4364140514347194,-0.8061526514832082,0.18945168924678235,-0.32717653976899375,-0.8122686431373154,0.0996270968965236]
[-0.4364140514347194,-0.8061526514832082,0.18945168924678235,-0.32717653976899375,-0.8122686431373154,0.0996270968965236] [-0.21623029844600603,-0.7972392670186647,-0.010728862514238102,-0.12311744474070194,-0.6826255793792784,-0.34362221685198513]
[-0.21623029844600603,-0.7972392670186647,-0.010728862514238102,-0.12311744474070194,-0.6826255793792784,-0.34362221685198513] [-0.038683162164671096,-0.8232036575269999,-0.04656414781383589,0.07449335761695733,-0.6388394672453566,-0.5402992171287693]
[-0.038683162164671096,-0.8232036575269999,-0.04656414781383589,0.07449335761695733,-0.6388394672453566,-0.5402992171287693] [0.11948163076252076,-0.9202405915334002,0.2492033294740459,0.30291690555132006,-0.7644378445693436,-0.15312541900262566]
[0.11948163076252076,-0.9202405915334002,0.2492033294740459,0.30291690555132006,-0.7644378445693436,-0.15312541900262566] [0.2646520336231122,-1.0,0.5694936540509579,0.5560700098066799,-0.9268401009918289,0.45919986867096085]
[0.2646520336231122,-1.0,0.5694936540509579,0.5560700098066799,-0.9268401009918289,0.45919986867096085] [0.40207686589086755,-0.9822071678094961,0.6552443635016987,0.7774501654764008,-1.0,0.8921970993334911]
[0.40207686589086755,-0.9822071678094961,0.6552443635016987,0.7774501654764008,-1.0,0.8921970993334911] [0.5222087028833647,-0.887013098184071,0.4647515233349724,0.9391531622593136,-0.9428640272422931,1.0]
[0.5222087028833647,-0.887013098184071,0.4647515233349724,0.9391531622593136,-0.9428640272422931,1.0] [0.5814826687606125,-0.7321630267343475,0.11907015607315152,0.9999999999999998,-0.7651269199331143,0.7447028988721858]
[0.5814826687606125,-0.7321630267343475,0.11907015607315152,0.9999999999999998,-0.7651269199331143,0.7447028988721858] [0.5007331693473516,-0.5483181502500094,-0.31735565105625874,0.9117937369608243,-0.5283470820018625,0.208655886741429]
[0.5007331693473516,-0.5483181502500094,-0.31735565105625874,0.9117937369608243,-0.5283470820018625,0.208655886741429] [0.29393435899615905,-0.3652651467824857,-0.7221529815772048,0.6972252128015937,-0.30968947059173835,-0.37166062693072544]
[0.29393435899615905,-0.3652651467824857,-0.7221529815772048,0.6972252128015937,-0.30968947059173835,-0.37166062693072544] [0.038197519624122746,-0.23461714586005933,-0.9580986624167611,0.4410007950566723,-0.17471709796447404,-0.7507181467334769]
[0.038197519624122746,-0.23461714586005933,-0.9580986624167611,0.4410007950566723,-0.17471709796447404,-0.7507181467334769] [-0.19138998671919158,-0.16271753085418736,-1.0,0.2341164156609226,-0.11722773127534322,-0.8779452932601606]
[-0.19138998671919158,-0.16271753085418736,-1.0,0.2341164156609226,-0.11722773127534322,-0.8779452932601606] [-0.3385930958396189,-0.13698127932370988,-0.9733435678587394,0.10534997352894149,-0.09644449833718219,-0.9205622271470615]
[-0.3385930958396189,-0.13698127932370988,-0.9733435678587394,0.10534997352894149,-0.09644449833718219,-0.9205622271470615] [-0.3385930958396189,-0.13698127932370988,-0.9733435678587394,0.10534997352894149,-0.09644449833718219,-0.9205622271470615]
