[0.15784174583451405,0.1753215058636456,-0.6773325221958295,0.13202282714917796,-0.03252042001476772,-0.8761640823987911] [0.34091701434041904,0.28009380752241486,-0.7888899068095903,0.353274756798108,0.02896045019721845,-0.9084449459381219]
[0.34091701434041904,0.28009380752241486,-0.7888899068095903,0.353274756798108,0.02896045019721845,-0.9084449459381219] [0.5034468694672073,0.3899122560948415,-0.7364177274603669,0.5299704855970938,0.12369878362080872,-0.8635492508454634]
[0.5034468694672073,0.3899122560948415,-0.7364177274603669,0.5299704855970938,0.12369878362080872,-0.8635492508454634] [0.6372126334622975,0.5009360949778956,-0.558146303210032,0.660342094991579,0.2428771724193945,-0.7580640698894463]
[0.6372126334622975,0.5009360949778956,-0.558146303210032,0.660342094991579,0.2428771724193945,-0.7580640698894463] [0.7339956285731082,0.6093245681943127,-0.29230595510581026,0.7426216667059914,0.37767820888027975,-0.6085764758387029]
[0.7339956285731082,0.6093245681943127,-0.29230595510581026,0.7426216667059914,0.37767820888027975,-0.6085764758387029] [0.7855771766854486,0.7112369189324744,0.022872997294086872,0.7750412823252668,0.5192844852288123,-0.4316735416654742]
[0.7855771766854486,0.7112369189324744,0.022872997294086872,0.7750412823252668,0.5192844852288123,-0.4316735416654742] [0.7837386002275423,0.8028323912151164,0.34916023393511164,0.7558330235040872,0.6588785936903396,-0.24394234013839178]
[0.7837386002275423,0.8028323912151164,0.34916023393511164,0.7558330235040872,0.6588785936903396,-0.24394234013839178] [0.7213372408088421,0.8838839618047739,0.5995683273046417,0.6940162538081863,0.7973028618679511,-0.05884958276942687]
[0.7213372408088421,0.8838839618047739,0.5995683273046417,0.6940162538081863,0.7973028618679511,-0.05884958276942687] [0.5162078236623033,0.9332990681581018,0.7500410904869614,0.5206712930666625,0.9096614794257378,0.09706016618468105]
[0.5162078236623033,0.9332990681581018,0.7500410904869614,0.5206712930666625,0.9096614794257378,0.09706016618468105] [0.27983332194976984,1.0124422767137102,0.8752380772763733,0.3312178831372242,0.9677013781592121,0.16301500441899286]
[0.27983332194976984,1.0124422767137102,0.8752380772763733,0.3312178831372242,0.9677013781592121,0.16301500441899286] [-0.05535943265140223,1.002254360034129,0.8752500479285192,-0.00341987366449132,0.9691116527296408,0.19570713329197442]
[-0.05535943265140223,1.002254360034129,0.8752500479285192,-0.00341987366449132,0.9691116527296408,0.19570713329197442] [-0.32193390327465093,0.91812206376634,0.7631946682034361,-0.25473329702659686,0.9480822653281497,0.17348622863596486]
[-0.32193390327465093,0.91812206376634,0.7631946682034361,-0.25473329702659686,0.9480822653281497,0.17348622863596486] [-0.6282604411155105,0.8138914043198798,0.5422114141034804,-0.49652862897322525,0.8947698559372724,0.07143885728465715]
[-0.6282604411155105,0.8138914043198798,0.5422114141034804,-0.49652862897322525,0.8947698559372724,0.07143885728465715] [-0.7851461350388435,0.7069954630133611,0.2934811502297965,-0.6887215557153182,0.7821728215138246,-0.09594738470054942]
[-0.7851461350388435,0.7069954630133611,0.2934811502297965,-0.6887215557153182,0.7821728215138246,-0.09594738470054942] [-0.8290594057261435,0.5799770886558805,0.03894015917846261,-0.7459655743327241,0.6517993039515975,-0.27515382837508984]
[-0.8290594057261435,0.5799770886558805,0.03894015917846261,-0.7459655743327241,0.6517993039515975,-0.27515382837508984] [-0.8810856111748492,0.4061083999551842,-0.17572797236884163,-0.694270870342967,0.5069624175693416,-0.47434882412789303]
[-0.8810856111748492,0.4061083999551842,-0.17572797236884163,-0.694270870342967,0.5069624175693416,-0.47434882412789303] [-0.8027745431926367,0.23490719205551114,-0.316098181150684,-0.6264702644305381,0.3353544120636979,-0.6407199347936059]
[-0.8027745431926367,0.23490719205551114,-0.316098181150684,-0.6264702644305381,0.3353544120636979,-0.6407199347936059] [-0.6304261598958648,0.060897993488511326,-0.3530471038927967,-0.3658785690052313,0.16687186393558467,-0.7241627772528441]
[-0.6304261598958648,0.060897993488511326,-0.3530471038927967,-0.3658785690052313,0.16687186393558467,-0.7241627772528441] [-0.3423447748858587,-0.116226795297272,-0.3153194018309904,-0.1269936070737318,-0.01898109685748139,-0.6672567298687664]
[-0.3423447748858587,-0.116226795297272,-0.3153194018309904,-0.1269936070737318,-0.01898109685748139,-0.6672567298687664] [-0.12243693931374125,-0.2700386645753383,-0.2465340348586178,0.15004405227657064,-0.18532126355509088,-0.5445837610371438]
[-0.12243693931374125,-0.2700386645753383,-0.2465340348586178,0.15004405227657064,-0.18532126355509088,-0.5445837610371438] [0.13436377674765268,-0.42884444058788695,-0.08491524201040868,0.3037424871056514,-0.36776024902375604,-0.34800481611071454]
[0.13436377674765268,-0.42884444058788695,-0.08491524201040868,0.3037424871056514,-0.36776024902375604,-0.34800481611071454] [0.24450971199262078,-0.5543842505449439,0.12474502741725502,0.5486167979814812,-0.5340245924313665,-0.11058076495347269]
[0.24450971199262078,-0.5543842505449439,0.12474502741725502,0.5486167979814812,-0.5340245924313665,-0.11058076495347269] [0.28310826996472876,-0.7046171742374947,0.3048823754577601,0.6119242695358027,-0.6922220872435858,0.15913916564065822]
[0.28310826996472876,-0.7046171742374947,0.3048823754577601,0.6119242695358027,-0.6922220872435858,0.15913916564065822] [0.26536430780638176,-0.831499411162793,0.48532617030712366,0.574017567133285,-0.8226313496843137,0.4482953651157233]
[0.26536430780638176,-0.831499411162793,0.48532617030712366,0.574017567133285,-0.8226313496843137,0.4482953651157233] [0.18499186261662648,-0.9012002343447388,0.6154320546116727,0.4195853739357329,-0.9054335681559296,0.6852254335989816]
[0.18499186261662648,-0.9012002343447388,0.6154320546116727,0.4195853739357329,-0.9054335681559296,0.6852254335989816] [0.07868352072237803,-0.9584301374271573,0.6373652961518737,0.20378789640496478,-0.9964809386224224,0.9043717188006042]
[0.07868352072237803,-0.9584301374271573,0.6373652961518737,0.20378789640496478,-0.9964809386224224,0.9043717188006042] [-0.0825371798493309,-0.9731070621356251,0.6150901718334154,-0.0042191851598012906,-0.9871101618247157,0.9728119710999756]
[-0.0825371798493309,-0.9731070621356251,0.6150901718334154,-0.0042191851598012906,-0.9871101618247157,0.9728119710999756] [-0.2723637503165154,-0.9716056912840283,0.48243859518283116,-0.20998972494737916,-0.9328676177684593,0.9496839285198435]
[-0.2723637503165154,-0.9716056912840283,0.48243859518283116,-0.20998972494737916,-0.9328676177684593,0.9496839285198435] [-0.4161411218073613,-0.9083698363052392,0.3286519735056457,-0.4520816558082375,-0.8457275963338993,0.7920613235345577]
[-0.4161411218073613,-0.9083698363052392,0.3286519735056457,-0.4520816558082375,-0.8457275963338993,0.7920613235345577] [-0.5071228126177932,-0.8239083094315512,0.11851453575721749,-0.6133837545965962,-0.7173073665564504,0.5956764236761307]
[-0.5071228126177932,-0.8239083094315512,0.11851453575721749,-0.6133837545965962,-0.7173073665564504,0.5956764236761307] [-0.5733397167786136,-0.7057500775084189,-0.10760062198988507,-0.7206118810446653,-0.5768840233437472,0.3515244027805613]
[-0.5733397167786136,-0.7057500775084189,-0.10760062198988507,-0.7206118810446653,-0.5768840233437472,0.3515244027805613] [-0.6126379647358795,-0.5532983055728009,-0.3328429177820471,-0.7581568222629794,-0.43751559508270305,0.07272882118826018]
[-0.6126379647358795,-0.5532983055728009,-0.3328429177820471,-0.7581568222629794,-0.43751559508270305,0.07272882118826018] [-0.6228636858508186,-0.36595615907883305,-0.5403617701619883,-0.7104093651528347,-0.31226010997436215,-0.2275867603531383]
[-0.6228636858508186,-0.36595615907883305,-0.5403617701619883,-0.7104093651528347,-0.31226010997436215,-0.2275867603531383] [-0.6018630103886828,-0.14312680348065107,-0.71330659767243,-0.5617602967550199,-0.21417559640563785,-0.536298780688778]
[-0.6018630103886828,-0.14312680348065107,-0.71330659767243,-0.5617602967550199,-0.21417559640563785,-0.536298780688778] [-0.5474820684339194,0.11578659639337496,-0.8348268183597565,-0.2966004041800694,-0.1563200827634434,-0.8402836794782482]
[-0.5474820684339194,0.11578659639337496,-0.8348268183597565,-0.2966004041800694,-0.1563200827634434,-0.8402836794782482] [-0.5474820684339194,0.11578659639337496,-0.8348268183597565,-0.2966004041800694,-0.1563200827634434,-0.8402836794782482]
