0, array([   8.72372109,   20.15598068, -176.28343533,   -3.74408119,
         12.22976953, -367.44526941])
1, array([  15.60306529,   25.26105487, -174.67747383,    9.08060659,
         22.56830494, -365.78777872])
2, array([  22.50711845,   31.90937275, -172.40926598,   22.13654839,
         36.35162326, -362.88931296])
3, array([  29.7358626 ,   41.35510221, -168.96469376,   36.10825616,
         56.33572322, -357.84213939])
4, array([  34.52969738,   53.31958016, -164.56896984,   46.10714519,
         82.03591724, -350.66024805])
5, array([  37.80035813,   65.91000846, -159.96320982,   53.246077  ,
        109.2366038 , -342.82728417])
6, array([  36.67546072,   78.93836573, -155.37286141,   51.08366734,
        137.77395057, -334.19297629])
7, array([  32.42897019,   90.24712739, -151.24268332,   42.54639489,
        162.88943857, -325.97562252])
8, array([  25.47002443,   99.85170599, -147.58553435,   28.46771948,
        184.5735537 , -318.25572103])
9, array([  14.13474171,  104.67651197, -145.65956052,    6.26634171,
        195.02735901, -313.68768931])
10, array([   2.0081257 ,  106.93775336, -144.79027853,  -17.19006457,
        200.14298106, -311.00839487])
11, array([ -10.69015677,  104.27156295, -146.01785888,  -41.17741835,
        195.34884462, -312.07353334])
12, array([ -21.385368  ,   97.32931366, -148.65372426,  -61.38587881,
        181.50365471, -316.38204914])
13, array([ -30.60278786,   87.91365358, -152.07514206,  -78.7794925 ,
        162.49495579, -322.50882454])
14, array([ -33.17877671,   72.96578606, -156.82813516,  -83.15044284,
        133.21766772, -331.63666319])
15, array([ -32.27708696,   56.51248889, -161.4256729 ,  -80.0468694 ,
        101.47506321, -340.56003452])
16, array([ -26.59976383,   38.33261281, -165.7113616 ,  -66.7038203 ,
         67.00676437, -349.01222692])
17, array([ -15.30156844,   21.6395548 , -168.24862708,  -42.13723951,
         33.63583346, -353.48317206])
18, array([  -2.7335997 ,    5.72079555, -170.02493018,  -14.82944863,
          1.14961054, -355.86243959])
19, array([  10.77752604,   -9.66089823, -170.41310501,   15.42260416,
        -31.31033168, -353.41087928])
20, array([  22.02645799,  -24.64241434, -169.70870402,   40.30391018,
        -64.23331998, -347.72962858])
21, array([  31.46154156,  -39.10319342, -168.2226857 ,   60.90697977,
        -96.98565194, -339.79326054])
22, array([  33.96265619,  -52.05355706, -165.27888387,   65.39738123,
       -126.38290024, -329.14715935])
23, array([  33.18163257,  -63.59621066, -162.37710743,   62.93963016,
       -152.57884556, -319.17531714])
24, array([  26.82179301,  -72.43009032, -159.74783673,   48.83203761,
       -172.60714536, -310.91941777])
25, array([  17.11357156,  -78.10899424, -158.46350113,   27.75742204,
       -184.18221909, -306.46841049])
26, array([   6.0902428 ,  -81.8549691 , -157.92845845,    3.90075724,
       -190.75730252, -304.22613872])
27, array([  -4.77631863,  -80.27749059, -159.05534869,  -20.06390673,
       -184.48776911, -307.43023854])
28, array([ -14.12181777,  -76.15091888, -160.87808892,  -41.16899124,
       -171.76985685, -313.10192864])
29, array([ -21.59642018,  -69.23109542, -163.45129174,  -58.6956844 ,
       -152.02532539, -321.44856672])
30, array([ -23.9925397 ,  -58.74183538, -166.31060077,  -65.37390548,
       -125.79204673, -331.45308021])
31, array([ -24.18901373,  -46.93043225, -169.22159778,  -67.4396184 ,
        -97.71326174, -341.74284422])
32, array([ -19.79935724,  -33.32428677, -171.98441399,  -59.89498936,
        -68.58210506, -351.51060022])
33, array([ -13.96231028,  -21.33330742, -174.46338933,  -48.10235864,
        -43.96653028, -359.23186465])
34, array([  -7.09319242,  -10.02808846, -176.83121316,  -33.41509231,
        -21.49246593, -365.89609773])
