0, array([  -7.28152161,   26.28908634, -177.47441674,  -31.50166817,
          6.43117368, -372.96324169])
1, array([-1.17890762e-02,  3.00425668e+01, -1.75167016e+02, -1.33037261e+01,
        1.38120054e+01, -3.69901276e+02])
2, array([   7.52437901,   34.7866979 , -172.62824834,    5.20658523,
         24.25107371, -366.30877664])
3, array([  16.11204711,   42.15091628, -169.39829242,   25.48568191,
         42.54556211, -361.25484248])
4, array([  23.53277712,   51.08075838, -165.82230745,   42.99544333,
         65.60381043, -355.34589992])
5, array([  30.1703061 ,   61.06138297, -162.01408197,   58.64654038,
         91.85929923, -348.86311077])
6, array([  31.90651026,   71.20964145, -158.60202334,   63.34798572,
        120.83924744, -341.98420363])
7, array([  31.68230163,   81.13773438, -155.33521625,   63.45218782,
        149.72856245, -335.33775652])
8, array([  25.44948023,   89.34340392, -152.74233011,   49.18372434,
        174.92327476, -330.32086675])
9, array([  16.48043004,   94.83614563, -151.35721091,   28.7910027 ,
        193.67679371, -327.51188869])
10, array([   5.00701941,   97.61383054, -151.16370657,    2.7981238 ,
        205.89193027, -326.88576016])
11, array([  -7.01723923,   94.59227326, -153.0616829 ,  -25.80394633,
        204.36531172, -330.06603217])
12, array([ -18.77186592,   89.43135339, -155.63581577,  -54.10333599,
        197.58707146, -334.57574939])
13, array([ -27.34452982,   78.71674006, -159.40673354,  -74.82156856,
        176.26033344, -342.11990368])
14, array([ -32.81387997,   66.95247446, -162.99745583,  -88.06696368,
        151.387514  , -349.54399265])
15, array([ -33.85241319,   53.13158841, -166.46504566,  -90.64594667,
        120.17619457, -357.09224959])
16, array([ -28.63819639,   38.81308553, -168.57278598,  -77.9926209 ,
         87.55232065, -361.72283701])
17, array([ -20.70426031,   24.2744544 , -170.08369609,  -58.73757942,
         54.31379474, -365.05965295])
18, array([  -6.81743169,    9.04067603, -169.6009327 ,  -27.85798579,
         20.20835674, -362.51716046])
19, array([   7.43233119,   -6.38095886, -168.47170295,    3.999719  ,
        -14.38123952, -358.02075421])
20, array([  21.99896601,  -21.65765681, -165.84678084,   36.96273635,
        -48.79528539, -349.04528877])
21, array([  32.98666081,  -36.04616036, -162.53047561,   61.76699658,
        -81.0804831 , -337.48868862])
22, array([  41.88860584,  -50.23566285, -158.6626389 ,   81.80979747,
       -112.82855795, -323.89557791])
23, array([  41.7182079 ,  -61.08814466, -155.18681475,   79.96773607,
       -138.40841451, -310.82949246])
24, array([  38.88176792,  -70.57718257, -152.27637874,   72.03153434,
       -161.12915994, -298.94945736])
25, array([  29.86247102,  -76.16008186, -151.40141997,   50.48559763,
       -175.2518258 , -291.56121351])
26, array([  19.07164145,  -78.85122942, -151.86668883,   24.57385198,
       -183.5239648 , -287.67311785])
27, array([   6.63073531,  -78.51059376, -153.70855446,   -5.41573598,
       -185.61516279, -287.4651715 ])
28, array([  -4.69066077,  -73.55055409, -156.96275515,  -33.51488312,
       -178.25382649, -292.70494758])
29, array([ -15.02264176,  -66.9797231 , -160.52688294,  -59.56179181,
       -167.57729964, -299.56008019])
30, array([ -20.37873186,  -54.76874603, -164.36025058,  -75.07998757,
       -145.65299962, -310.23398442])
31, array([ -22.78947146,  -41.08598943, -167.83841725,  -83.82416348,
       -120.97904191, -321.21107382])
32, array([ -20.81175708,  -25.21034046, -170.78734875,  -82.47532186,
        -92.20820465, -332.63989697])
33, array([ -15.05695026,  -10.84393342, -172.68892341,  -72.62392771,
        -65.80806601, -342.41068962])
34, array([  -7.58080875,    3.22269693, -174.19461409,  -58.96991499,
        -39.78955651, -351.71217708])
