0, array([ 2.33176118e-01,  3.30403327e+01, -1.67211983e+02, -2.26273557e+01,
        3.36526698e+01, -3.63354351e+02])
1, array([  -3.7024765 ,   39.15985938, -166.52315264,  -33.62212087,
         52.79801143, -363.88858954])
2, array([  -5.39558549,   37.68199747, -166.73937994,  -42.87159006,
         45.32200824, -363.45149912])
3, array([  -4.40297431,   32.73041659, -167.22909325,  -45.15943145,
         26.25565261, -362.15520781])
4, array([ 3.30361707e-01,  2.71592823e+01, -1.67358918e+02, -3.54211965e+01,
        4.30955773e+00, -3.59266737e+02])
5, array([  10.94312564,   22.49940006, -166.40146291,   -7.63738148,
        -19.03841299, -352.80539279])
6, array([  21.24941399,   23.77204337, -164.49661776,   22.40328373,
        -19.60411312, -346.62208114])
7, array([  31.80785558,   27.75581145, -162.22661469,   53.60733204,
         -7.89054451, -339.66027894])
8, array([  41.15062423,   34.73511708, -159.75407174,   82.08095625,
         16.18703499, -332.2875831 ])
9, array([  47.86787543,   44.6288451 , -157.30455742,  103.09485234,
         51.72987165, -324.76278291])
10, array([  50.33499079,   56.6840556 , -155.2929011 ,  108.99542386,
         96.2693246 , -317.0366449 ])
11, array([  45.09092675,   66.20413261, -154.64772497,   92.2716712 ,
        138.30827047, -310.58654488])
12, array([  35.22333553,   70.23209023, -155.21914427,   62.94459157,
        166.97881345, -307.70652949])
13, array([  21.63382771,   68.80595535, -156.54954857,   25.09647665,
        178.99670738, -309.00529788])
14, array([   5.55547429,   62.69873865, -158.26467419,  -17.18769443,
        173.73673579, -314.34016573])
15, array([ -10.62450441,   53.25628138, -160.396877  ,  -58.98888349,
        153.3054446 , -322.48895489])
16, array([ -24.43240608,   40.60563888, -161.69444212,  -93.74470722,
        121.79364684, -331.30724433])
17, array([ -35.46393052,   25.85328425, -162.33285043, -121.01221284,
         83.42543624, -339.37657717])
18, array([ -43.43023499,    9.98684803, -162.23292654, -140.08077965,
         40.68078188, -345.42818529])
19, array([ -48.19656195,   -5.84309193, -161.35369422, -150.39982833,
         -3.81359335, -348.24457574])
20, array([ -49.28256606,  -20.01525249, -159.76029926, -149.5871388 ,
        -47.15965324, -345.92851014])
21, array([ -46.15699726,  -31.57113303, -158.15836062, -138.41126168,
        -84.77368565, -337.36812382])
22, array([ -40.15417696,  -41.27410862, -157.00925545, -118.16951638,
       -117.27778175, -325.45210795])
23, array([ -31.5279303 ,  -48.59273542, -156.37051368,  -89.1552352 ,
       -144.10409378, -312.68565735])
24, array([ -20.62052418,  -52.83510152, -156.2088996 ,  -52.57060146,
       -164.34547768, -301.66735895])
25, array([  -8.59422306,  -52.71510033, -156.67363149,  -13.14926696,
       -173.14060005, -295.4730484 ])
26, array([   4.33337018,  -47.85089979, -157.57521414,   24.87371732,
       -166.98916758, -293.6176438 ])
27, array([  17.2396862 ,  -40.44178544, -158.70704269,   59.39833243,
       -149.24486555, -295.55146522])
28, array([  28.83509284,  -31.10867418, -160.04235077,   87.2259425 ,
       -122.22632002, -301.1628161 ])
29, array([  37.61227869,  -20.24589193, -161.58687535,  104.82190018,
        -88.79239888, -310.20246729])
30, array([  41.0557674 ,   -9.46651226, -163.23361896,  106.59854958,
        -52.76375735, -322.09636468])
31, array([  39.82406261,   -0.4871174 , -164.89669397,   96.31852748,
        -20.74828809, -333.9792314 ])
32, array([  34.90260229,    6.39549033, -166.37015512,   77.43332547,
          5.5501784 , -344.35389575])
33, array([  27.20825101,   10.89991968, -167.65407752,   53.01082778,
         24.957326  , -352.64594548])
34, array([  17.89910222,   12.86587538, -168.84863183,   26.60846989,
         36.80111291, -358.79382682])
35, array([   8.26900669,   12.45187128, -169.68482193,    1.52560438,
         40.07111745, -362.79241077])
36, array([  -0.74402623,   10.20232789, -170.28966643,  -20.39962163,
         37.27329367, -365.24358642])
37, array([  -8.08928142,    7.25354519, -170.49506279,  -37.24337846,
         30.9736092 , -366.31003053])
38, array([ -13.21966277,    4.2486183 , -170.30280532,  -48.12683278,
         23.32853783, -366.31046458])
39, array([ -15.98787204,    1.53168225, -169.86098276,  -53.08183323,
         16.49965833, -365.76332128])
