0, array([ -16.38356903,   16.52493929, -175.8764111 ,  -27.97315114,
        -21.43749852, -368.70310143])
1, array([   2.5995351 ,   21.90108996, -172.16806746,    5.35859891,
          8.45745562, -363.1333426 ])
2, array([  18.88908657,   29.64354454, -168.29082715,   34.6555533 ,
         39.09222503, -356.58590878])
3, array([  32.24925792,   38.96496333, -164.47463361,   59.0612488 ,
         69.21676763, -349.62447409])
4, array([  42.44422168,   49.07800662, -160.94943027,   77.71922222,
         97.58104135, -342.81271264])
5, array([  49.23815041,   59.19533469, -157.94516056,   89.77301035,
        122.93500414, -336.71429854])
6, array([  52.39521665,   68.52960784, -155.69176793,   94.36614996,
        144.02861391, -331.89290593])
7, array([  50.75581534,   75.53240072, -155.77504335,   89.65491754,
        159.21400337, -330.78675053])
8, array([  44.52067469,   81.3024648 , -156.81225487,   73.46125246,
        161.84869064, -331.46085864])
9, array([  33.9652279 ,   81.1024907 , -157.61110735,   43.65595307,
        163.4282504 , -335.45868687])
10, array([  18.16332791,   80.13036824, -158.78350891,    3.88069692,
        156.15440494, -339.24416927])
11, array([   2.58697669,   75.70110609, -160.70065427,  -37.44708456,
        145.04389083, -342.69202098])
12, array([  -9.07234529,   71.66586659, -162.9670728 ,  -72.76495125,
        134.71218793, -345.26571845])
13, array([ -19.53297066,   64.64674642, -164.65840621,  -99.79376004,
        124.66306078, -346.56636628])
14, array([ -25.32244226,   56.52357893, -166.40806983, -109.10847577,
        118.55235318, -347.48915209])
15, array([ -28.15594988,   45.66807249, -167.14338583, -116.46762455,
        107.99938015, -348.21169737])
16, array([ -28.63545644,   33.54105794, -167.84719755, -114.64899498,
         92.50054584, -350.90843646])
17, array([ -28.1029819 ,   18.93397049, -167.58633268, -107.50440294,
         70.91661428, -353.42318121])
18, array([ -29.90425753,    3.90175533, -166.62755016,  -98.92590978,
         41.71108656, -356.33111847])
19, array([ -31.45421808,  -10.76140468, -165.91033412,  -95.20571028,
         12.34796745, -355.82805019])
20, array([ -33.77652037,  -24.37416634, -163.56235339,  -93.66345212,
        -21.85107722, -352.32190643])
21, array([ -38.09401941,  -34.04743237, -160.78158719,  -97.05150291,
        -51.00609998, -345.79831418])
22, array([ -41.29003535,  -38.87546763, -158.2828656 ,  -98.98267703,
        -75.20156943, -339.0196877 ])
23, array([ -40.84416791,  -43.50119758, -156.62990842, -100.89684945,
        -89.05960287, -332.03998491])
24, array([ -38.90744632,  -46.83999418, -155.16574854,  -91.67903998,
       -103.72601305, -327.41228331])
25, array([ -33.01130259,  -48.8615656 , -154.38897887,  -80.56038081,
       -109.02289202, -330.47525409])
26, array([ -22.92273375,  -50.15058523, -154.73115001,  -55.63579808,
       -116.51010575, -327.67085184])
27, array([ -10.49457258,  -49.85747163, -155.15073127,  -29.13137818,
       -124.24945418, -323.60798358])
28, array([   2.21006736,  -52.8647498 , -154.98299115,    2.74906322,
       -127.15986923, -318.78601447])
29, array([  12.99079424,  -54.12832778, -154.62951932,   37.69472839,
       -133.22171603, -315.3219102 ])
30, array([  25.27960397,  -51.13890228, -154.93839083,   63.36322039,
       -136.26613296, -310.94968171])
31, array([  34.34883777,  -49.24856986, -155.30031029,   84.59368348,
       -134.94973657, -306.12974279])
32, array([  39.01695481,  -43.69313613, -156.70152431,   95.32529244,
       -126.22475413, -305.41680492])
33, array([  39.59882765,  -33.5295007 , -158.54056083,   99.17810159,
       -111.79259602, -306.75546123])
34, array([  39.03483408,  -21.54222596, -161.31563303,   94.06516755,
        -83.87095799, -315.83661014])
35, array([  35.44617705,   -9.08841178, -164.31343484,   82.20731254,
        -53.79925208, -326.55069836])
36, array([  28.5714518 ,    2.8834139 , -167.32863159,   64.10233428,
        -24.518996  , -337.64371149])
37, array([  18.14925357,   13.42472309, -170.1558886 ,   40.24803054,
          1.02829259, -347.86163513])
38, array([   3.91817761,   21.58698786, -172.58987121,   11.14219905,
         19.90109599, -355.95045487])
39, array([ -14.38318084,   26.42168023, -174.42524476,  -22.71736243,
         29.15789653, -360.65615632])
