0, array([  -1.31080304,   12.6734108 , -172.22589459,  -18.18696708,
          2.30180462, -351.91262763])
1, array([   9.77030256,   25.9722527 , -172.82701745,   11.6826139 ,
         13.20883547, -356.04883925])
2, array([  19.63000455,   39.07614429, -171.40879289,   34.26646025,
         31.8203114 , -356.32809615])
3, array([  27.92520611,   51.68351693, -168.47049099,   49.91566263,
         56.01698873, -353.5512974 ])
4, array([  34.31281045,   63.492802  , -164.51138184,   58.98131174,
         83.67962378, -348.51934207])
5, array([  38.44972075,   74.20243088, -160.03073554,   61.81449827,
        112.68897288, -342.03312924])
6, array([  39.99284022,   83.51083493, -155.52782216,   58.76631289,
        140.92579233, -334.89355798])
7, array([  36.91004932,   91.86788038, -152.86384626,   51.80207222,
        161.93124355, -328.08460262])
8, array([  30.25069137,   96.82544767, -150.5893881 ,   31.99637858,
        181.71015652, -323.08169522])
9, array([  19.83887676,   99.70150863, -149.38174929,   10.30930139,
        194.40129778, -319.00132843])
10, array([   8.31169749,   99.12750826, -148.67828044,  -12.49417035,
        199.32214949, -319.96833879])
11, array([  -3.98797684,   98.48547626, -148.74977347,  -31.37645728,
        193.91668811, -320.80278271])
12, array([ -13.55703026,   93.98354763, -150.56345867,  -44.17737994,
        178.10135944, -324.74189096])
13, array([ -20.95577926,   85.5887034 , -153.24242141,  -56.93526145,
        162.62632667, -331.07651343])
14, array([ -25.82399946,   75.29338834, -157.73062473,  -64.6743792 ,
        134.05205668, -338.07632315])
15, array([ -25.24937266,   62.95767492, -161.67144889,  -62.36948926,
        100.05595829, -345.03263748])
16, array([ -23.21837882,   46.47083665, -165.54991505,  -49.17324965,
         61.94506605, -351.66012781])
17, array([ -15.9700065 ,   27.88536098, -164.67549304,  -38.02748089,
         28.92303828, -353.20303577])
18, array([  -5.28327855,    7.19637193, -165.72592448,  -21.19255989,
         -4.55188825, -349.6899444 ])
19, array([   4.36410747,  -11.66558169, -166.58057082,   -3.35827979,
        -41.0510401 , -344.54057118])
20, array([  13.12178011,  -29.61210965, -166.30369134,    6.48193714,
        -71.69568569, -337.29775339])
21, array([  20.39452948,  -44.35289042, -164.53525157,   25.88703774,
        -97.33707999, -327.50149331])
22, array([  21.12839419,  -56.35116662, -162.05880137,   29.87813903,
       -126.1803211 , -320.90962264])
23, array([  20.6987137 ,  -67.83738703, -158.90676229,   36.95098672,
       -147.50326445, -312.91980316])
24, array([  16.08271736,  -74.00176851, -156.41323539,   32.80029826,
       -163.55417215, -304.98034908])
25, array([   9.68525382,  -78.14719909, -155.23572188,   20.98103736,
       -164.68431465, -301.64354693])
26, array([  -0.8597223 ,  -77.66788362, -155.25219759,   -1.34079317,
       -170.11533339, -301.0538847 ])
27, array([  -8.15738313,  -73.70034171, -155.99582128,  -17.03537245,
       -164.56441019, -304.40623656])
28, array([ -16.4394587 ,  -70.41778524, -158.24652114,  -35.18718145,
       -149.32179091, -308.82848239])
29, array([ -21.10867699,  -64.35126707, -160.48964277,  -53.81409526,
       -129.14088482, -313.82419845])
30, array([ -23.77829126,  -55.77818109, -163.29322718,  -67.73323916,
       -106.87211267, -320.4141991 ])
31, array([ -24.1387317 ,  -44.55318445, -166.60879154,  -74.32618414,
        -84.53796997, -328.64934362])
32, array([ -21.88042854,  -30.53093428, -170.38785305,  -70.97450121,
        -64.16095226, -338.58049132])
33, array([ -16.69381199,  -13.56608775, -174.58192887,  -55.05976136,
        -47.76355507, -350.25850149])
34, array([  -8.26931224,    6.486698  , -179.1425362 ,  -23.96353559,
        -37.36827392, -363.73423342])
