0, array([   5.49623339,   20.59144803, -167.09722325,  -20.0206883 ,
          7.41287313, -353.72762606])
1, array([   7.56255163,   19.37557363, -167.37540301,  -16.79911149,
          2.7545289 , -354.14601521])
2, array([  10.65077534,   19.09946485, -167.26558794,  -10.24009627,
         -0.42004234, -354.01065786])
3, array([  15.14594979,   20.00991354, -166.65817976,    0.7924292 ,
         -1.81549239, -353.16587114])
4, array([  22.06481462,   22.73042552, -165.17304692,   17.83163469,
          3.46101342, -350.75871459])
5, array([  29.52776969,   26.36029379, -163.40479482,   36.04328488,
         12.13434306, -347.8143581 ])
6, array([  37.80984437,   31.57878388, -161.20122588,   55.89756336,
         26.53596582, -344.03411012])
7, array([  44.76836151,   37.7679713 , -159.30146919,   72.51173603,
         46.15250574, -339.88616609])
8, array([  50.6386353 ,   44.44033738, -157.61492122,   86.59366865,
         68.71652896, -335.54114489])
9, array([  53.21160396,   51.32975297, -156.56069421,   93.17509766,
         94.98781236, -331.2031814 ])
10, array([  51.71261901,   57.31587875, -156.0292546 ,   90.7212841 ,
        120.27740153, -327.61784918])
11, array([  47.46443164,   62.67972396, -155.85976612,   82.14625713,
        144.90941764, -324.5616428 ])
12, array([  38.2688115 ,   65.05228774, -156.63086041,   62.10630414,
        161.31114302, -323.73402859])
13, array([  27.36038046,   65.40296083, -157.67144449,   38.06623401,
        170.17334251, -324.42031634])
14, array([  14.55304847,   63.89749103, -158.99110844,    9.63327982,
        172.33420223, -326.52404881])
15, array([   0.80654778,   58.73138815, -160.79438053,  -19.93620569,
        159.95573062, -330.63198871])
16, array([ -12.08261011,   52.66333348, -162.35983247,  -47.508732  ,
        143.40165612, -334.97822396])
17, array([ -24.11619344,   45.23773529, -163.59809577,  -73.06030383,
        120.85171807, -339.72321567])
18, array([ -33.11663054,   36.3520232 , -164.08655069,  -92.79929377,
         94.62273803, -343.16016382])
19, array([ -40.31573972,   27.07699279, -164.27784594, -108.85487226,
         67.10286394, -345.66783074])
20, array([ -44.73172549,   17.00144922, -164.07611387, -119.10416587,
         36.54442974, -346.55093658])
21, array([ -46.43671802,    6.56954799, -163.80585312, -123.14607928,
          5.6783461 , -344.87651091])
22, array([ -46.5442345 ,   -4.12821487, -163.45479495, -123.52037687,
        -25.62006314, -341.60156056])
23, array([ -43.55674183,  -14.33293775, -162.8447324 , -116.73977295,
        -55.11808646, -335.27642984])
24, array([ -38.96706787,  -23.53085041, -162.0936885 , -105.68808827,
        -81.59627106, -327.93024839])
25, array([ -33.09300057,  -32.18131459, -161.23082434,  -91.19565546,
       -106.44029551, -319.76795361])
26, array([ -24.77199513,  -38.18638279, -160.39558279,  -69.04150555,
       -124.22482415, -312.82695838])
27, array([ -16.03654492,  -42.20853357, -159.71421332,  -45.75402456,
       -136.77504697, -307.88133146])
28, array([  -6.57637264,  -44.20948565, -159.17803072,  -20.5036836 ,
       -144.05092783, -304.94124156])
29, array([   1.85396746,  -43.24768351, -159.23806674,    1.81835729,
       -141.3665603 , -306.16031078])
30, array([   9.1012055 ,  -40.98280286, -159.62482341,   20.80973913,
       -134.36002562, -309.05757579])
31, array([  14.70679112,  -36.7566045 , -160.51801869,   35.12459949,
       -120.88955165, -314.42769436])
32, array([  17.4772343 ,  -30.55635695, -161.77213424,   42.13072506,
       -102.25337014, -321.71286612])
33, array([  18.71439543,  -23.94748445, -163.10344387,   45.25625019,
        -82.62883745, -329.45681527])
34, array([  17.37703568,  -17.16114687, -164.48283113,   41.96905952,
        -62.64910856, -337.65454141])
35, array([  14.39006517,  -11.48305629, -165.81140399,   34.47567   ,
        -45.85222491, -344.61222747])
36, array([  10.50544742,   -6.40131244, -167.10963568,   24.65628629,
        -30.88196132, -350.82486622])
37, array([   6.21200504,   -2.82145301, -168.13908859,   13.49684949,
        -21.15633553, -354.67633634])
38, array([ 2.47243921e+00, -1.41367202e-01, -1.68911573e+02,  3.67628320e+00,
       -1.43301324e+01, -3.57116405e+02])
39, array([  -0.93311664,    1.90426676, -169.50305541,   -5.35802134,
         -9.59735537, -358.51353578])
