0, array([   8.80237663,   17.4808821 , -175.55516657,   -4.199548  ,
          8.05272701, -364.20562979])
1, array([  17.48170912,   23.18377593, -173.93658207,   11.6799101 ,
         19.05872723, -363.13027157])
2, array([  26.40297671,   31.14646421, -171.5740379 ,   28.20079669,
         35.26727784, -360.50372243])
3, array([  35.64717677,   41.52120685, -168.43028253,   45.50711982,
         57.01845389, -356.28226544])
4, array([  42.01420334,   54.58234118, -164.51267931,   57.71631941,
         85.9160483 , -349.850173  ])
5, array([  45.43855949,   68.37853801, -160.39163681,   64.08850191,
        116.99560767, -342.42240494])
6, array([  45.92074483,   82.1215154 , -156.2733704 ,   64.68916239,
        148.51641859, -334.39312903])
7, array([  39.79217821,   92.95304201, -152.73668842,   52.78026673,
        175.23779563, -326.03531172])
8, array([  29.91947898,  100.23934323, -150.21875342,   33.47791841,
        193.21081665, -319.34938003])
9, array([  17.00811212,  104.56239948, -148.57792472,    8.36019023,
        203.96426754, -314.19514227])
10, array([   1.53296741,  103.23912251, -148.7994054 ,  -20.60397166,
        201.41018365, -313.12408571])
11, array([ -12.80048722,   97.97089524, -150.50509322,  -47.28269106,
        190.0528957 , -315.35836292])
12, array([ -25.7264038 ,   89.59693225, -153.30090101,  -71.14414475,
        171.71687016, -320.07501956])
13, array([ -33.33772089,   77.14297113, -157.30511163,  -84.59810295,
        144.01024492, -327.91112264])
14, array([ -34.92407345,   61.69419891, -161.40380725,  -86.65343819,
        112.17798818, -336.77346642])
15, array([ -32.23886953,   45.02814594, -165.12967869,  -80.55452764,
         79.04532316, -345.34740579])
16, array([ -23.61560808,   27.342867  , -167.6720339 ,  -62.86308719,
         44.96922879, -351.94828988])
17, array([ -11.29820615,   10.6964243 , -169.19322488,  -37.3067838 ,
         12.60384996, -355.31059674])
18, array([   2.40830617,   -4.97322344, -169.7921431 ,   -8.77710056,
        -18.03321615, -356.07077148])
19, array([  17.14845279,  -19.7661703 , -168.82912268,   21.96258644,
        -47.15281266, -352.72401232])
20, array([  28.24797511,  -33.89397209, -166.65853065,   45.75173338,
        -75.56966676, -345.51626675])
21, array([  35.97424902,  -47.63602641, -163.7964757 ,   62.99413546,
       -104.48565895, -336.30993334])
22, array([  37.81511715,  -60.15310037, -160.25110007,   68.62148447,
       -133.38272715, -325.40460887])
23, array([  32.58935295,  -69.72977697, -157.19731391,   60.62258027,
       -156.79824108, -315.59232005])
24, array([  23.92952056,  -76.82934262, -154.9319499 ,   45.34171455,
       -174.64107769, -307.72429503])
25, array([  11.28222616,  -80.78936109, -153.84977847,   21.18789489,
       -185.03956497, -302.7156026 ])
26, array([  -2.35745899,  -79.25766236, -154.68362514,   -6.46077624,
       -182.95540592, -303.12852341])
27, array([ -14.85043292,  -74.95558297, -156.4431433 ,  -32.70209326,
       -174.373352  , -306.48326015])
28, array([ -25.80017602,  -67.47897465, -159.25650863,  -56.92432267,
       -158.30911122, -313.25876013])
29, array([ -31.24446115,  -55.78763143, -162.68277704,  -70.17147702,
       -134.31105172, -322.74265502])
30, array([ -33.03510882,  -42.09494346, -166.26133004,  -75.91277719,
       -106.87397995, -332.82642836])
31, array([ -30.6547871 ,  -26.75437584, -169.8454026 ,  -72.97674915,
        -76.81772812, -343.03450167])
32, array([ -23.75145843,  -12.42091264, -172.83640268,  -60.1014025 ,
        -48.66752303, -351.83482267])
33, array([-1.63965626e+01, -3.22808175e-01, -1.75158561e+02, -4.59694681e+01,
       -2.53028095e+01, -3.58886185e+02])
34, array([  -8.57137919,    9.74334851, -176.84910293,  -30.57567678,
         -6.38025617, -364.3080859 ])
