0, array([ -33.22366153,   15.34387032, -168.89706697,  -78.30290431,
         16.97921077, -368.12522085])
1, array([ -37.528893  ,   19.03647415, -168.9407282 ,  -85.79942193,
         29.34194951, -367.57734309])
2, array([ -36.20070421,   16.23906727, -169.35013883,  -84.64178893,
         23.02703243, -368.03788573])
3, array([ -31.14765192,   10.60393854, -169.71814591,  -76.7318263 ,
          7.90770487, -368.53829652])
4, array([ -23.14397748,    4.74981399, -169.68496783,  -61.78883796,
         -8.83514227, -368.06125963])
5, array([  -7.30953888,   -1.56421674, -168.70009278,  -26.59794639,
        -27.56953421, -364.23892127])
6, array([   7.57217822,   -2.71315141, -166.89472526,    8.90387016,
        -31.73849499, -358.27440217])
7, array([ 2.24231068e+01, -2.60263811e-01, -1.64475435e+02,  4.44645892e+01,
       -2.47808232e+01, -3.50570100e+02])
8, array([  37.22640131,    5.54020442, -161.52876987,   79.0931955 ,
         -7.21527608, -341.23119041])
9, array([  49.1782241 ,   15.2173644 , -158.39579327,  105.80080071,
         22.0457451 , -331.10896959])
10, array([  55.95071767,   28.36293013, -155.80414211,  119.3145544 ,
         62.17220201, -320.57776422])
11, array([  56.87392084,   41.54781157, -154.22269703,  117.72221879,
        104.8179263 , -310.80586891])
12, array([  51.98363536,   53.28169117, -153.7805895 ,  100.99599626,
        146.32496961, -302.70124145])
13, array([  41.78886229,   61.46165791, -154.58745696,   70.57824173,
        180.71153457, -297.75549306])
14, array([  26.85997679,   63.54943403, -156.39595302,   30.06160567,
        192.39198302, -299.81046119])
15, array([  10.13537574,   61.49632337, -158.92874125,  -13.41908426,
        187.4698334 , -305.98001605])
16, array([  -6.93027752,   55.61473713, -161.64377987,  -55.74471897,
        169.16783671, -314.87876775])
17, array([ -23.57667443,   46.12987093, -164.14401577,  -95.02680571,
        139.81001413, -325.34694829])
18, array([ -36.35846304,   33.53496901, -165.61653577, -124.88185454,
         99.70466597, -334.39341685])
19, array([ -44.90857888,   18.48406226, -166.12581059, -145.09841178,
         52.80891717, -340.66043037])
20, array([ -49.32377656,    3.2333747 , -165.90952602, -155.30650376,
          4.41413566, -343.85180913])
21, array([ -49.77600988,  -11.54455151, -165.08611226, -155.28321438,
        -43.80700997, -343.5276739 ])
22, array([ -46.11807071,  -24.2885428 , -163.78525501, -143.49703119,
        -86.3597197 , -338.32487542])
23, array([ -38.9742731 ,  -34.4523351 , -162.70300016, -122.37133084,
       -120.16783709, -328.49995077])
24, array([ -29.80408476,  -42.16352488, -161.4965777 ,  -94.47775642,
       -145.6815941 , -318.18947418])
25, array([ -18.61410227,  -47.12761479, -160.35581212,  -59.72002077,
       -163.26179453, -308.89209239])
26, array([  -5.8753606 ,  -48.64580653, -159.66023671,  -19.74557989,
       -172.27444492, -302.45297046])
27, array([   8.02302339,  -43.94581666, -158.95206221,   19.9683546 ,
       -163.90778263, -300.81652445])
28, array([  21.02765528,  -35.20186403, -158.41813873,   54.37928992,
       -142.51996248, -302.62480973])
29, array([  31.86546894,  -23.92943585, -158.12526942,   80.29829429,
       -112.85929434, -307.32395848])
30, array([  39.91425748,  -11.11893312, -158.12206449,   96.45242058,
        -78.27800014, -314.50597543])
31, array([  42.98108884,    1.3667766 , -158.5987305 ,   98.75849605,
        -44.33534805, -323.72599865])
32, array([  42.57086451,   12.36303594, -159.42865114,   91.83646804,
        -14.98835104, -333.69473934])
33, array([  39.10112445,   21.10681247, -160.46466477,   78.25870489,
          7.68563311, -343.00063837])
34, array([  32.97685134,   27.45830002, -161.70501044,   59.3910266 ,
         23.30039235, -351.19052851])
35, array([  25.37381848,   30.69889395, -163.16388141,   38.26617218,
         30.02307138, -357.22353735])
36, array([  17.26699632,   31.38806083, -164.25612652,   19.09169647,
         30.38464675, -361.20423637])
37, array([  10.27295058,   30.89771255, -165.41555352,    4.07921237,
         28.1050994 , -363.59547138])
38, array([   4.75827462,   29.92402528, -166.46122513,   -6.70539244,
         24.85625825, -364.77131232])
39, array([   1.26359878,   29.2169007 , -167.01611057,  -12.9128617 ,
         22.4216951 , -365.08292658])
