0, array([ -16.64744447,   23.31856947, -168.73340642,  -56.8543254 ,
         34.83292939, -362.56665472])
1, array([ -18.86927209,   29.25062201, -168.18127824,  -58.50092957,
         46.26114112, -361.06464202])
2, array([ -19.19364125,   29.23246619, -168.24577688,  -59.49660657,
         45.71473111, -361.30797361])
3, array([ -17.57630584,   25.46795604, -168.58855874,  -58.30043785,
         37.58736163, -362.29009091])
4, array([ -13.4903442 ,   19.4811931 , -168.90986304,  -52.68496743,
         24.64056609, -363.07795942])
5, array([  -2.90652493,    9.99307717, -168.86053369,  -33.96669004,
          2.35835414, -362.29027705])
6, array([   8.33057469,    4.85840749, -168.28613113,  -10.5015421 ,
        -12.0172374 , -359.27237897])
7, array([  20.96248648,    3.10214522, -166.79418752,   17.41510682,
        -20.29353997, -354.49254038])
8, array([  35.16444103,    4.69060487, -164.27254909,   49.41791873,
        -22.07164676, -348.21353229])
9, array([  49.13946955,   10.71875004, -160.9752592 ,   81.30485278,
        -13.37498777, -341.31305521])
10, array([  59.94118707,   22.79834738, -157.17851594,  107.17900567,
         10.19571327, -334.16321039])
11, array([  66.37402388,   37.37681439, -154.0336991 ,  122.70724735,
         42.47843284, -327.50255411])
12, array([  67.77236002,   52.73217417, -151.86512724,  126.1038557 ,
         80.55039523, -321.79710306])
13, array([  63.41149598,   66.23473638, -151.0325366 ,  115.62813653,
        119.19044296, -317.88414481])
14, array([  51.50272013,   73.14901836, -152.21580224,   86.2459834 ,
        147.32266409, -318.00256566])
15, array([  36.23193646,   74.84350251, -154.24906333,   49.31758973,
        163.37649673, -320.93601916])
16, array([  19.33437222,   71.62506731, -156.98596564,    8.95833001,
        166.42412107, -325.9409509 ])
17, array([   1.65867058,   63.97960019, -160.29184366,  -32.76989442,
        156.77161899, -332.4256037 ])
18, array([ -14.89917378,   53.03833035, -163.27048127,  -70.71052614,
        135.80715091, -339.18721441])
19, array([ -28.57681166,   40.42426263, -164.96365301, -103.10800746,
        106.54675356, -344.60870429])
20, array([ -38.90571267,   27.17000771, -165.63508013, -128.2924534 ,
         72.21353348, -348.25566836])
21, array([ -45.91247445,   13.51702181, -165.32899639, -145.56763756,
         33.37047485, -349.38254246])
22, array([ -48.86696379,    0.76358118, -163.82602855, -151.49152871,
         -7.34741146, -345.8288415 ])
23, array([ -47.41834221,  -11.31135396, -161.75267494, -146.16489863,
        -47.78107266, -336.34753556])
24, array([ -42.89062645,  -23.36617175, -159.55944646, -132.72856682,
        -87.0962936 , -323.62094713])
25, array([ -35.43209251,  -34.85707407, -157.46063148, -110.53310086,
       -124.04818129, -309.24669443])
26, array([ -25.4987508 ,  -44.24340479, -155.79230045,  -79.63149304,
       -154.85464362, -295.78398044])
27, array([ -12.9972922 ,  -48.09348026, -154.97230892,  -37.54858249,
       -169.94427309, -286.2387703 ])
28, array([-2.67632384e-01, -4.80211464e+01, -1.54823350e+02,  5.46535156e+00,
       -1.71026417e+02, -2.81667442e+02])
29, array([  11.27474086,  -44.31488143, -155.54946141,   43.87996108,
       -158.28586612, -282.72888167])
30, array([  20.79841508,  -37.2670822 , -157.29558525,   74.3908754 ,
       -132.41547273, -289.63556568])
31, array([  25.46795712,  -27.31799161, -160.08051167,   87.94088145,
        -96.69991265, -302.08305153])
32, array([  25.79296477,  -17.5371894 , -163.02321394,   87.43855244,
        -61.04405899, -317.10098715])
33, array([  22.77547993,   -8.91914141, -165.7052477 ,   76.89539984,
        -29.64041334, -331.76199118])
34, array([  17.00955821,   -1.75496396, -167.9823333 ,   58.12948619,
         -3.74270541, -345.00481163])
35, array([   9.57451336,    3.04844354, -169.52677317,   33.66065931,
         13.3581655 , -354.89409219])
36, array([   2.34922362,    5.03162587, -170.19587651,    9.08254942,
         20.31760091, -360.43278856])
37, array([  -3.95675035,    6.37502767, -170.38666651,  -11.16604086,
         23.2077113 , -363.66329699])
38, array([  -9.16043648,    7.43359608, -170.24056279,  -26.30872779,
         23.6609273 , -364.92099152])
39, array([ -12.82572513,    8.24098851, -169.88831291,  -35.17287033,
         22.7888952 , -364.23744474])
