0, array([   7.91504276,   31.58662606, -175.23540298,   -5.32390097,
         12.51418309, -359.73367681])
1, array([  17.12913779,   35.33222091, -172.90285038,   13.01032948,
         19.532327  , -357.51446988])
2, array([  27.67184553,   42.47204084, -169.27320133,   34.64388298,
         34.58647804, -353.5447371 ])
3, array([  40.15019498,   53.90789471, -163.97228439,   60.93510353,
         59.75106883, -347.34995759])
4, array([  44.32456488,   65.00125932, -159.37858871,   69.98576677,
         86.62516153, -341.11779854])
5, array([  45.45419615,   76.18582379, -154.85301861,   72.34555609,
        114.50827371, -334.56843554])
6, array([  42.50657056,   87.26923548, -150.45860421,   65.57309223,
        143.10214543, -327.64379939])
7, array([  34.2852851 ,   95.36658761, -147.34850621,   46.71968455,
        164.29409206, -323.02722506])
8, array([  23.4880394 ,  101.43285062, -145.04526235,   22.63492287,
        180.48317132, -319.70023578])
9, array([   9.27699103,  103.41386585, -144.30243747,   -7.47739354,
        186.57636431, -318.70093883])
10, array([  -5.41226515,  100.82833815, -145.35917161,  -37.35422183,
        182.48905983, -320.52290365])
11, array([ -19.73698641,   95.32367042, -147.50382849,  -65.80682897,
        172.02639723, -323.97709676])
12, array([ -30.17636779,   84.69900321, -151.38998945,  -85.32150974,
        150.55260786, -329.82448128])
13, array([ -35.94520262,   72.40093713, -155.69965333,  -93.92552241,
        126.1128191 , -336.63787859])
14, array([ -38.14168724,   59.0354889 , -160.20905108,  -94.45323969,
         99.98828616, -343.97947357])
15, array([ -33.16185585,   44.12636225, -164.53312032,  -80.39721435,
         72.88066184, -351.37441193])
16, array([ -24.11713991,   28.55115387, -168.18918974,  -57.72534721,
         44.40299273, -356.21545305])
17, array([ -11.71100412,   12.6024836 , -171.21312167,  -27.99050476,
         15.10841269, -358.77368657])
18, array([   2.90412984,   -3.35542239, -171.74653357,    3.97642633,
        -14.8218137 , -354.56617029])
19, array([  15.69130134,  -20.12819316, -171.16202321,   31.23613222,
        -46.98501118, -347.56080662])
20, array([  25.8842218 ,  -37.33248736, -169.26207326,   51.99819172,
        -80.77584513, -337.44205486])
21, array([  28.24783281,  -52.76557999, -166.22201167,   55.095682  ,
       -112.99787819, -326.6927581 ])
22, array([  27.10045596,  -66.24820226, -163.06149164,   51.00655317,
       -141.37583994, -316.69405331])
23, array([  21.44945859,  -76.59031961, -159.94244038,   38.0178513 ,
       -163.19323978, -308.20031019])
24, array([  12.33676225,  -81.78561711, -158.18953619,   18.44659527,
       -173.55671641, -303.79080066])
25, array([   2.41917912,  -83.97393017, -157.31530926,   -2.66893739,
       -177.22277451, -301.92009768])
26, array([  -8.16976043,  -81.34835914, -157.91832405,  -25.24442801,
       -170.0828412 , -304.27483934])
27, array([ -16.45985395,  -74.62518443, -160.00111937,  -43.62932408,
       -153.51239084, -310.74591375])
28, array([ -22.68685522,  -65.89873286, -162.7973935 ,  -58.12716228,
       -132.51311678, -319.22981975])
29, array([ -23.91477199,  -54.28243478, -166.56199245,  -63.19580497,
       -105.61925439, -330.59507049])
30, array([ -20.16905831,  -41.97206863, -170.04713543,  -58.35081276,
        -79.30901146, -340.80361664])
31, array([ -13.43839517,  -29.63138426, -173.23813463,  -47.46245175,
        -54.31769894, -349.92024871])
32, array([  -3.71824356,  -18.89995452, -175.57068515,  -30.08445282,
        -35.22845741, -356.07854535])
33, array([   4.83350779,  -10.65513638, -177.05758297,  -14.34344969,
        -21.63385695, -359.97289612])
34, array([  12.64321923,   -4.26228633, -177.87857643,    0.46091317,
        -12.25821409, -362.08215103])
