0, array([  -5.91367258,   16.69047145, -168.12274174,  -32.2190501 ,
          9.36331898, -361.28380429])
1, array([  -7.26000659,   17.92779481, -167.99092199,  -35.10627738,
         13.60724028, -360.91738233])
2, array([  -5.83480709,   16.72311521, -168.0894033 ,  -33.31175943,
         10.03303556, -360.88637425])
3, array([  -1.88305118,   14.35628152, -168.24217635,  -26.20470337,
          1.90664036, -360.7593034 ])
4, array([   4.6026762 ,   13.33218572, -167.80044894,  -11.77489148,
         -4.02510287, -359.3452256 ])
5, array([  13.90389838,   13.81346203, -166.72746295,   10.22811047,
         -6.70156514, -356.41539136])
6, array([  23.86943297,   16.92133125, -165.0868407 ,   34.71133496,
         -1.47131232, -352.30172944])
7, array([  33.37693172,   22.41125944, -163.05821119,   58.28236422,
         11.65418481, -347.32599788])
8, array([  41.69300913,   29.90466177, -160.85843974,   78.85366655,
         32.10083908, -341.59051559])
9, array([  47.59553693,   39.067919  , -158.74321638,   93.29266656,
         59.10348363, -335.49285364])
10, array([  49.80193144,   48.9761356 , -156.99936971,   98.3398385 ,
         90.83744344, -329.29990974])
11, array([  47.53045818,   57.70980346, -155.95233962,   91.8162221 ,
        122.4237838 , -323.80415374])
12, array([  40.98607123,   64.00540544, -155.7077796 ,   74.44535155,
        149.50304513, -319.88935323])
13, array([  31.06753273,   66.99616163, -156.21709159,   48.65437822,
        168.31091813, -318.12292976])
14, array([  18.17085895,   65.68574405, -157.44264401,   16.18264838,
        173.56360259, -319.72570003])
15, array([   4.09984967,   61.15894128, -159.06391455,  -18.48618461,
        167.20770342, -323.68660582])
16, array([  -9.87212431,   54.0398817 , -160.75056175,  -52.35199649,
        151.41828368, -329.14604056])
17, array([ -22.69774442,   44.41997787, -162.19925011,  -82.92205343,
        126.45051226, -335.28637286])
18, array([ -33.10201515,   33.16097028, -163.10741664, -107.3989803 ,
         95.15987811, -340.44196319])
19, array([ -40.75658449,   20.84875475, -163.44412145, -125.28545982,
         59.20986258, -343.67552051])
20, array([ -45.28238191,    8.18346309, -163.21535006, -135.69944533,
         20.76243959, -344.16817348])
21, array([ -46.6084134 ,   -4.24227847, -162.47879569, -138.25210504,
        -17.9131898 , -341.04977904])
22, array([ -44.99639226,  -16.04527359, -161.39066156, -133.10504531,
        -55.24774893, -334.41997369])
23, array([ -40.4687316 ,  -26.6606056 , -160.20283791, -120.06115932,
        -89.20605896, -324.6320987 ])
24, array([ -33.45768655,  -35.44160343, -159.06109337,  -99.75333062,
       -117.8322742 , -313.88080494])
25, array([ -24.55471625,  -41.99705162, -158.16477991,  -73.54772361,
       -140.64220315, -303.87870698])
26, array([ -14.10470011,  -45.53506783, -157.54609322,  -42.35737157,
       -155.26216696, -296.21350448])
27, array([  -2.93162144,  -45.15746203, -157.41552021,   -9.75213768,
       -158.07131135, -293.0018451 ])
28, array([   8.01748773,  -41.73605637, -157.71710604,   20.96455162,
       -150.59804183, -293.81456952])
29, array([  17.61215091,  -35.45359501, -158.49687708,   46.28650113,
       -133.18675656, -298.85302349])
30, array([  24.73083692,  -27.17066578, -159.73798379,   63.6175616 ,
       -108.82671951, -307.20998202])
31, array([  28.63742196,  -17.84885241, -161.32391152,   71.53462623,
        -80.94778242, -317.67647385])
32, array([  29.0958818 ,   -8.61182572, -163.04902422,   69.87518482,
        -52.73648112, -329.11734809])
33, array([  26.55697957,   -0.88423987, -164.65285531,   60.48182268,
        -28.31549414, -339.78229447])
34, array([  21.82432713,    4.9899885 , -166.0332408 ,   45.52962904,
         -8.96050957, -348.81059656])
35, array([  15.92789307,    8.91765207, -167.15770421,   27.91959822,
          4.43481472, -355.62715377])
36, array([   9.73009832,   11.0993943 , -167.89998669,   10.40941132,
         12.36070739, -360.15657849])
37, array([   4.10443632,   11.97226766, -168.37524821,   -4.32030473,
         15.56866938, -362.43806308])
38, array([  -0.5634608 ,   12.25721161, -168.66991661,  -15.8757581 ,
         16.467734  , -363.49734199])
39, array([  -4.07331779,   12.10639864, -168.76625596,  -23.97781447,
         15.78862578, -363.54806123])
