0, array([ 9.11666288,  3.1408481 ,  1.85193373, 22.96672856, 10.60285025,
        1.35925374])
1, array([ 8.62934321,  3.49950455,  2.13738358, 22.16621696, 12.38225721,
        1.79544817])
2, array([ 7.98198974,  3.92382982,  2.51250916, 20.99043722, 14.29453725,
        2.42969668])
3, array([ 6.76142912,  4.27325555,  2.85290067, 18.51000023, 15.98509545,
        3.27518269])
4, array([ 5.06674855,  4.43150283,  3.03802715, 14.73776326, 17.00327146,
        3.99575633])
5, array([ 3.27341248,  4.43600584,  3.15069626, 11.27883553, 17.44742894,
        4.77972159])
6, array([ 3.70399841,  4.00398752,  3.01740548, 14.58501723, 16.06584551,
        5.05971158])
7, array([ 5.32273302,  3.32965824,  2.90557882, 19.67068106, 13.7359816 ,
        5.32603679])
8, array([ 7.34575955,  2.26699225,  2.64878738, 25.20550858,  9.64800552,
        5.28861355])
9, array([ 8.29833144,  1.26853527,  2.69682994, 27.68240044,  5.75415645,
        5.65266339])
10, array([ 8.45310288,  0.84888806,  2.97653932, 27.63826154,  2.92257571,
        5.93600056])
11, array([ 7.50870157,  1.73219286,  3.26678491, 24.83245663,  5.70256696,
        6.46073245])
12, array([ 6.23626664,  2.76931393,  3.61402338, 21.10947919,  9.51321527,
        6.74420027])
13, array([ 5.33786213,  3.59751106,  3.67448099, 18.54898937, 12.72983525,
        6.88443479])
14, array([ 5.98857801,  4.21831074,  3.58653569, 20.24556443, 15.0149171 ,
        6.39380143])
15, array([ 7.97331472,  4.62359613,  3.21242944, 26.17368691, 16.3073042 ,
        5.457892  ])
16, array([10.04697572,  4.76384523,  2.59980363, 32.17661062, 16.64111285,
        4.12979907])
17, array([11.72102172,  4.74466118,  2.03331583, 36.74257559, 16.2908928 ,
        3.07536298])
18, array([12.042634  ,  4.50915704,  1.86742175, 36.93508897, 15.32060626,
        3.36405789])
19, array([11.69980026,  4.19957431,  2.30065738, 34.73009563, 14.24835498,
        4.48771265])
20, array([10.49603179,  3.76426773,  3.19745702, 29.82220705, 12.98028881,
        5.77689268])
21, array([ 8.97732965,  3.29535488,  4.07410768, 24.14885866, 11.63850276,
        6.24645503])
22, array([ 8.26701555,  2.69620592,  4.75371655, 21.93062263,  9.91868066,
        5.94581556])
23, array([ 8.20393918,  1.98756148,  5.12781933, 23.17343633,  7.52598569,
        4.8141811 ])
24, array([ 9.30627104,  1.29714436,  5.34512681, 27.32465564,  4.9945357 ,
        3.32154386])
25, array([10.25058553,  0.65476052,  5.21611736, 30.22375882,  2.7596357 ,
        1.91612729])
26, array([10.91631728,  0.72651044,  4.96622048, 31.62668763,  2.95595416,
        1.59344228])
27, array([10.9454736 ,  1.40132167,  4.56787409, 31.40217998,  5.55022227,
        2.91418998])
28, array([10.29267799,  2.04997481,  4.06873024, 28.76576937,  8.1743114 ,
        4.38599655])
29, array([ 9.22128537,  2.69832276,  3.54829014, 25.11852847, 10.77027149,
        5.81119201])
30, array([ 7.76662024,  3.11284986,  2.94535383, 20.27927083, 12.30144647,
        6.5763199 ])
31, array([ 7.07460495,  3.36810225,  2.38521024, 18.71764161, 12.98338448,
        6.88036274])
32, array([ 6.66032759,  3.38713375,  1.8994841 , 18.97559412, 12.51770637,
        6.63552741])
33, array([ 6.72708214,  3.20411947,  1.57073877, 20.29598944, 11.23169851,
        6.12207345])
34, array([ 6.74942223,  3.02749048,  1.31959317, 21.35751023,  9.59894356,
        5.40743014])
