0, array([  10.5964942 ,   12.56341546, -175.06510514,  -29.20003589,
          6.77650516, -361.63504333])
1, array([  15.79019479,   16.17777027, -172.29649556,   19.39329924,
         13.5851798 , -360.89827   ])
2, array([  20.5262949 ,   19.99025209, -169.15934369,   53.7371595 ,
         23.99692675, -358.21948356])
3, array([  24.51835258,   23.8652517 , -165.84011232,   75.23829112,
         36.98470237, -354.08961301])
4, array([  27.47992586,   27.66715991, -162.52526421,   85.30344036,
         51.52146299, -348.99958739])
5, array([  29.12457276,   31.26036749, -159.40126214,   85.33935348,
         66.58016497, -343.44033573])
6, array([  29.16585133,   34.50926524, -156.65456889,   76.75277671,
         81.13376465, -337.90278703])
7, array([  27.10427181,   37.54462654, -155.41391211,   61.78577582,
         95.37485871, -333.32163055])
8, array([  21.78369687,   39.01566019, -153.66946519,   38.5302573 ,
        103.84585273, -329.47186706])
9, array([  14.49738796,   40.67270302, -153.86801359,    7.10293795,
        109.4674902 , -327.56426106])
10, array([   2.90335143,   40.89898332, -153.28214328,  -19.48287339,
        109.7530663 , -327.96304446])
11, array([  -7.64330053,   41.07507337, -153.77146896,  -49.42127511,
        103.87305982, -329.81867925])
12, array([ -14.96076555,   39.79338884, -155.13881431,  -72.67892717,
         94.05012567, -332.8319924 ])
13, array([ -22.37416878,   37.12629693, -158.01518548,  -94.03377032,
         86.19112234, -337.8268715 ])
14, array([ -24.37336551,   32.28591284, -161.12306045,  -98.53383609,
         71.46661393, -341.53702887])
15, array([ -24.55041088,   26.51655532, -163.8531384 ,  -95.28471308,
         52.96093389, -347.83949278])
16, array([ -20.77296273,   20.53290835, -165.85173933,  -87.44767888,
         35.03081755, -351.21080039])
17, array([ -12.66546329,   14.48825295, -167.25655204,  -63.74156112,
         19.27193691, -353.37065244])
18, array([  -5.33234182,    7.84127191, -166.98292909,  -31.37323004,
          2.34150036, -351.23945876])
19, array([   3.27177115,    1.6179332 , -165.3508699 ,   -3.47070232,
        -15.32504762, -348.1077611 ])
20, array([  10.41580591,   -4.43112317, -162.70522795,   21.67735776,
        -33.25286866, -342.48689856])
21, array([  17.75478256,   -8.74255601, -160.89922357,   37.10886356,
        -50.97176305, -336.3848845 ])
22, array([  19.63072818,  -12.7417642 , -157.77835776,   46.60342798,
        -65.14530716, -329.31338099])
23, array([  17.12736603,  -15.09962774, -155.7257933 ,   41.6682683 ,
        -83.14238874, -321.6639826 ])
24, array([  11.59635131,  -17.40137126, -153.73894345,   31.11467908,
        -95.3999496 , -314.6942027 ])
25, array([   3.75595317,  -18.84214565, -152.92510995,    1.49283604,
       -102.66339933, -309.790252  ])
26, array([  -3.81124402,  -19.47990535, -153.66765416,  -18.11487964,
       -106.85352965, -307.94699049])
27, array([ -11.94982018,  -18.9040067 , -155.6482589 ,  -44.48850649,
       -104.4888162 , -310.87786513])
28, array([ -18.98575854,  -16.914408  , -158.30502392,  -61.250176  ,
        -96.4395343 , -314.15910722])
29, array([ -24.37778982,  -13.96864454, -160.60497802,  -71.51157666,
        -83.5453501 , -319.59646323])
30, array([ -27.40158793,  -10.37706646, -163.20764796,  -77.06641579,
        -68.38020548, -326.23965385])
31, array([ -27.32338397,   -6.32595867, -166.07915244,  -77.55844688,
        -52.1463942 , -333.70722005])
32, array([ -23.40940906,   -2.0016061 , -169.18561015,  -72.63142344,
        -36.04621005, -341.61770277])
33, array([ -14.92589431,    2.40970634, -172.49313978,  -61.92909895,
        -21.2819468 , -349.58964297])
34, array([  -1.13907082,    6.72169373, -175.96786001,  -45.0952269 ,
         -9.05589824, -357.24158161])
