0, array([-1.84581342e-01,  1.72105965e+01, -1.75847046e+02, -1.58114457e+01,
        1.59281686e+01, -3.61025016e+02])
1, array([   6.92165806,   18.25765639, -174.43255894,    4.04065226,
         19.61460818, -359.68439668])
2, array([  14.35778485,   19.7195706 , -172.54840104,   25.38260456,
         24.95714364, -357.45595851])
3, array([  22.63956801,   21.92009006, -169.81860975,   50.03969312,
         33.22786974, -353.68391575])
4, array([  29.82754561,   24.92621973, -166.39041686,   72.0626755 ,
         44.6010934 , -348.45518085])
5, array([  35.94254716,   28.20428215, -162.76431075,   90.88630895,
         57.09450668, -342.67653705])
6, array([  38.18729438,   31.98440607, -158.84993935,   97.02081117,
         71.96079448, -335.64449353])
7, array([  37.19756591,   35.56005789, -155.27374443,   92.88022211,
         86.30528033, -328.58310864])
8, array([  33.3448283 ,   38.8987478 , -152.05349815,   79.65992521,
         99.96475026, -321.60425065])
9, array([  23.96591487,   41.06982195, -150.12215192,   49.88485198,
        108.77080006, -316.75356404])
10, array([  13.2138436 ,   42.49425756, -149.00093401,   16.45585155,
        114.70861762, -313.34292694])
11, array([   0.78030281,   42.41262601, -149.50301913,  -20.87941942,
        114.95802856, -312.8788665 ])
12, array([ -10.68791785,   41.07539462, -151.57537115,  -54.84669495,
        110.4434479 , -315.22829782])
13, array([ -21.31369126,   39.00967035, -154.49270259,  -86.06383612,
        103.18765835, -319.16967081])
14, array([ -27.1679944 ,   35.37148546, -158.20847755, -103.32792984,
         90.46167036, -325.80172478])
15, array([ -30.25858071,   31.09634061, -161.9992587 , -112.03771537,
         75.77528792, -333.09141851])
16, array([ -29.4732092 ,   26.03368439, -165.81304594, -108.76872559,
         58.69757734, -341.13319334])
17, array([ -23.53741433,   20.38880423, -168.6661132 ,  -88.25967796,
         39.80762197, -346.76529304])
18, array([ -15.8867423 ,   14.68289493, -170.94187809,  -62.04822547,
         20.66083524, -350.9761616 ])
19, array([  -5.33546363,    8.81766579, -171.88218236,  -26.23945427,
          0.61839236, -351.8284012 ])
20, array([   4.12385794,    3.00953575, -171.63081245,    5.92057388,
        -19.30668473, -349.59123376])
21, array([  12.64564598,   -2.667824  , -170.51897859,   34.9393688 ,
        -38.84009578, -345.14771178])
22, array([  16.81627842,   -7.97637928, -167.93964108,   48.5837502 ,
        -57.70716636, -336.7517524 ])
23, array([  18.31679817,  -12.73472433, -165.22580415,   53.41020825,
        -74.89114117, -328.27982648])
24, array([  15.11513096,  -16.40787495, -162.44345892,   42.81426314,
        -88.671216  , -320.18989702])
25, array([   8.34710686,  -18.81392558, -160.41299893,   20.97525841,
        -97.78158265, -314.24718238])
26, array([ 5.93083012e-02, -2.04496547e+01, -1.58908420e+02, -5.74155731e+00,
       -1.04093426e+02, -3.09713172e+02])
27, array([  -8.95934923,  -20.0046485 , -159.21553702,  -35.53992444,
       -103.09964179, -309.53365927])
28, array([ -17.0262999 ,  -18.51018656, -160.28878863,  -62.8032843 ,
        -98.21261918, -311.67293257])
29, array([ -23.88428304,  -15.86221494, -162.20444394,  -86.74652834,
        -89.03498192, -316.38100361])
30, array([ -26.52562588,  -12.01654106, -164.82233134,  -98.63624586,
        -75.19209885, -323.9747843 ])
31, array([ -27.39411155,   -7.84559548, -167.63725619, -104.93095293,
        -60.17857939, -332.21398003])
32, array([ -24.5886609 ,   -3.47173696, -170.57031861,  -98.77681522,
        -44.61802193, -340.59517664])
33, array([ -19.77937471,    0.54391819, -173.12356902,  -85.29466001,
        -30.76446318, -347.91693394])
34, array([ -13.62362432,    4.44164172, -175.50885076,  -66.9918643 ,
        -17.60592194, -354.77519351])
