0, array([  -6.11531383,   12.15382885, -173.87639743,   -9.1681728 ,
          8.23894693, -359.22688191])
1, array([ -11.26366837,   11.1175793 , -174.0597375 ,  -21.36123799,
          6.66467412, -359.26281998])
2, array([  -6.2676051 ,   10.54104923, -175.4658929 ,  -10.75641728,
          4.02052033, -359.88019741])
3, array([   6.15498983,   13.65491924, -173.72159124,   18.28447321,
         11.06306688, -357.64225083])
4, array([  20.15128713,   19.86263891, -168.93919943,   52.63053257,
         27.86058464, -352.12141176])
5, array([  31.78307657,   28.02870828, -161.77513718,   82.38965192,
         52.22414379, -344.18516815])
6, array([  38.18729438,   37.05401876, -153.80388148,   97.02081117,
         83.51334126, -335.19820486])
7, array([  37.64106297,   42.46685929, -150.10407996,   93.35254795,
        107.94574732, -330.34793445])
8, array([  31.19853656,   42.49425756, -151.85013767,   75.39097536,
        114.95802856, -331.93029239])
9, array([  21.62639214,   39.42155062, -156.93207635,   49.74377249,
        106.34803051, -338.82247844])
10, array([  11.35044746,   35.73952296, -162.59586666,   20.87284796,
         91.21174167, -347.94383515])
11, array([   1.97169187,   33.39583168, -165.5895323 ,   -6.74494542,
         81.8587103 , -352.95551994])
12, array([  -6.55633284,   32.8393007 , -165.724438  ,  -38.09395587,
         80.93759901, -352.14034107])
13, array([ -13.88426812,   33.20792211, -163.50266196,  -76.30097253,
         82.89847629, -348.11789367])
14, array([ -18.80735113,   31.18907741, -162.790272  , -104.7011579 ,
         81.99459832, -344.90085447])
15, array([ -19.38937062,   25.12609012, -165.11906313, -112.03771537,
         71.81057863, -345.95995432])
16, array([ -16.57892524,   17.1259048 , -168.47889895,  -94.59764209,
         51.47579939, -350.5887325 ])
17, array([ -13.83898962,    8.6864455 , -170.70681145,  -70.59342172,
         27.69790903, -356.60116637])
18, array([ -13.25916553,    0.83608734, -170.09610959,  -51.38153271,
          7.35605899, -360.22259421])
19, array([ -16.21451486,   -5.25055685, -166.01467244,  -45.65097266,
         -7.92118412, -358.39480108])
20, array([ -22.61157108,  -10.23484825, -158.88414415,  -66.19283857,
        -29.21439834, -351.59982281])
21, array([ -28.71820355,  -14.67848531, -151.976335  ,  -82.77718112,
        -55.165757  , -341.8175663 ])
22, array([ -30.25858071,  -16.6482902 , -149.00093401,  -88.09549182,
        -74.05297564, -334.58397489])
23, array([ -26.61395637,  -15.51811621, -150.75593983,  -78.75877545,
        -80.61864062, -332.40906788])
24, array([ -20.21161274,  -12.73387651, -155.77910335,  -62.01149545,
        -74.18144151, -336.12626619])
25, array([ -12.71548713,  -10.61271656, -160.93528803,  -43.46338435,
        -59.84823311, -344.10323836])
26, array([  -5.41349473,  -10.36454812, -163.63378723,  -26.06105238,
        -49.76322613, -350.72137876])
27, array([   0.73535581,  -12.48520645, -162.33692296,  -10.5066951 ,
        -52.55930942, -350.17984986])
28, array([   6.29138125,  -16.64441279, -157.60803627,    7.77939462,
        -69.36738068, -340.41160696])
29, array([  11.99044051,  -20.12883832, -152.62067996,   30.45909429,
        -90.3953537 , -326.59115385])
30, array([  17.47333598,  -20.44965474, -150.23464816,   53.24770521,
       -104.09342617, -314.21171786])
31, array([  22.50015281,  -18.64758033, -150.20324472,   71.5677806 ,
       -102.49913206, -309.53365927])
32, array([  26.33719231,  -15.56201565, -152.78949588,   84.10968857,
        -87.77991344, -313.66802088])
33, array([  28.268324  ,  -11.78310116, -156.88045739,   87.76510951,
        -66.66846789, -324.23257059])
34, array([  27.20869137,   -7.27419525, -161.91668358,   80.65046932,
        -44.21268658, -337.22789493])
35, array([  22.38692592,   -2.26198197, -167.01352358,   63.79947358,
        -24.06240567, -347.89952952])
36, array([  15.06766135,    3.04718632, -171.01456405,   42.1464723 ,
         -6.9020457 , -355.09892988])
37, array([   7.56133874,    7.94333455, -173.78338613,   22.30645689,
          5.90641023, -358.7905504 ])
38, array([   1.75169724,   11.53245123, -175.20130366,    7.837556  ,
         14.59600013, -360.35720949])
39, array([  -1.80038443,   13.32551189, -175.84704573,   -1.13244285,
         19.1578109 , -361.02501575])
