0, array([  -1.03516502,   14.15849001, -173.74020812,  -17.51656974,
          6.75180851, -358.74070208])
1, array([  -1.97517592,   14.75329024, -173.60755506,  -19.95732325,
          9.26111422, -358.5229877 ])
2, array([  -0.98511177,   14.09308269, -173.7869551 ,  -18.27750496,
          6.95580223, -358.48740497])
3, array([   1.78076706,   12.83539253, -173.99873966,  -11.96107458,
          1.83365763, -358.35614119])
4, array([   6.30644411,   12.35026039, -173.22734019,    0.63307481,
         -1.74112397, -357.31986904])
5, array([  12.72872149,   12.6827415 , -171.38269509,   19.41779663,
         -3.19620459, -355.25583152])
6, array([  19.61517094,   14.42824921, -168.57118595,   40.32752016,
          0.37166473, -352.36655943])
7, array([  26.1623772 ,   17.44836196, -165.12557225,   60.33615218,
          8.95165228, -348.9066741 ])
8, array([  31.85327517,   21.53335941, -161.41413942,   77.66632999,
         22.14443477, -344.95483973])
9, array([  35.84898847,   26.49895937, -157.87721712,   89.68554596,
         39.48252638, -340.77969287])
10, array([  37.28140776,   31.83519471, -154.98319502,   93.68282354,
         59.74843292, -336.57712294])
11, array([  35.6062838 ,   36.5245887 , -153.26837681,   87.87209967,
         79.85916372, -332.86999692])
12, array([  30.98427857,   39.88468746, -152.9158341 ,   72.83617017,
         97.06164942, -330.28014186])
13, array([  24.05778978,   41.48024732, -153.78760523,   50.70076343,
        109.00261342, -329.14211351])
14, array([  15.11482639,   40.76625836, -155.84022057,   22.9829896 ,
        112.39808867, -330.28759082])
15, array([   5.38780574,   38.32085278, -158.47946716,   -6.58235116,
        108.3835917 , -333.03864689])
16, array([  -4.25927912,   34.48827488, -161.20632928,  -35.49244357,
         98.35730408, -336.78483217])
17, array([ -13.08399867,   29.31533072, -163.50393871,  -61.56015918,
         82.43523739, -340.96442972])
18, array([ -20.2261734 ,   23.25804711, -164.91264978,  -82.46218493,
         62.44754919, -344.4384085 ])
19, array([ -25.45768194,   16.62054918, -165.35913012,  -97.75000201,
         39.45791627, -346.58586789])
20, array([ -28.52568115,    9.78404875, -164.84207004, -106.68488056,
         14.83705845, -346.84494016])
21, array([ -29.37010476,    3.08499947, -163.47018611, -108.90749816,
         -9.95087251, -344.62892863])
22, array([ -28.16629113,   -3.27058757, -161.48992388, -104.51683808,
        -33.91328034, -340.04045267])
23, array([ -24.9663883 ,   -8.97556154, -159.39153652,  -93.39123311,
        -55.73104161, -333.31701271])
24, array([ -20.06216452,  -13.67870784, -157.41817356,  -76.07370496,
        -74.13770197, -325.97535455])
25, array([ -13.86090873,  -17.18223091, -155.90494194,  -53.7415274 ,
        -88.81330556, -319.14828929])
26, array([  -6.61792834,  -19.06225406, -154.91293856,  -27.17045939,
        -98.22331605, -313.90989183])
27, array([   1.11363412,  -18.83192473, -154.76993863,    0.57577553,
       -100.09757587, -311.71843353])
28, array([   8.68046301,  -16.97713811, -155.37239429,   26.75842408,
        -95.46165153, -312.24743474])
29, array([  15.30601586,  -13.57628731, -156.78629554,   48.38469118,
        -84.43512799, -315.71518074])
30, array([  20.21502497,   -9.10961056, -158.98052089,   63.22506603,
        -68.98499671, -321.44162528])
31, array([  22.92597879,   -4.09670496, -161.7609824 ,   70.12328485,
        -51.22845216, -328.62173231])
32, array([  23.2534932 ,    0.86727034, -164.76806799,   68.8628556 ,
        -33.19246633, -336.49141918])
33, array([  21.50240247,    5.01388251, -167.5493386 ,   60.96540348,
        -17.52667582, -343.84918931])
34, array([  18.24581077,    8.16358029, -169.90825038,   48.29076751,
         -5.05967699, -350.10450808])
35, array([  14.17705486,   10.25850317, -171.79376806,   33.32213761,
          3.60764079, -354.82832759])
36, array([   9.89123583,   11.42288011, -173.05812229,   18.37433169,
          8.81841097, -358.02188556])
37, array([   5.99422155,   11.87199071, -173.88671346,    5.75186255,
         10.96033463, -359.63391396])
38, array([   2.7530391 ,   12.00341041, -174.41293984,   -4.19093094,
         11.59700043, -360.38881524])
39, array([ 3.04995986e-01,  1.19025254e+01, -1.74597329e+02, -1.12262927e+01,
        1.11927392e+01, -3.60443701e+02])
