0, array([   6.76166628,   12.9221004 , -174.61833288,   -0.91302382,
          4.6954008 , -360.92241444])
1, array([  14.10987387,   14.85875559, -173.08133644,   20.49363148,
         10.89713955, -360.00698793])
2, array([  21.66291165,   17.56281813, -170.83788113,   42.76262048,
         20.02649121, -357.79254145])
3, array([  29.48935465,   21.08599422, -167.85259317,   66.08812603,
         32.27486627, -354.24224517])
4, array([  34.8798882 ,   25.52144653, -164.13246474,   82.54036172,
         48.54092869, -348.84455304])
5, array([  37.77906045,   30.20651993, -160.21915181,   91.12925328,
         66.03291009, -342.61674775])
6, array([  38.18729438,   34.87352045, -156.30847503,   91.94232667,
         83.77097282, -335.88915054])
7, array([  32.99864884,   38.55181657, -152.95006673,   75.89653538,
         98.80076322, -328.896398  ])
8, array([  24.64009783,   41.0261837 , -150.55905339,   49.89028136,
        108.90993398, -323.30666678])
9, array([  13.70891111,   42.49425756, -149.00093401,   16.04751158,
        114.95802856, -319.00155138])
10, array([   0.60714597,   42.04488373, -149.21125051,  -22.99054262,
        113.51883671, -318.11453479])
11, array([ -11.52802689,   40.25583768, -150.83095965,  -58.94998811,
        107.12474905, -319.99415309])
12, array([ -22.47153187,   37.41210968, -153.48583903,  -91.11442781,
         96.80286533, -323.95124456])
13, array([ -28.91552259,   33.18284833, -157.28820924, -109.25692736,
         81.20780839, -330.51678333])
14, array([ -30.25858071,   27.93657411, -161.18030173, -112.03771537,
         63.28023262, -337.93636306])
15, array([ -27.98519899,   22.27692149, -164.71836301, -103.83001466,
         44.61496109, -345.11125804])
16, array([ -20.68446298,   16.27114824, -167.13256562,  -80.00338834,
         25.41326554, -350.63064764])
17, array([ -10.25614646,   10.61815511, -168.57707785,  -45.58748139,
          7.17691936, -353.44512411])
18, array([   1.34823648,    5.2968734 , -169.14580638,   -7.16836742,
        -10.08480754, -354.08488307])
19, array([ 1.38277281e+01,  2.73311999e-01, -1.68231329e+02,  3.42262081e+01,
       -2.64906394e+01, -3.51290860e+02])
20, array([  23.22494782,   -4.52437168, -166.17015007,   66.25439148,
        -42.49775302, -345.27220983])
21, array([  29.76626475,   -9.19105874, -163.45236284,   89.46154061,
        -58.78027596, -337.5834792 ])
22, array([  31.32480409,  -13.44175268, -160.08569911,   97.02081117,
        -75.04110638, -328.47373095])
23, array([  26.9005007 ,  -16.69391219, -157.18584528,   86.21918158,
        -88.21224368, -320.27888738])
24, array([  19.56880254,  -19.10486549, -155.03467157,   65.61279432,
        -98.24697462, -313.71029201])
25, array([   8.86118823,  -20.44965474, -154.00704921,   33.06373956,
       -104.09342617, -309.53365927])
26, array([  -2.68661664,  -19.92950262, -154.79886413,   -4.1767073 ,
       -102.91492921, -309.8880347 ])
27, array([ -13.26357817,  -18.46855234, -156.46969018,  -39.51174648,
        -98.08036722, -312.6994374 ])
28, array([ -22.53398985,  -15.92955849, -159.14124209,  -72.11536798,
        -89.03606533, -318.36758378])
29, array([ -27.14330023,  -11.95927583, -162.39480243,  -89.93450182,
        -75.52021777, -326.29457229])
30, array([ -28.65932129,   -7.30935317, -165.79297117,  -97.64494503,
        -60.06454015, -334.72209163])
31, array([ -26.64406284,   -2.09982433, -169.19638123,  -93.67013495,
        -43.13034985, -343.25297385])
32, array([ -20.79947834,    2.76770025, -172.03661383,  -76.31614753,
        -27.27036887, -350.60606449])
33, array([ -14.57258226,    6.87611564, -174.24171859,  -57.27329499,
        -14.10473314, -356.49681192])
34, array([  -7.94752531,   10.29449851, -175.84704573,  -36.53413041,
         -3.4397484 , -361.02501575])
