0, array([  25.84830735,   20.79553658, -171.96219053,   37.63998105,
         23.60996407, -360.89989893])
1, array([  31.16939055,   23.35941271, -168.84398657,   54.85981544,
         34.17959724, -357.00700451])
2, array([  35.49283391,   26.19995122, -165.53114645,   69.00342526,
         45.93341135, -352.69839204])
3, array([  37.68191778,   29.85617879, -161.5716325 ,   76.61073392,
         61.1561665 , -347.16187358])
4, array([  37.14371171,   33.55499379, -157.66700452,   76.43791042,
         76.64671044, -341.60209677])
5, array([  34.77506038,   37.28239174, -153.79921377,   71.043381  ,
         92.31698326, -336.0267099 ])
6, array([  28.05705958,   39.98718629, -151.12714355,   54.20437972,
        103.45136299, -332.38671092])
7, array([  20.34397597,   42.17486204, -149.03677544,   34.73562862,
        112.62881339, -329.51467036])
8, array([  10.94946815,   42.49425756, -149.00093401,   10.73404049,
        114.95802856, -329.20882057])
9, array([   2.11209025,   41.43571595, -150.29084768,  -12.34201996,
        112.67593344, -330.72075244])
10, array([  -6.04337563,   39.06022666, -152.84345829,  -34.14985566,
        105.96630294, -333.96814552])
11, array([ -10.82778562,   34.84316602, -156.63337071,  -46.83504037,
         92.43088272, -339.32077384])
12, array([ -13.87369454,   30.01980938, -160.70850466,  -54.66423425,
         76.56683976, -345.14830129])
13, array([  -9.59611438,   23.95263488, -164.58438863,  -41.33905818,
         55.45688479, -350.505133  ])
14, array([  -2.90357415,   17.92977919, -167.66200587,  -20.8875547 ,
         34.23298923, -354.22295923])
15, array([   7.68569066,   11.72656338, -169.66835488,   11.09161623,
         11.96835099, -355.63464719])
16, array([  18.36946753,    5.76671938, -169.78167837,   42.58725764,
         -9.33471412, -353.51483551])
17, array([ 2.90523317e+01, -8.53691159e-02, -1.69071644e+02,  7.37425518e+01,
       -3.02112949e+01, -3.49855203e+02])
18, array([  34.56945851,   -5.37674711, -166.5368546 ,   88.18943478,
        -48.81946096, -342.36676467])
19, array([  38.18729438,  -10.32506472, -163.77740428,   97.02081117,
        -66.42301355, -334.56120533])
20, array([  37.14453642,  -14.26664397, -160.58905904,   92.14414406,
        -80.95891334, -326.30039355])
21, array([  32.1989153 ,  -17.21671313, -157.7927143 ,   76.45771066,
        -92.15083497, -319.40733156])
22, array([  24.51625914,  -19.58637857, -155.18130038,   53.13617536,
       -101.41922804, -313.23776775])
23, array([  13.87825862,  -20.2909233 , -154.17599349,   21.05695933,
       -103.86708612, -310.70708809])
24, array([   2.75941641,  -20.44965474, -153.77172012,  -12.40474577,
       -104.09342617, -309.53365927])
25, array([  -8.72861107,  -19.24687702, -154.96953606,  -46.7902361 ,
        -98.80392661, -311.97704045])
26, array([ -18.68086774,  -17.24117344, -156.85751388,  -76.42021222,
        -90.89578633, -316.17917486])
27, array([ -26.88099114,  -14.43952657, -159.42692011, -100.64448636,
        -80.41454885, -322.12795335])
28, array([ -29.53412027,  -10.65960021, -162.50337993, -109.08404885,
        -67.39300746, -329.09778301])
29, array([ -30.25858071,   -6.67775831, -165.63396118, -112.03771537,
        -53.95102122, -336.17457455])
30, array([ -25.73549233,   -2.37107903, -168.63885999, -100.23379244,
        -40.1144399 , -343.1113116 ])
31, array([ -20.44814743,    1.65644555, -171.30758041,  -86.18523339,
        -27.3898788 , -349.38897163])
32, array([ -14.02209097,    5.26804085, -173.47540852,  -68.79225671,
        -16.32218318, -354.68463338])
33, array([  -7.38921197,    8.02567046, -174.81882078,  -50.76326015,
         -8.15853405, -358.19017047])
34, array([  -0.51498195,   10.48862137, -175.84704573,  -32.04720524,
         -1.02525489, -361.02501575])
