0, array([  -2.10787773,   17.7736866 , -172.82780365,   -8.16622233,
         14.33818791, -358.61867851])
1, array([   2.99714749,   18.55505879, -174.4614336 ,    0.81576288,
         13.09669312, -359.38358356])
2, array([  10.39417276,   21.79875177, -171.1366779 ,   17.90889742,
         19.30747895, -357.90698102])
3, array([  20.13522903,   26.7780221 , -166.14309273,   42.88965909,
         32.31772201, -353.53230224])
4, array([  30.40545591,   32.83518961, -159.54821923,   70.06935802,
         52.9152054 , -345.91729169])
5, array([  37.77436038,   39.3032644 , -152.61733933,   89.90907466,
         80.82383093, -335.60051261])
6, array([  38.18729438,   42.49425756, -149.6526887 ,   92.2089917 ,
        105.03469516, -328.39727524])
7, array([  33.06666175,   41.60574271, -151.97106353,   79.18677031,
        114.95802856, -328.20208556])
8, array([  24.95564401,   38.65781196, -156.77127079,   57.6428233 ,
        109.77899504, -334.18818029])
9, array([  15.22390574,   35.00409302, -162.04917998,   32.88606811,
         92.85537763, -343.99042049])
10, array([   5.29151914,   31.96741228, -166.50194844,    9.39642487,
         74.15822538, -353.57657583])
11, array([  -2.98904884,   30.67464598, -168.11659907,  -11.42307847,
         66.03994552, -356.64840349])
12, array([  -9.44076876,   30.96240802, -166.96342067,  -35.47678746,
         70.40675106, -351.34153546])
13, array([ -14.77654665,   31.27130419, -165.54892549,  -67.08785519,
         78.96860004, -342.26042189])
14, array([ -19.19404812,   29.31396799, -165.66294045,  -96.03566053,
         81.81895552, -334.76192528])
15, array([ -20.92042947,   24.77393373, -166.61521723, -112.03771537,
         73.20266954, -332.72100938])
16, array([ -20.2172323 ,   18.59412871, -168.27554901, -109.23957835,
         54.37812127, -336.76012794])
17, array([ -17.80522369,   11.76233974, -170.16579963,  -89.20641007,
         33.05577598, -345.14343499])
18, array([ -15.33804272,    5.24726379, -171.22808096,  -59.02852771,
         15.45837495, -353.91030121])
19, array([ -14.66484599,   -0.55391489, -170.57159495,  -32.39136529,
          2.67374295, -359.18862663])
20, array([ -16.79992168,   -4.79350128, -167.73354681,  -28.17694885,
         -9.45072337, -361.02501575])
21, array([ -21.39302918,   -7.72836943, -163.03359638,  -39.82634288,
        -24.46258859, -356.17524436])
22, array([ -26.70895747,  -10.71673507, -157.50124417,  -59.27651875,
        -45.52467687, -346.24618025])
23, array([ -30.25372969,  -14.54141403, -151.88425563,  -76.07090987,
        -72.17794833, -332.43453643])
24, array([ -30.25858071,  -16.89631953, -149.00093401,  -83.65264397,
        -94.66234517, -320.74095739])
25, array([ -26.01906258,  -16.56717615, -150.86960065,  -77.88927405,
       -103.83539139, -316.73097696])
26, array([ -19.03404606,  -15.27540457, -155.58268937,  -62.13212197,
        -97.90857448, -321.74002329])
27, array([ -10.97101399,  -14.34889948, -159.88096927,  -41.70797476,
        -83.53201276, -332.71437033])
28, array([  -3.43567917,  -14.06837784, -162.56800399,  -20.3778279 ,
        -69.3327619 , -344.12612454])
29, array([ 2.64050539e+00, -1.48855280e+01, -1.63049023e+02,  2.78283689e-01,
       -6.45370561e+01, -3.49189707e+02])
30, array([   8.05336922,  -17.93947013, -159.07891966,   24.15522887,
        -78.29330975, -339.22165527])
31, array([  13.02152685,  -20.44965474, -154.77964474,   50.61713635,
        -96.08053501, -323.45692544])
32, array([  17.7246083 ,  -19.8896795 , -153.62860817,   73.75784093,
       -104.09342617, -312.30911806])
33, array([  21.83587266,  -16.89373592, -156.18560421,   90.66053605,
        -97.8355672 , -309.53365927])
34, array([  23.86440189,  -12.02030126, -160.82570451,   97.02081117,
        -78.36878123, -316.10645629])
35, array([  21.10091682,   -6.23434337, -166.68387251,   87.80067548,
        -52.43529726, -329.90735019])
36, array([  14.02365405,   -0.47330727, -172.11748969,   65.37198573,
        -28.48666333, -344.84799242])
37, array([   5.27158816,    3.63844088, -175.28460174,   38.58903611,
        -13.70371604, -354.60708536])
38, array([  -2.58557073,    5.90126242, -175.84704573,   16.96356435,
         -7.40715134, -357.88263454])
39, array([  -7.62329354,    6.7112326 , -175.48923496,    3.50370301,
         -5.13085264, -358.97983641])
