0, array([  -5.93938191,   10.79474298, -178.07802117,   -1.37795866,
          3.41665677, -363.25296313])
1, array([   3.99957595,   15.33817165, -174.32271405,   16.51616915,
          4.0355085 , -359.37844314])
2, array([  12.68197684,   20.05082881, -170.74955634,   34.95675224,
         12.21723923, -355.34444514])
3, array([  19.88751551,   24.72180411, -167.4773782 ,   52.47332057,
         25.96797826, -351.36371791])
4, array([  25.39588668,   29.14018719, -164.62500982,   67.59540412,
         43.29385491, -347.64901024])
5, array([  28.98678508,   33.0950677 , -162.31128136,   78.85253285,
         62.2009985 , -344.41307094])
6, array([  30.43990544,   36.37553527, -160.65502299,   84.77423673,
         80.69553836, -341.86864879])
7, array([  28.90339481,   38.64172615, -160.37977147,   84.53304107,
         92.3044639 , -340.70655008])
8, array([  23.35136876,   38.57385309, -161.10382287,   65.71066213,
        101.50141079, -340.44689766])
9, array([  16.57775194,   38.83656   , -161.69915282,   38.88880972,
        105.48854668, -341.88410593])
10, array([   6.49652747,   38.64104345, -162.68607343,    6.37303894,
        107.08879342, -344.39938296])
11, array([  -2.27663092,   36.56102286, -163.77005231,  -26.23513239,
        103.87189552, -346.22234309])
12, array([  -9.82510389,   34.26980059, -166.09869455,  -59.48211496,
         94.04338675, -347.40439387])
13, array([ -15.20727235,   33.34611061, -167.64590305,  -81.44634161,
         83.73926109, -347.84361138])
14, array([ -17.28848629,   30.60018358, -167.13844852,  -95.07911676,
         71.65544017, -347.22453242])
15, array([ -17.61583337,   26.35570779, -167.96667543,  -97.57002115,
         62.54231607, -347.41362693])
16, array([ -17.51668092,   20.93024372, -168.12233948,  -96.17112023,
         46.75988348, -349.73048091])
17, array([ -18.15672872,   15.31630302, -168.0030661 ,  -83.6483744 ,
         30.45532506, -351.9194057 ])
18, array([ -17.02915143,    8.6623965 , -166.44606966,  -71.66285866,
         10.74741229, -351.76538332])
19, array([ -19.66245536,    1.72918275, -164.84227447,  -64.8426895 ,
        -12.77186086, -350.46883865])
20, array([ -21.36064993,   -5.56018157, -162.45351017,  -65.32766788,
        -30.51340157, -347.57225138])
21, array([ -24.28382265,  -10.28320893, -158.56340465,  -67.01780657,
        -52.52743787, -342.9136166 ])
22, array([ -26.68675375,  -13.25482362, -155.58679564,  -73.52398734,
        -65.50874216, -339.09298086])
23, array([ -26.3391463 ,  -15.2830942 , -153.58121348,  -77.1782777 ,
        -75.9077544 , -334.54589755])
24, array([ -23.16450009,  -16.73675298, -153.93273857,  -79.17689692,
        -84.46825223, -332.78175685])
25, array([ -18.09390837,  -16.90593406, -154.47280171,  -67.99874446,
        -88.99095494, -332.60049949])
26, array([ -11.79706302,  -17.67268998, -155.57647086,  -48.67007033,
        -93.59262652, -331.57782722])
27, array([  -2.69066713,  -18.96589818, -155.80127565,  -24.44102361,
        -93.65552763, -331.94140341])
28, array([ 7.11161939e+00, -1.89565493e+01, -1.55207270e+02,  1.18281884e-01,
       -9.80355228e+01, -3.29917044e+02])
29, array([  13.72381853,  -18.15246197, -154.77822188,   28.14932299,
        -96.16766429, -327.00819987])
30, array([  19.90738889,  -16.90438221, -154.99552289,   53.00444685,
        -96.64604375, -323.03101955])
31, array([  23.34920613,  -15.1931397 , -155.91091086,   69.66081132,
        -91.98672829, -320.83466389])
32, array([  26.69663834,  -12.30533346, -157.51861025,   84.95767319,
        -82.53759354, -319.52460842])
33, array([  25.99024566,   -7.91527713, -159.4239276 ,   84.81763511,
        -73.25947278, -320.67524689])
34, array([  24.2530901 ,   -2.28877319, -163.29860584,   78.58601828,
        -53.22731567, -326.75592543])
35, array([  21.07268692,    3.19039244, -167.32423295,   67.19158296,
        -32.12772012, -334.28449313])
36, array([  16.56614124,    7.95647582, -171.07990029,   51.56770311,
        -12.01868426, -342.57173523])
37, array([  10.85055821,   11.44373299, -174.14469924,   32.64775271,
          5.0417938 , -350.92843698])
38, array([   4.04304294,   13.08641998, -176.09772117,   11.36510576,
         16.99571593, -358.66538364])
39, array([  -3.73929942,   12.31879285, -176.51805746,  -11.34686377,
         21.785084  , -365.09336047])
