0, array([  -5.7808524 ,   12.18292123, -175.71479611,  -15.93561182,
         13.64215658, -360.9362095 ])
1, array([   1.92637286,   12.67295634, -175.84704573,    1.09149159,
         12.95782319, -361.02501575])
2, array([  11.19769974,   16.25951562, -173.79073087,   24.02416668,
         21.28081954, -358.76793701])
3, array([  22.17795178,   22.42841912, -169.75538983,   52.28505724,
         37.29470167, -354.12834552])
4, array([  32.19877695,   30.59145515, -164.66789553,   77.71807761,
         61.88463981, -347.1405044 ])
5, array([  38.18729438,   38.23263263, -160.85764046,   91.55644381,
         89.81221109, -340.36342896])
6, array([  37.6726282 ,   42.36231654, -159.68288981,   89.50364507,
        109.82028722, -336.98631619])
7, array([  30.88138463,   42.49425756, -161.13218236,   72.39896434,
        114.95802856, -338.19382354])
8, array([  20.19048665,   40.20626297, -164.10803533,   45.93594543,
        107.90441078, -343.18741477])
9, array([   8.13584683,   37.04474467, -166.7387978 ,   16.17790675,
         96.43497298, -349.17223049])
10, array([  -3.59958268,   34.38359076, -168.02430053,  -16.39640909,
         86.42843885, -353.38071508])
11, array([ -13.98769234,   33.19778467, -167.43612099,  -53.18383991,
         79.39061217, -353.86430591])
12, array([ -21.45336244,   32.97618035, -165.66416419,  -85.41527354,
         76.90192263, -351.00006221])
13, array([ -25.10882054,   30.72190954, -164.77203085, -106.9153574 ,
         76.13039308, -347.90237693])
14, array([ -25.25981965,   24.53975053, -165.70278348, -112.03771537,
         69.90109014, -347.64476974])
15, array([ -22.98439599,   16.30128094, -167.61680386,  -99.56058575,
         54.95037203, -349.99375408])
16, array([ -20.43932882,    8.11497572, -168.91034481,  -76.74874069,
         36.01897953, -353.91884839])
17, array([ -19.52327698,    1.14268661, -168.35991727,  -56.27492777,
         18.25626499, -357.49929389])
18, array([ -20.67534348,   -4.88048476, -165.91202729,  -48.7656706 ,
          1.08941433, -357.52244678])
19, array([ -24.00268346,   -9.89999034, -161.28104745,  -59.42511134,
        -19.90984121, -352.15311768])
20, array([ -28.11740197,  -14.36670654, -155.50269353,  -78.13390333,
        -46.79087236, -341.81855376])
21, array([ -30.25858071,  -18.21604841, -150.79345013,  -91.24318254,
        -73.70643095, -331.52055361])
22, array([ -28.91019109,  -19.96188053, -149.00093401,  -94.17327335,
        -91.39511528, -325.3500312 ])
23, array([ -23.74376278,  -19.2282597 , -150.69910563,  -82.93622136,
        -93.57488753, -325.29257114])
24, array([ -16.21857196,  -17.56131945, -154.20110252,  -60.45850898,
        -85.00082411, -330.94264409])
25, array([  -8.19363755,  -16.26438274, -157.26209541,  -35.59347546,
        -74.43009984, -338.70978981])
26, array([-1.68663494e-01, -1.60715199e+01, -1.59644148e+02, -1.27969092e+01,
       -6.91904840e+01, -3.43057200e+02])
27, array([   6.93882909,  -17.46917162, -159.47208488,    8.41152958,
        -74.1843575 , -339.41652042])
28, array([  12.92997897,  -19.52347909, -157.34864273,   30.51149245,
        -87.45290968, -328.75549665])
29, array([  18.85864993,  -20.44965474, -155.28646013,   55.51061495,
       -101.32925681, -316.22877293])
30, array([  24.01485632,  -18.57210354, -154.99926251,   76.78091886,
       -104.09342617, -309.53365927])
31, array([  27.97503638,  -14.47577875, -156.81606224,   90.73668218,
        -92.25947295, -310.81265698])
32, array([  30.30924444,   -9.39538075, -160.43335098,   97.02081117,
        -70.37722911, -319.11367396])
33, array([  29.72756766,   -4.19432261, -164.43028281,   92.75715355,
        -46.51666791, -331.17709714])
34, array([  25.30595479,    0.83266363, -168.28329256,   77.20149012,
        -25.59440854, -342.79452877])
35, array([  17.55163685,    5.29507453, -171.21970005,   54.13532147,
         -9.58908878, -351.22542922])
36, array([   8.36019767,    8.96432542, -172.98522761,   29.79318609,
          1.09991757, -355.92874388])
37, array([-2.00277891e-01,  1.20472241e+01, -1.73791111e+02,  9.08316703e+00,
        7.94411017e+00, -3.57575071e+02])
38, array([  -6.92685045,   14.30693672, -173.7573649 ,   -6.77910504,
         12.98613876, -358.42659906])
39, array([ -11.28610854,   15.59011168, -172.90853027,  -17.30319025,
         16.29854712, -358.83446436])
