0, array([  -8.30259125,   12.76198292, -149.51602155,  -20.84032645,
         -2.92738268, -340.54648574])
1, array([  -4.57229077,   11.60828402, -157.61140178,  -10.02615894,
         -2.68039824, -348.08530967])
2, array([ 9.80382791e-01,  1.21290756e+01, -1.61415190e+02,  5.02322651e+00,
        1.31234176e-01, -3.51997353e+02])
3, array([   8.85481736,   13.65371679, -163.61920644,   26.46514293,
          5.71952681, -354.28044458])
4, array([  17.91728216,   16.98317769, -162.37337861,   53.64907478,
         15.67403494, -351.7480915 ])
5, array([  26.03105088,   22.20836711, -157.30522393,   79.03850745,
         32.71122095, -343.27993646])
6, array([  30.27605958,   28.05125697, -152.4823989 ,   92.35789558,
         54.25586424, -333.40805985])
7, array([  29.84917267,   33.04727246, -149.8363929 ,   91.44569218,
         74.63295371, -326.61446476])
8, array([  25.05258136,   36.36328833, -150.44252869,   75.38587962,
         88.22694202, -325.84363382])
9, array([  16.70105666,   37.41794965, -154.04379941,   45.65952182,
         92.56176795, -331.05834301])
10, array([   6.96136784,   37.5491185 , -158.5763158 ,   12.74069325,
         92.99545255, -337.43002244])
11, array([  -2.85828901,   38.51760466, -161.36457246,  -16.66178254,
         94.88100663, -339.57902336])
12, array([ -12.12895687,   40.57457762, -161.67374875,  -44.3012393 ,
        102.11095155, -334.15906211])
13, array([ -20.67869857,   42.44402829, -161.4001105 ,  -70.32190915,
        111.5924897 , -322.20767959])
14, array([ -27.10594926,   42.49425756, -161.82387815,  -90.59826512,
        114.95802856, -311.42835595])
15, array([ -30.25858071,   39.77629818, -164.11692002, -103.49149576,
        106.09721162, -309.53365927])
16, array([ -29.19790167,   34.04548872, -168.02526735, -103.26093799,
         84.27248381, -318.60289842])
17, array([ -25.19484236,   26.16133164, -172.07822173,  -89.11723867,
         55.06223042, -334.43968914])
18, array([ -21.06489438,   17.31272605, -174.75105212,  -73.3762184 ,
         23.95673478, -350.42133756])
19, array([ -19.39999424,    8.41583592, -175.84704573,  -68.31008957,
         -3.49299063, -360.88658722])
20, array([-2.21134294e+01, -2.01341638e-01, -1.75279680e+02, -7.93520125e+01,
       -2.62965923e+01, -3.61025016e+02])
21, array([ -27.00081868,   -8.22164071, -172.71166109,  -98.32893513,
        -47.95370281, -352.301884  ])
22, array([ -30.01008859,  -15.17851768, -169.4852752 , -112.03771537,
        -70.17305886, -341.9365264 ])
23, array([ -28.3032822 ,  -19.57087337, -166.62668629, -110.76024988,
        -88.15809569, -334.47552788])
24, array([ -21.82253633,  -20.44965474, -165.41078202,  -92.63878214,
        -95.50427185, -333.4251597 ])
25, array([ -11.72475408,  -19.17603434, -165.03319378,  -66.28357289,
        -93.60269176, -337.94581462])
26, array([  -0.64877653,  -17.43194866, -164.07745926,  -39.90597083,
        -87.56170596, -343.28323135])
27, array([   8.64408916,  -16.91832376, -162.0219398 ,  -17.71421605,
        -84.12990737, -344.75722539])
28, array([  16.44357018,  -18.17996422, -157.62092391,    3.85228537,
        -89.02676266, -339.21661986])
29, array([  23.92724193,  -20.17129573, -152.32125575,   31.33834454,
        -99.16067317, -328.12095516])
30, array([  31.10912831,  -20.13665017, -149.00093401,   60.80265925,
       -104.09342617, -318.34565877])
31, array([  36.30840512,  -16.53603895, -149.12269307,   85.11096165,
        -95.92532419, -315.30351754])
32, array([  38.18729438,   -9.96945206, -151.80816367,   97.02081117,
        -74.37640394, -321.20754676])
33, array([  35.60638555,   -3.2454282 , -155.18780418,   94.12473663,
        -49.35201352, -331.54295625])
34, array([  28.54017398,    2.25593149, -158.28682963,   77.24869737,
        -26.68254863, -342.0541583 ])
35, array([  18.85778308,    6.30187179, -158.93039813,   51.67279994,
         -9.82240329, -349.19870255])
36, array([   8.99685966,    8.5313409 , -156.96901717,   26.3387273 ,
         -1.24677797, -349.78878394])
37, array([   1.27087113,    9.89601143, -154.31700872,    6.00777629,
          2.68427548, -347.45232271])
38, array([  -3.40124167,   10.70634237, -151.97478938,   -6.82395764,
          3.60947939, -344.40736425])
39, array([  -5.48564912,   11.27441485, -150.28349052,  -13.81689594,
          2.23927094, -341.9586066 ])
