0, array([  10.70197674,    9.87101972, -153.10759919,   -3.68148195,
          7.69382319, -347.35454295])
1, array([  11.67394286,    9.39632497, -155.89140169,   -1.22124076,
         -4.0331262 , -349.38499727])
2, array([  14.15480635,    9.82280462, -157.39457146,    8.11923369,
         -8.81987625, -350.3646903 ])
3, array([  17.67299956,   11.05827339, -157.8440441 ,   22.20953947,
         -7.62283392, -350.4064189 ])
4, array([  21.75695486,   13.010546  , -157.4667552 ,   38.91927465,
         -1.39840617, -349.62297995])
5, array([  25.93510462,   15.58743718, -156.48964037,   56.11803728,
          8.89700006, -348.1271703 ])
6, array([  29.7358812 ,   18.69676165, -155.13963519,   71.67542545,
         22.3069778 , -346.03178683])
7, array([  32.56877158,   22.66273577, -153.80242917,   80.34820121,
         36.90150004, -342.6159549 ])
8, array([  33.15265832,   27.26418232, -152.55866339,   82.0452458 ,
         55.1576924 , -340.7325369 ])
9, array([  33.52945325,   31.01057381, -151.26178747,   81.99399486,
         70.57013048, -336.3120767 ])
10, array([  30.26053485,   34.70940568, -151.41321984,   67.07145682,
         86.77985753, -332.3678781 ])
11, array([  25.07857845,   37.90275242, -151.31563025,   42.80693432,
        104.7230249 , -329.79208558])
12, array([  17.09418664,   41.87068295, -151.52018214,   15.65539275,
        109.38776729, -327.39557673])
13, array([   7.58004628,   43.2433841 , -153.31402836,  -12.53106879,
        116.08373502, -327.10907064])
14, array([  -2.43246443,   41.79833616, -156.64703917,  -38.580669  ,
        112.93911552, -332.40147908])
15, array([ -11.73141737,   40.05921857, -160.16429493,  -64.94979077,
        102.95541883, -334.54048363])
16, array([ -20.58448916,   34.76670402, -163.93241907,  -89.68970137,
         92.18351119, -338.68976071])
17, array([ -26.50377335,   27.14464041, -167.41672507, -104.90106916,
         69.52323726, -340.06866288])
18, array([ -30.57386085,   19.47514846, -171.34767133, -109.76086146,
         46.28998427, -341.92316767])
19, array([ -30.60377195,   11.16193736, -174.11171702, -109.36683481,
         15.94272317, -341.77347465])
20, array([ -26.2808473 ,    2.71770462, -176.46942487, -100.80402791,
        -14.15966364, -340.77002863])
21, array([ -21.49518871,   -5.6133847 , -176.28933526,  -79.51129754,
        -43.253735  , -334.17832361])
22, array([ -16.0310794 ,  -11.62410958, -175.49755165,  -56.21787678,
        -68.97028765, -329.20858112])
23, array([  -8.28216356,  -15.73184284, -173.0695612 ,  -31.56473595,
        -85.26303759, -322.35451949])
24, array([-9.74763071e-02, -1.79824772e+01, -1.69756943e+02, -2.05791849e+00,
       -9.93558780e+01, -3.15659308e+02])
25, array([   8.22122401,  -20.13780521, -167.37446275,   24.44113966,
       -100.30407749, -316.9569551 ])
26, array([  16.18864225,  -18.71849676, -165.55795724,   47.10372727,
        -98.23234708, -319.5141955 ])
27, array([  22.37685286,  -14.9917017 , -163.01247189,   65.95951236,
        -86.8730899 , -320.87741966])
28, array([  27.92751574,  -11.42638394, -162.75639407,   75.77899839,
        -73.34031638, -325.34420274])
29, array([  31.44889252,   -6.99259772, -162.68029606,   78.17697584,
        -60.48102376, -329.90242429])
30, array([  31.43784991,   -1.4178963 , -163.96490258,   77.96696627,
        -45.111806  , -337.73461669])
31, array([  30.69719993,    2.8023818 , -165.38588962,   69.64484461,
        -31.54164663, -344.84346612])
32, array([  27.72846734,    7.03065393, -166.70857271,   57.28549447,
        -18.62278987, -351.12681298])
33, array([  20.80845048,   10.85826157, -167.19972361,   48.29605883,
         -8.39101119, -355.30754846])
34, array([  14.22109257,   13.23932327, -168.21488564,   33.40998755,
         -1.10064487, -357.97783001])
35, array([   8.29123291,   14.70109255, -168.72669746,   18.53433383,
          4.26260501, -359.51682639])
36, array([   3.92816905,   15.15547425, -168.47608534,    5.10296554,
          7.68483855, -359.92482707])
37, array([   2.04119854,   14.51437323, -167.20397555,   -5.45024941,
          9.15215589, -359.20212149])
38, array([   3.53961893,   12.68969435, -164.65129438,  -11.69144316,
          8.65065715, -357.34899912])
39, array([   9.33272775,    9.59334245, -160.55896808,  -12.18674782,
          6.16644246, -354.36574942])
