0, array([ 1.67330854e+00,  1.26692648e+01, -1.49000934e+02, -1.60397526e+01,
       -8.95667051e-02, -3.44134372e+02])
1, array([ 2.70920605e+00,  1.19554287e+01, -1.55195330e+02, -1.49568478e+01,
        1.98197321e-01, -3.48636746e+02])
2, array([   7.70378609,   12.34956481, -159.59866963,   -2.00253454,
          3.87337402, -351.75576053])
3, array([  15.79120415,   14.08563368, -161.85718176,   20.52402811,
         10.94655619, -352.44528653])
4, array([  25.80047665,   17.72148281, -159.90407178,   49.90478489,
         24.6071443 , -347.84919504])
5, array([  33.34499407,   23.36805796, -154.83131816,   71.90340912,
         45.48482513, -339.68359604])
6, array([  35.84837106,   28.37726877, -150.78821275,   77.18822369,
         66.15083138, -332.75304921])
7, array([  32.64834613,   30.68722209, -151.11689925,   64.29696967,
         78.97464012, -331.27890923])
8, array([  24.71246217,   31.63329925, -155.10546822,   39.14732471,
         82.94141253, -335.36303627])
9, array([  14.52076776,   32.42197796, -159.81362555,   10.8483256 ,
         84.08850598, -340.72215765])
10, array([   4.5800721 ,   34.20811897, -162.65304648,  -15.46354695,
         86.37252721, -342.67429032])
11, array([  -5.13102339,   37.89064561, -161.94264731,  -40.16431864,
         95.56194352, -336.40644594])
12, array([ -14.73623324,   41.72667742, -160.0560181 ,  -65.04783673,
        108.62606095, -324.85170268])
13, array([ -21.77274353,   42.49425756, -159.36978679,  -84.68765111,
        114.95802856, -315.34714403])
14, array([ -23.62502347,   38.74327078, -161.89966076,  -91.35330854,
        103.2239368 , -316.79517522])
15, array([ -21.35868435,   31.99561105, -166.61611234,  -84.12217464,
         78.98162871, -327.17118634])
16, array([ -16.99914643,   23.48851944, -171.48249527,  -69.93587835,
         48.44566508, -341.99219375])
17, array([ -14.40440565,   14.99639592, -174.86200601,  -62.73798245,
         18.495112  , -355.37268514])
18, array([ -16.23545657,    7.46430395, -175.84704573,  -68.27850752,
         -6.100161  , -361.02501575])
19, array([ -21.81789861,    0.63924829, -174.1572957 ,  -84.06316288,
        -26.78859448, -357.06975424])
20, array([ -28.05060752,   -6.59518281, -170.09001709, -102.63393689,
        -48.81448865, -347.66387279])
21, array([ -30.25858071,  -13.69460226, -165.4716391 , -112.03771537,
        -72.4441686 , -337.52459142])
22, array([ -26.95444385,  -18.97921847, -162.43665786, -106.48202527,
        -93.08743974, -330.13409922])
23, array([ -19.77938475,  -20.44965474, -162.15037069,  -90.96014334,
       -104.09342617, -328.3197435 ])
24, array([ -10.43183046,  -17.18108943, -164.51594356,  -70.11258599,
        -97.41844218, -333.99026509])
25, array([  -0.40915826,  -11.97098467, -167.64168795,  -47.15997461,
        -81.01349969, -342.89029502])
26, array([   8.47778995,   -8.29878093, -168.51416481,  -25.77389987,
        -68.82555273, -348.79620103])
27, array([  15.72341098,   -9.47221858, -164.83103604,   -4.92987666,
        -70.9616869 , -346.06445018])
28, array([  22.7444085 ,  -13.81625743, -158.80941144,   18.77367104,
        -84.04465768, -335.87374135])
29, array([  29.3960894 ,  -17.84315035, -152.74837423,   44.60540912,
        -99.03954307, -322.8533969 ])
30, array([  34.24273249,  -17.71312677, -149.40021837,   68.23473561,
       -103.59624064, -312.67419122])
31, array([  37.30724384,  -13.10601276, -149.08064173,   87.36843073,
        -91.83929273, -309.53365927])
32, array([  38.18729438,   -6.26646099, -151.55329668,   97.02081117,
        -69.30932951, -314.57141233])
33, array([  35.77358506,    0.68066982, -155.74511021,   92.39653814,
        -44.01421658, -325.53122237])
34, array([  30.38365412,    6.13850912, -160.19730694,   75.32833064,
        -21.69251414, -337.99703483])
35, array([  23.33569948,    9.65950646, -163.64785397,   50.45767683,
         -5.72423528, -348.3632609 ])
36, array([  15.90057007,   11.47047852, -164.21196486,   22.83492407,
          2.69003895, -354.34671142])
37, array([   9.43460095,   11.87494002, -161.79277395,    0.74594235,
          4.329288  , -354.50040153])
38, array([   5.24412266,   11.79337943, -156.97079464,  -12.35540211,
          3.07469764, -351.18560809])
39, array([   3.08045207,   11.60838807, -152.28728572,  -18.36841535,
          1.07797717, -347.49626583])
