0, array([  -9.08558997,   14.06722637, -163.41573292,  -29.7582531 ,
          8.34405012, -355.96606222])
1, array([  -5.94338737,   12.95307021, -164.49961879,  -21.14726607,
          4.9201127 , -357.59468433])
2, array([  -1.6540148 ,   12.31536636, -164.90937618,   -9.92930985,
          2.52148416, -358.26902079])
3, array([   3.66003863,   12.13004537, -164.71819572,    3.66102198,
          1.20873989, -358.01022736])
4, array([  10.69166169,   12.56745032, -163.91007663,   21.71359294,
          2.04516128, -356.198526  ])
5, array([  18.13652704,   14.0198156 , -162.26717696,   41.89587554,
          6.02057657, -352.26884901])
6, array([  25.60985874,   16.32714478, -159.93012926,   62.71730451,
         12.97059821, -346.70284682])
7, array([  32.38064655,   19.77026066, -156.69540557,   81.81881085,
         24.54642228, -339.27381882])
8, array([  36.56046548,   24.15860209, -153.52174282,   93.14683719,
         40.2818911 , -331.82606906])
9, array([  38.18729438,   28.81613128, -150.82035117,   97.02081117,
         57.77137365, -324.94623801])
10, array([  36.28455369,   33.48581061, -149.00093401,   90.7062403 ,
         76.42357061, -319.15182869])
11, array([  29.91388591,   37.41712674, -149.08822231,   72.8219405 ,
         92.92068122, -315.68387246])
12, array([  21.4279153 ,   40.48694181, -150.49479278,   49.59875663,
        106.07068187, -314.57228199])
13, array([  11.06471376,   42.49425756, -153.28597545,   21.71904156,
        114.95802856, -316.17300164])
14, array([  -0.45604152,   41.24879782, -158.28638471,  -11.57483259,
        112.63644198, -322.81133778])
15, array([ -11.25373395,   37.89745257, -163.35683573,  -44.14823589,
        102.69121818, -330.55999074])
16, array([ -20.937115  ,   32.6891917 , -168.31040647,  -74.64673662,
         85.85864277, -338.83354613])
17, array([ -27.3680108 ,   25.12022112, -172.49028526,  -96.65563792,
         59.38043806, -345.32111112])
18, array([ -30.25858071,   16.73125753, -174.89487626, -108.4676647 ,
         29.5447256 , -348.76061872])
19, array([ -30.2163424 ,    7.98388156, -175.84704573, -112.03771537,
         -1.87325974, -349.53696955])
20, array([ -26.26724036,   -0.46863773, -174.88787038, -104.99328969,
        -32.53062814, -346.47412468])
21, array([ -19.25214262,   -7.96537464, -172.2643457 ,  -89.92336447,
        -59.73401188, -341.0753763 ])
22, array([ -10.63258848,  -14.31382153, -168.88936824,  -69.92903712,
        -82.6085113 , -334.32428814])
23, array([  -0.57068861,  -18.99642804, -164.98024152,  -44.73725676,
        -99.10551928, -326.21397525])
24, array([   9.70594134,  -20.44965474, -161.00652964,  -16.0015157 ,
       -104.09342617, -318.64388484])
25, array([  19.40543079,  -19.92504821, -157.59627593,   13.01176388,
       -102.92672041, -312.89468102])
26, array([  28.13004654,  -17.34999609, -154.99356245,   41.25422318,
        -95.59517661, -309.53365927])
27, array([  33.76397504,  -12.67035648, -154.4185016 ,   60.79646374,
        -80.73702254, -312.25781978])
28, array([  37.07716601,   -7.53496995, -154.93423808,   73.97977565,
        -64.3152662 , -317.47601128])
29, array([  38.13293786,   -2.12234759, -156.39036257,   80.97247484,
        -46.96826455, -324.70209608])
30, array([  35.73002889,    3.33059177, -158.73013856,   78.98020294,
        -29.85650161, -333.2818555 ])
31, array([  31.57259115,    8.08828895, -160.95959111,   71.0120558 ,
        -14.58841239, -341.59172804])
32, array([  26.19485801,   12.1533812 , -163.04712144,   58.88618436,
         -1.5379824 , -349.20897523])
33, array([  19.73894753,   15.00258258, -164.81407113,   42.99727635,
          6.97615599, -354.8461545 ])
34, array([  13.62958054,   16.5673798 , -165.63388442,   26.32055469,
         11.9545408 , -358.49780413])
35, array([   8.13085631,   17.32867069, -165.90019291,   10.76017092,
         14.62104036, -360.65249353])
36, array([   3.59669768,   17.26022021, -165.62990052,   -2.23655163,
         14.80901351, -361.02501575])
37, array([   0.81275279,   16.57215489, -164.75683872,  -10.92705239,
         13.51899416, -360.05623271])
38, array([  -1.1550538 ,   15.89496721, -163.81724195,  -17.22718442,
         12.0682981 , -358.59351374])
39, array([  -2.29722355,   15.34100571, -162.90339666,  -20.97191395,
         10.66677506, -356.72796553])
