0, array([  10.24532177,    9.34831647, -155.43376016,    3.10606231,
          2.01724592, -345.43977049])
1, array([  10.89500647,    9.2832231 , -157.15855193,    6.65291507,
          0.6629208 , -348.5557705 ])
2, array([ 1.28308764e+01,  9.51220310e+00, -1.58212642e+02,  1.30648607e+01,
        1.64711001e-01, -3.50680433e+02])
3, array([  16.47037164,   10.12334329, -158.44940879,   23.34408511,
          0.73894654, -351.6165563 ])
4, array([  21.37135421,   11.57402501, -158.11805591,   37.45074569,
          3.98436245, -350.93021358])
5, array([  26.41413928,   13.50834341, -157.44392227,   52.53499498,
          8.94575036, -349.19084529])
6, array([  31.63766555,   16.32281832, -156.17129949,   69.32052258,
         17.02755927, -345.59362982])
7, array([  35.44347931,   19.96602135, -154.67862948,   82.91578909,
         28.49462306, -340.91577845])
8, array([  38.18729438,   24.11416526, -153.05722215,   93.86332795,
         42.04497372, -335.60441052])
9, array([  38.11812967,   28.95765637, -151.31561851,   97.02081117,
         58.79744035, -329.48194847])
10, array([  35.09389645,   33.60958415, -149.9789232 ,   91.89024155,
         75.43890136, -323.648864  ])
11, array([  30.06146295,   38.13158571, -149.00093401,   81.1389205 ,
         92.0164472 , -318.09569512])
12, array([  21.82171893,   41.1070489 , -149.92352862,   60.60054491,
        103.97143994, -315.52606337])
13, array([  13.09859337,   42.49425756, -151.78277842,   37.42687781,
        111.43091381, -314.64657473])
14, array([   3.67509916,   42.45580494, -154.56080695,   11.14541053,
        114.95802856, -315.3015921 ])
15, array([  -5.86485497,   39.68570366, -158.68432633,  -17.72686299,
        108.60467542, -318.65755142])
16, array([ -14.55839382,   35.71990548, -162.72912813,  -45.39914996,
         97.98862807, -322.80657018])
17, array([ -22.30444485,   29.97841768, -166.72627922,  -72.16024036,
         81.18435071, -328.13615189])
18, array([ -27.16979946,   22.74927228, -170.25261391,  -91.59268758,
         57.9203726 , -332.69414967])
19, array([ -30.24268078,   15.20125072, -173.21458575, -106.0533173 ,
         32.69270138, -336.20033881])
20, array([ -30.25858071,    7.14055766, -175.11213691, -112.03771537,
          4.15827656, -337.56282872])
21, array([ -27.46963142,   -0.45419105, -175.84704573, -109.11824622,
        -23.76629103, -336.12803536])
22, array([ -22.99718463,   -7.76016806, -175.80197981, -100.749527  ,
        -51.16275346, -333.01461172])
23, array([ -15.67049439,  -13.63700906, -173.92207236,  -82.09120567,
        -73.8634899 , -326.90492722])
24, array([  -7.24556952,  -17.66689799, -171.60633586,  -58.60975925,
        -90.34805661, -320.71631101])
25, array([   2.13351902,  -20.44965474, -168.94946252,  -31.18348353,
       -102.65866762, -314.43308393])
26, array([  11.7382725 ,  -20.36557169, -166.48503645,   -0.43080133,
       -104.09342617, -310.93607133])
27, array([  20.45914264,  -19.04201944, -164.35503432,   27.78468104,
       -100.51468152, -309.53365927])
28, array([  28.49775249,  -16.33393009, -162.52008983,   54.14217051,
        -91.3916763 , -310.35612974])
29, array([  33.16464006,  -11.83299918, -161.90623766,   70.39471108,
        -75.54303836, -315.91657609])
30, array([  35.91924122,   -6.99116278, -161.76896648,   81.00014782,
        -58.5351286 , -322.98860274])
31, array([  35.90294378,   -1.61215495, -162.2874635 ,   83.54945357,
        -39.77333576, -332.32495387])
32, array([  33.13526932,    3.34836832, -162.97185886,   76.93999964,
        -22.6839398 , -341.56734336])
33, array([  29.33944831,    7.77268051, -163.61845303,   66.87196925,
         -7.69330412, -349.96573108])
34, array([  24.18588175,   11.10344584, -164.05726885,   52.33208573,
          2.8970074 , -356.29465138])
35, array([  18.78226117,   13.10915803, -164.14488798,   36.97415202,
          9.28473447, -359.56542758])
36, array([  13.34665538,   14.33900678, -163.96638912,   21.5437051 ,
         13.20526039, -361.02501575])
37, array([   9.44838872,   14.09931883, -163.02102846,   10.99669466,
         12.41248986, -359.16554656])
38, array([   6.69504058,   13.51221928, -161.89197796,    3.6237401 ,
         10.61949257, -356.59149877])
39, array([   4.76677591,   12.63626876, -160.58805184,   -1.45479811,
          7.99209098, -353.38635223])
