0, array([  -0.87755663,   11.77993509, -157.08980035,  -19.88463988,
         -2.59239567, -346.82525103])
1, array([   4.7158404 ,   12.59644625, -164.87350247,   -9.33880523,
         -1.5681332 , -355.82498694])
2, array([  11.3161437 ,   13.70535096, -166.91656506,    5.25947296,
          3.46325768, -358.51737163])
3, array([  19.52962639,   15.94908334, -165.72352781,   26.81125645,
         12.28326884, -356.91518783])
4, array([  27.40629537,   19.14722785, -160.84105324,   53.23269728,
         23.81479132, -349.09868127])
5, array([  32.30739882,   23.54982733, -154.51173569,   75.30871861,
         39.42111132, -337.91199885])
6, array([  32.57674461,   27.90786726, -150.21918319,   81.23618536,
         56.89171631, -329.26115181])
7, array([  30.24696211,   30.8007497 , -149.00093401,   73.3409665 ,
         71.72873448, -326.43426388])
8, array([  25.49219898,   31.23475076, -151.6587718 ,   52.17811504,
         76.55864076, -331.40924614])
9, array([  19.76326751,   30.44046045, -156.09841639,   25.88963329,
         75.33792705, -339.9822895 ])
10, array([  14.4546961 ,   30.81492196, -159.61540292,    3.37712363,
         75.91077261, -344.96461212])
11, array([   8.34914044,   34.22019263, -159.37150888,  -15.08240819,
         85.1103556 , -341.44567973])
12, array([   0.37556451,   39.18708481, -157.23424947,  -36.46338967,
        100.67336273, -331.76626683])
13, array([  -9.1623154 ,   42.49425756, -155.95704342,  -61.0819915 ,
        114.35278139, -318.16983125])
14, array([ -18.27736697,   42.25040106, -157.41025569,  -82.77523515,
        114.95802856, -309.53365927])
15, array([ -23.10414612,   37.91879478, -161.90523323,  -92.88320123,
         99.64790362, -313.3375926 ])
16, array([ -22.00290506,   30.56077299, -168.01925991,  -85.66670762,
         72.41700539, -327.52532934])
17, array([ -18.73530486,   21.87073638, -173.33513772,  -72.36679979,
         41.10977434, -345.49789038])
18, array([ -17.89214191,   12.76221154, -175.84704573,  -69.98264355,
         11.68162292, -358.74622629])
19, array([ -20.95483291,    3.96832168, -175.80968232,  -81.1480155 ,
        -13.73439511, -361.02501575])
20, array([ -26.91033385,   -4.43544611, -173.31273316,  -99.81083341,
        -36.69843496, -352.82765203])
21, array([ -30.25858071,  -12.53250153, -169.95245465, -112.03771537,
        -60.97091442, -342.7560529 ])
22, array([ -27.76768527,  -18.81066533, -167.55025574, -107.88979571,
        -83.74691412, -335.80985963])
23, array([ -19.90678626,  -20.44965474, -167.65156883,  -89.04175217,
        -94.75729168, -336.27507049])
24, array([ -10.32436372,  -17.69598946, -169.57475839,  -67.27691612,
        -89.63281295, -342.94652341])
25, array([  -0.46765228,  -12.65783712, -171.30610218,  -46.22589715,
        -74.59156278, -351.44337114])
26, array([   8.27883467,   -9.83258143, -170.29605043,  -27.64951378,
        -65.81230666, -355.52064963])
27, array([  16.30748109,  -11.25377288, -165.92768707,   -8.58353135,
        -71.00267011, -350.95502224])
28, array([  24.13118994,  -16.2065424 , -159.54065325,   16.9526453 ,
        -88.57969992, -337.27091195])
29, array([  31.02881948,  -19.73948371, -153.66585291,   45.33238238,
       -104.09342617, -321.4984625 ])
30, array([  35.82332034,  -17.94169037, -150.93841048,   70.79310147,
       -101.97388178, -311.8737201 ])
31, array([  38.18729438,  -12.00608981, -151.63346092,   89.58829268,
        -84.19572565, -311.05973295])
32, array([  37.68102662,   -4.33482268, -154.63120425,   97.02081117,
        -59.68494741, -317.92807334])
33, array([  33.23381714,    2.54711968, -159.32772179,   89.0056127 ,
        -36.00193825, -330.22734389])
34, array([  25.68915771,    7.26764832, -164.81778788,   70.02426231,
        -18.17867421, -343.5522972 ])
35, array([  16.35278028,    9.59099554, -168.72985307,   43.2921928 ,
         -8.239001  , -353.47983981])
36, array([   7.92528636,   10.8898206 , -169.24894948,   17.32640513,
         -2.79719437, -358.90234008])
37, array([   1.80273423,   11.19516444, -166.9586973 ,   -1.79104656,
         -1.88017678, -358.52204183])
38, array([  -0.70287854,   11.00382334, -162.63391119,  -10.63665881,
         -3.94819892, -354.06709333])
39, array([  -1.62509866,   11.00237515, -158.6214397 ,  -15.07410445,
         -4.8755008 , -349.16094697])
