0, array([  -5.45453666,   10.42712788, -155.58568787,  -23.01453431,
         -7.91002837, -345.41991213])
1, array([  -1.72107505,    9.7529926 , -159.75643361,  -17.0712271 ,
         -7.20060102, -350.3144295 ])
2, array([   5.01123832,   10.0236354 , -162.99197029,   -1.52643354,
         -5.06629004, -354.22261225])
3, array([  14.12378134,   11.3326369 , -164.59716703,   21.06993818,
          0.75223027, -356.24529432])
4, array([  23.17695825,   14.52314069, -163.07344514,   47.92527892,
         11.63944771, -353.16957618])
5, array([  30.20693401,   19.68839475, -157.54148157,   72.43261177,
         29.39513199, -343.62005985])
6, array([  33.34257549,   26.01444963, -151.4713458 ,   86.37989422,
         54.13170418, -330.73881155])
7, array([  30.97293596,   31.50740119, -149.00093401,   82.04284242,
         77.16920044, -322.72701407])
8, array([  25.52374081,   34.98253698, -149.49823956,   65.21841926,
         91.29132462, -322.68916462])
9, array([  17.77465463,   36.73251615, -153.07768488,   38.40448   ,
         95.18468841, -329.51526642])
10, array([   8.93470532,   37.27853924, -157.11780214,    7.68584673,
         93.53915191, -338.24648381])
11, array([ 6.11359837e-02,  3.84923004e+01, -1.59217295e+02, -1.97575036e+01,
        9.43883967e+01, -3.41480289e+02])
12, array([  -8.66406935,   40.75358294, -158.22499634,  -45.84193357,
        102.26502811, -335.02277901])
13, array([ -17.28547903,   42.49425756, -157.48829263,  -70.37450141,
        113.54140844, -320.87887853])
14, array([ -23.31574113,   41.29646453, -158.80515985,  -87.64044339,
        114.95802856, -312.02396437])
15, array([ -25.38637368,   37.04705475, -162.63322886,  -93.50964273,
        100.77106396, -314.52765515])
16, array([ -23.06257098,   29.38258981, -168.52262534,  -85.25079515,
         71.18568654, -328.95856562])
17, array([ -19.5774736 ,   20.35314623, -173.33761174,  -72.87766829,
         36.82280099, -346.56063077])
18, array([ -18.05405117,   11.42110273, -175.84704573,  -68.38510429,
          5.78064367, -360.11838699])
19, array([ -21.44000907,    3.12345581, -174.88602007,  -80.25516082,
        -19.35827956, -361.02501575])
20, array([ -26.79670273,   -5.00170774, -172.05133726,  -98.06095707,
        -43.32648445, -353.02634716])
21, array([ -30.25858071,  -12.90432828, -168.24939448, -112.03771537,
        -69.14628902, -342.2309479 ])
22, array([ -27.73283168,  -18.3804805 , -165.40360232, -107.68734779,
        -91.15258799, -335.09192944])
23, array([ -20.75159455,  -20.44965474, -164.67159129,  -89.36606849,
       -103.7148376 , -334.12372837])
24, array([ -11.08242904,  -18.45384613, -165.7951491 ,  -64.35381015,
       -101.79617879, -339.68752742])
25, array([  -0.84202862,  -14.32721872, -167.38310802,  -39.03121864,
        -90.47325906, -346.79691903])
26, array([   7.81433895,  -11.6623793 , -166.72861833,  -16.29461073,
        -83.91481888, -349.07258897])
27, array([  15.54910646,  -12.15791305, -162.32473587,    7.15846561,
        -87.06799618, -343.28500539])
28, array([  23.3757697 ,  -14.66137524, -156.60355302,   33.99901658,
        -97.58192902, -329.98862977])
29, array([  30.63049816,  -15.71497677, -151.94122927,   61.50241076,
       -104.09342617, -316.78677031])
30, array([  35.87115061,  -13.31034925, -149.80996776,   84.6343688 ,
        -97.43348876, -309.53365927])
31, array([  38.18729438,   -6.57683406, -151.15751004,   97.02081117,
        -74.5171872 , -313.17432184])
32, array([  37.08942053,    1.07915203, -154.92182948,   96.42037623,
        -48.00975319, -323.46235188])
33, array([  32.64158015,    7.8588302 , -158.96620396,   84.84972117,
        -24.18786653, -336.25925805])
34, array([  25.30410581,   12.2534571 , -162.57504753,   65.45268518,
         -7.99990811, -347.53355955])
35, array([  17.42118197,   14.66385296, -164.96334168,   42.24942021,
          0.84684285, -354.86200722])
36, array([  10.20278242,   15.28979614, -164.87585813,   20.36098966,
          3.37568745, -357.17065493])
37, array([   4.86507259,   14.49245184, -162.12857379,    3.69005296,
          1.3683324 , -355.08335291])
38, array([   1.65955967,   13.43416329, -158.54120438,   -7.53748618,
         -1.91668679, -351.62136502])
39, array([ 1.36868294e-01,  1.25242841e+01, -1.55664999e+02, -1.38887412e+01,
       -4.40067075e+00, -3.48091496e+02])
