0, array([  -6.97813496,   16.47046696, -154.71507336,  -40.83218601,
         -6.39635689, -350.43887463])
1, array([   2.65280981,   13.73985528, -161.19617568,   -7.81939573,
         -1.14903937, -355.02621069])
2, array([  10.88049028,   13.20887749, -163.96431532,   20.06850987,
          7.12143885, -355.86164499])
3, array([  17.60979746,   14.44282206, -163.85673521,   42.48789186,
         17.65126224, -353.82458589])
4, array([  22.74562238,   17.00697749, -161.71067825,   59.09511128,
         29.67661528, -349.79444173])
5, array([  26.19285607,   20.46663225, -158.36338736,   69.54652918,
         42.43368243, -344.65062085])
6, array([  27.85638954,   24.38707482, -154.65210543,   73.49850663,
         55.15864817, -339.2725316 ])
7, array([  27.07089801,   28.44661692, -153.00847977,   68.68773038,
         66.09357805, -338.1643371 ])
8, array([  25.25602863,   30.42303364, -153.79732838,   55.10217813,
         73.54689925, -337.75366147])
9, array([  20.12799004,   32.39899883, -154.02823419,   36.67653222,
         83.39004974, -334.82693752])
10, array([  13.87011169,   35.2155914 , -155.16291061,   11.53062425,
         91.27042225, -332.29346993])
11, array([   3.94856755,   36.40179381, -156.69652974,  -10.67587182,
        103.35335893, -329.77103456])
12, array([  -3.6201608 ,   39.483376  , -159.00077289,  -36.47282527,
        101.75468557, -327.8593849 ])
13, array([ -10.52485767,   37.95445074, -161.58240597,  -56.69999952,
        101.57028337, -326.3505477 ])
14, array([ -15.88263541,   37.12315963, -164.12634549,  -68.58605947,
         93.04726637, -324.69888816])
15, array([ -20.4340599 ,   35.98321508, -166.35520517,  -74.40451212,
         85.62899824, -326.40794866])
16, array([ -22.64581521,   32.34486929, -167.50683703,  -77.00122791,
         73.90909067, -329.89407344])
17, array([ -25.02776628,   25.79776366, -169.31240711,  -79.40316868,
         53.03375654, -334.47830259])
18, array([ -27.10680733,   18.00988773, -171.08331548,  -85.84828748,
         28.54570803, -339.54610484])
19, array([-2.67787268e+01,  1.00951914e+01, -1.73015268e+02, -8.89020342e+01,
        1.18358303e-01, -3.46837557e+02])
20, array([ -26.91940775,    1.41022145, -173.67835159,  -94.08102166,
        -25.59102452, -348.65585521])
21, array([ -27.47999226,   -5.50916083, -172.70504747,  -96.90549054,
        -47.75052217, -346.87214818])
22, array([ -26.31609305,  -10.19484399, -170.77774384,  -95.56567991,
        -59.51274065, -344.43346124])
23, array([ -22.65372756,  -13.68304849, -168.50163327,  -91.15403348,
        -67.85487001, -340.87879306])
24, array([ -16.72221789,  -14.24531373, -167.37516484,  -81.87230959,
        -82.16699408, -339.68393499])
25, array([  -9.15204842,  -17.6069533 , -165.49718997,  -67.55437882,
        -88.59528305, -336.61932521])
26, array([  -0.86401415,  -18.20234511, -163.57419083,  -48.15990882,
        -94.61445572, -332.27304217])
27, array([   8.28841231,  -16.57821764, -161.75241763,  -19.84315081,
        -96.54653837, -330.00209611])
28, array([  18.24793013,  -17.63114324, -158.6425846 ,   11.65112378,
        -94.55442349, -327.09203369])
29, array([  25.11586691,  -16.58435733, -157.06640569,   37.41757039,
        -94.92412547, -322.80655195])
30, array([  31.52988901,  -14.1938142 , -155.78022614,   62.01395412,
        -89.71153351, -322.12445727])
31, array([  36.19111078,  -11.15614732, -154.86575564,   77.1586046 ,
        -83.02575111, -323.247699  ])
32, array([  35.45601233,   -7.32685564, -155.4685715 ,   81.94239689,
        -70.04649419, -324.92597513])
33, array([  33.15618745,   -2.49875001, -157.20316943,   79.88191787,
        -56.49337249, -329.68665097])
34, array([  30.03015023,    3.47794079, -159.79383514,   72.471887  ,
        -36.31213441, -338.19450715])
35, array([  25.16693814,    8.86091724, -162.12719856,   60.16473974,
        -17.79753377, -346.26634781])
36, array([  18.57948638,   12.97000345, -163.67801778,   43.64168241,
         -3.49736921, -352.52955427])
37, array([  10.28073015,   15.12502348, -163.92105086,   23.58392132,
          4.04056061, -355.61150788])
38, array([ 2.83604674e-01,  1.46458014e+01, -1.62331056e+02,  6.72662778e-01,
        2.26845703e+00, -3.54139590e+02])
39, array([ -11.39895485,   10.85216138, -158.38279098,  -24.4108869 ,
        -11.36147861, -346.74118189])
