0, array([  -1.20910444,    8.52038895, -157.54356388,    5.56351479,
          5.78864596, -343.19813478])
1, array([   2.66284967,    9.88286498, -158.19447028,   -1.79262375,
         -3.37832522, -348.75835251])
2, array([   7.66431107,   11.43372517, -158.23428477,    2.57538501,
         -5.66181981, -351.68972841])
3, array([  13.33650665,   13.19249861, -157.77883235,   15.59499832,
         -2.17168422, -352.38359764])
4, array([  19.22066331,   15.17871439, -156.94393803,   34.19367345,
          5.98223512, -351.23129535])
5, array([  24.85800794,   17.4119016 , -155.84542679,   55.29886767,
         17.69009179, -348.62415666])
6, array([  29.78976744,   19.91158935, -154.59912365,   75.83803825,
         31.84203938, -344.95351674])
7, array([  34.21805229,   22.59245469, -153.10514506,   89.44031818,
         46.45435975, -340.4395465 ])
8, array([  36.33242851,   26.49542686, -151.32915006,   90.65980837,
         61.50918241, -336.39220729])
9, array([  33.70554968,   30.85008747, -151.17545599,   91.22088558,
         77.39763953, -332.15499173])
10, array([  29.8184372 ,   34.66972301, -150.49015411,   80.68188828,
         92.57942819, -328.82371814])
11, array([  23.78918649,   37.41039915, -151.49546723,   56.48051404,
        100.99805935, -324.30626457])
12, array([  15.8249115 ,   39.31077991, -153.28241236,   31.2003575 ,
        108.50229078, -323.9314676 ])
13, array([ 7.43717546e+00,  4.06899175e+01, -1.55532071e+02,  5.10091566e-02,
        1.05148211e+02, -3.26325274e+02])
14, array([  -0.76483594,   39.7131323 , -158.55559149,  -30.88254132,
         99.7500527 , -326.83143912])
15, array([  -9.27790698,   38.08053501, -162.8734405 ,  -58.01568742,
         86.32537544, -327.13648464])
16, array([ -15.74081995,   34.03836173, -166.68613322,  -79.83133473,
         73.21869898, -329.6543744 ])
17, array([ -21.84539534,   28.5989542 , -169.86824375,  -98.76499037,
         55.47566975, -329.69093378])
18, array([ -26.53409596,   22.0129931 , -172.57311415, -105.05258638,
         29.99693296, -329.28385444])
19, array([ -25.38664654,   14.04761865, -174.75343795, -110.37572862,
          3.98962026, -331.37659639])
20, array([ -24.96962931,    6.35626238, -175.42089255, -100.56346119,
        -23.4883443 , -332.42755892])
21, array([ -23.62248627,   -1.18765582, -176.49764444,  -85.23564584,
        -45.0289805 , -330.10797184])
22, array([ -17.9528505 ,   -8.27218435, -173.26355753,  -68.4087326 ,
        -66.20827502, -326.95001308])
23, array([  -8.80723957,  -14.28163482, -169.93697022,  -47.40524483,
        -81.83863063, -323.45762762])
24, array([-1.58095994e-01, -1.81621253e+01, -1.68273550e+02, -1.92122041e+01,
       -9.11563120e+01, -3.24252591e+02])
25, array([   8.25864635,  -19.81897212, -164.83102091,    9.56449894,
        -97.35630076, -322.9256098 ])
26, array([  15.08315798,  -20.74677257, -162.54421866,   32.81321329,
        -94.50001109, -320.78449152])
27, array([  23.28523922,  -18.61177614, -160.8542614 ,   53.93373162,
        -87.83546792, -321.53514397])
28, array([  29.3867748 ,  -15.31020642, -160.38198452,   66.41719271,
        -74.19626512, -324.78263618])
29, array([  32.84753599,   -9.63690498, -159.85885604,   72.67253502,
        -58.61798827, -327.80049669])
30, array([  33.59751323,   -4.13750987, -161.21851604,   75.79694064,
        -44.52728144, -335.70540969])
31, array([  32.89881843,    1.09606615, -163.89766859,   70.90581687,
        -30.50510101, -344.0479691 ])
32, array([  28.6809121 ,    5.64189495, -164.8207844 ,   65.61537254,
        -17.99533855, -349.76597906])
33, array([  22.67696468,    9.60530065, -166.29041989,   50.5594958 ,
         -6.10890855, -353.79753107])
34, array([  17.97143977,   12.6903613 , -166.0335558 ,   35.75352596,
          1.8227209 , -357.31721697])
35, array([  13.31875117,   14.91361515, -165.10875249,   20.97137972,
          8.25901674, -359.50625474])
36, array([   9.06304978,   16.15027081, -163.50294697,    7.68476858,
         13.38948845, -360.12454568])
37, array([   5.54848649,   16.2755369 , -161.20307627,   -2.63459595,
         17.4036455 , -358.93199108])
38, array([   3.11921222,   15.16462203, -158.19607742,   -8.51500239,
         20.49099736, -355.68849225])
39, array([   2.11937785,   12.69273481, -154.46888743,   -8.48473924,
         22.84105351, -350.15395048])
