0, array([  -2.73354192,   12.20163498, -161.73272217,  -16.98964827,
          4.21562941, -356.66122087])
1, array([-6.97545556e-01,  1.14879345e+01, -1.62328431e+02, -1.34164851e+01,
        2.31828480e-01, -3.57593469e+02])
2, array([   2.58056478,   11.07744333, -162.67760106,   -6.11539029,
         -2.43188964, -358.33315965])
3, array([   7.19872146,   10.98004484, -162.77291657,    5.17025813,
         -3.75137588, -358.87472087])
4, array([  13.48912714,   11.93706282, -162.09914481,   21.41769965,
         -1.56950908, -357.62679676])
5, array([  20.02422627,   13.64003724, -160.81192345,   38.8574037 ,
          3.21400018, -355.12140173])
6, array([  26.80293012,   16.08564905, -158.91398195,   57.48406546,
         10.58757617, -351.36413077])
7, array([  32.37478473,   19.69753978, -156.55380696,   73.45398943,
         23.30760894, -346.02213338])
8, array([  36.20931079,   23.84858926, -154.12978629,   85.03913795,
         38.4807247 , -340.26949161])
9, array([  38.18729438,   28.41799552, -151.71395348,   91.87647514,
         55.66315174, -334.27583776])
10, array([  35.79242296,   33.2854071 , -149.87341853,   84.86151327,
         74.10130718, -328.57942027])
11, array([  31.4636714 ,   37.56073626, -149.00093401,   72.1575986 ,
         90.86311105, -323.81674162])
12, array([  25.18371489,   41.23867882, -149.10517225,   53.71376626,
        105.93354563, -319.99616678])
13, array([  16.03303892,   42.49425756, -151.74180401,   27.78429353,
        113.15372716, -320.06349331])
14, array([ 6.45519173e+00,  4.23226257e+01, -1.55377787e+02,  2.40763546e-01,
        1.14958029e+02, -3.22401575e+02])
15, array([  -3.65519262,   40.77642933, -160.0206686 ,  -29.21427559,
        111.57228295, -326.95573034])
16, array([ -12.76959575,   36.00672974, -165.0010665 ,  -57.14337636,
         97.08928134, -334.20985419])
17, array([ -20.65369477,   30.04533857, -169.43907293,  -81.42522014,
         77.59632966, -340.3422961 ])
18, array([ -27.35853167,   22.75802188, -173.36874403, -102.22322872,
         52.60850208, -345.37701087])
19, array([ -29.85950245,   14.00334842, -175.09799081, -110.67522987,
         21.71320995, -345.90112969])
20, array([ -30.25858071,    5.2053597 , -175.84704573, -112.03771537,
         -9.4049204 , -344.4849383 ])
21, array([ -28.55576644,   -3.6359443 , -175.61590879, -106.31068523,
        -40.74588899, -341.12843671])
22, array([ -23.20215595,  -10.77521842, -173.47104967,  -88.04323244,
        -66.66507047, -334.49342899])
23, array([ -16.19029186,  -16.27114395, -170.98980012,  -65.4643638 ,
        -86.71378962, -327.59980593])
24, array([  -7.49605441,  -20.26324033, -168.15838025,  -38.46116214,
       -101.39523751, -320.37593708])
25, array([   2.3848499 ,  -20.44965474, -165.89787098,   -6.26449421,
       -104.09342617, -314.60038975])
26, array([  11.67972381,  -18.93363209, -164.16231951,   24.99306639,
       -101.16248217, -310.97063723])
27, array([  20.48640396,  -15.63046659, -162.95214239,   55.67513759,
        -92.34411076, -309.53365927])
28, array([  26.14182108,  -10.17637124, -163.36154182,   76.57010308,
        -75.13832486, -313.93420928])
29, array([  29.72513001,   -4.39937961, -164.20872144,   90.33087939,
        -56.42455708, -320.5046371 ])
30, array([  31.25472903,    1.69764132, -165.48979419,   97.02081117,
        -36.21619684, -329.22567634])
31, array([  28.61156977,    6.93933947, -166.60003612,   89.96789697,
        -19.06405153, -337.79623968])
32, array([  24.94451978,   11.392513  , -167.33755336,   78.87215992,
         -4.4566142 , -345.50218511])
33, array([  20.36728345,   14.92715467, -167.68055783,   64.08092114,
          7.18071337, -352.11775726])
34, array([  15.04342681,   16.50940927, -167.44589592,   46.64630724,
         12.5881381 , -356.33118847])
35, array([   9.95936544,   17.22751633, -166.9607659 ,   29.69085453,
         15.4059312 , -359.27184432])
36, array([   5.11617103,   17.07761376, -166.22404835,   13.21670453,
         15.62251891, -360.93403641])
37, array([   1.99579944,   16.11465698, -165.3100109 ,    1.42273234,
         13.75619217, -361.02501575])
38, array([-2.27652038e-01,  1.51310674e+01, -1.64373830e+02, -7.53265440e+00,
        1.12877395e+01, -3.60458165e+02])
39, array([  -1.62342118,   14.11803439, -163.40396096,  -13.89146176,
          8.21277545, -359.2549263 ])
