0, array([  -0.95384046,    8.81287944, -163.94021712,   -3.05110281,
          5.57709393, -350.70846744])
1, array([   3.63782592,    8.29026419, -163.3505029 ,   10.9620777 ,
          1.51959233, -350.36899428])
2, array([ 8.34524748e+00,  8.37730108e+00, -1.62537405e+02,  2.48959064e+01,
        3.46546819e-01, -3.49402745e+02])
3, array([  13.24412337,    9.10149495, -161.47718595,   38.95753914,
          2.1591094 , -347.76928778])
4, array([  18.73038363,   10.93516086, -159.6049268 ,   54.21263024,
          8.17113471, -345.10633451])
5, array([  24.09821163,   13.43534672, -157.43044321,   68.48615024,
         16.79282264, -342.01595971])
6, array([  29.34813432,   16.59908694, -154.9550799 ,   81.78246652,
         28.01256177, -338.50006512])
7, array([  32.86796111,   21.0038177 , -152.58266817,   88.07608719,
         43.24108311, -334.80153627])
8, array([  34.80569906,   25.80899058, -150.59548515,   89.15385029,
         59.61833755, -331.03481762])
9, array([  35.10046268,   30.87272288, -149.05419656,   84.97112467,
         76.66078912, -327.30818057])
10, array([  31.9055594 ,   35.42249202, -149.00093401,   69.20769331,
         91.84826184, -323.61210149])
11, array([  27.09251427,   39.15814745, -149.4211475 ,   49.36075786,
        104.12990555, -320.16984905])
12, array([  20.64683104,   42.07239588, -150.31907868,   25.393736  ,
        113.47968816, -316.98369719])
13, array([  12.05669807,   42.49425756, -152.89675841,   -2.87770401,
        114.95802856, -315.60019831])
14, array([   3.26294371,   41.73214084, -156.0142241 ,  -30.27684479,
        111.83885059, -315.52265533])
15, array([  -5.83957125,   39.82408819, -159.68987769,  -57.18824442,
        104.25577745, -316.70227675])
16, array([ -13.96512806,   35.67048248, -163.23171726,  -79.05516894,
         88.69434873, -320.08758978])
17, array([ -21.09236695,   30.4455092 , -166.70132045,  -96.67842408,
         69.47667678, -323.90692334])
18, array([ -27.27228362,   24.03004472, -170.1431114 , -110.11001811,
         46.17730112, -328.22382948])
19, array([ -29.76396878,   16.37446485, -172.79547852, -112.03771537,
         18.84458942, -331.2588918 ])
20, array([ -30.25858071,    8.5516794 , -174.69678997, -108.36545653,
         -8.93496201, -332.73048356])
21, array([ -28.75611939,    0.56168838, -175.84704573,  -99.09324159,
        -37.16135315, -332.63860479])
22, array([ -23.26664066,   -6.69536166, -175.81141981,  -78.881972  ,
        -62.07785203, -329.05299704])
23, array([ -16.21009211,  -12.78170442, -174.97954455,  -54.40216726,
        -82.64790097, -324.27528663])
24, array([  -7.55887527,  -17.82491452, -173.37235658,  -25.50793355,
        -99.31799592, -318.29791142])
25, array([   3.18682742,  -19.96633085, -170.65273876,    6.64492022,
       -104.09342617, -313.55798733])
26, array([  13.51934182,  -20.44965474, -168.0242373 ,   36.64042344,
       -102.83769708, -310.62306639])
27, array([  23.55660901,  -19.21336983, -165.4550481 ,   64.78194445,
        -95.30360293, -309.53365927])
28, array([  30.45468623,  -14.75181151, -163.47572586,   82.0353233 ,
        -79.08602924, -313.24556192])
29, array([  35.32558156,   -9.60290959, -161.99519709,   92.76229617,
        -60.97162898, -319.04292818])
30, array([  38.18729438,   -3.77276701, -161.00903301,   97.02081117,
        -40.97724411, -326.90724118])
31, array([  36.87710009,    2.02913222, -161.74440556,   89.97326518,
        -22.82973185, -336.4746519 ])
32, array([  33.95201655,    7.35078491, -162.82819034,   78.95317228,
         -6.97971161, -345.41501045])
33, array([  29.50295805,   12.0353163 , -164.22398895,   64.29872314,
          6.10697025, -353.45800735])
34, array([  23.44013343,   14.89854728, -165.3624086 ,   46.58850401,
         12.44464693, -357.70740087])
35, array([  17.63232293,   16.86636577, -166.36877398,   30.28273837,
         16.00019312, -360.23230606])
36, array([  12.08066627,   17.93476992, -167.24249491,   15.38770311,
         16.7611747 , -361.02501575])
37, array([   7.84498053,   17.82815011, -167.22673861,    5.80105482,
         14.73363061, -359.58952221])
38, array([   4.98301276,   17.23189872, -166.9908013 ,   -0.50839047,
         12.69777629, -358.06526291])
39, array([   3.4035658 ,   16.15954483, -166.54318072,   -3.76265601,
         10.64028249, -356.44564424])
