[0.08876171810063446,-0.00021319621240867281,-0.06300515557692954,0.11863591166158965,0.05841013161120512,-0.6455534538328171] [0.20086005115522007,0.05597148944673758,0.04627754107787574,0.21717884830571255,0.11384947536540607,-0.5757631740396087]
[0.20086005115522007,0.05597148944673758,0.04627754107787574,0.21717884830571255,0.11384947536540607,-0.5757631740396087] [0.29866311719560207,0.11881961911144201,0.17392626761833085,0.30309563866253825,0.17799606891297137,-0.48577583258092805]
[0.29866311719560207,0.11881961911144201,0.17392626761833085,0.30309563866253825,0.17799606891297137,-0.48577583258092805] [0.37125133698200297,0.181070809935985,0.29931799564516126,0.3656160660055777,0.24466188158853536,-0.3916876044603521]
[0.37125133698200297,0.181070809935985,0.29931799564516126,0.3656160660055777,0.24466188158853536,-0.3916876044603521] [0.40501574741777185,0.2501884855298817,0.42099967868045596,0.3908285336552913,0.32162211431841786,-0.3017010430350755]
[0.40501574741777185,0.2501884855298817,0.42099967868045596,0.3908285336552913,0.32162211431841786,-0.3017010430350755] [0.3614375359547275,0.3476564647382917,0.538106338087462,0.3443614928069824,0.4238690021606946,-0.2225183024194699]
[0.3614375359547275,0.3476564647382917,0.538106338087462,0.3443614928069824,0.4238690021606946,-0.2225183024194699] [0.2588956638471755,0.45672489401259697,0.6359969952203866,0.24586441000606,0.537160324640725,-0.14075762531138203]
[0.2588956638471755,0.45672489401259697,0.6359969952203866,0.24586441000606,0.537160324640725,-0.14075762531138203] [0.11019694553546745,0.5392209479207873,0.6705470043350683,0.10630403756029007,0.6333296529879913,-0.06746934893501955]
[0.11019694553546745,0.5392209479207873,0.6705470043350683,0.10630403756029007,0.6333296529879913,-0.06746934893501955] [-0.07027762389070492,0.5444721257420215,0.576931137662597,-0.06444207410826915,0.6735786073640597,-0.041685720601289056]
[-0.07027762389070492,0.5444721257420215,0.576931137662597,-0.06444207410826915,0.6735786073640597,-0.041685720601289056] [-0.23413633551507088,0.4593231897313702,0.38819431443934693,-0.2203206284615989,0.6371108700331741,-0.08906603873061414]
[-0.23413633551507088,0.4593231897313702,0.38819431443934693,-0.2203206284615989,0.6371108700331741,-0.08906603873061414] [-0.3574466998292299,0.3292091082371248,0.21546801163549745,-0.3386345641434901,0.557161947577797,-0.1724625079901374]
[-0.3574466998292299,0.3292091082371248,0.21546801163549745,-0.3386345641434901,0.557161947577797,-0.1724625079901374] [-0.42797812056760254,0.20588037680657312,0.09163291112012395,-0.4074578040097586,0.46198139125337634,-0.27677504157798527]
[-0.42797812056760254,0.20588037680657312,0.09163291112012395,-0.4074578040097586,0.46198139125337634,-0.27677504157798527] [-0.40927339833987525,0.15485789717232318,-0.029135140355043276,-0.38974571750869574,0.3803050692629402,-0.3932861443664999]
[-0.40927339833987525,0.15485789717232318,-0.029135140355043276,-0.38974571750869574,0.3803050692629402,-0.3932861443664999] [-0.3156582840381531,0.11629875919677979,-0.15712887212887772,-0.3010606983314866,0.29964184122993454,-0.5114467555555562]
[-0.3156582840381531,0.11629875919677979,-0.15712887212887772,-0.3010606983314866,0.29964184122993454,-0.5114467555555562] [-0.17978675343768963,0.03711697635236311,-0.2445113400963823,-0.1685593072295161,0.20287203130221124,-0.6096326264089713]
[-0.17978675343768963,0.03711697635236311,-0.2445113400963823,-0.1685593072295161,0.20287203130221124,-0.6096326264089713] [-0.011052957040327153,-0.077514240201777,-0.24844823733417876,0.0008037383119849466,0.08867050995749562,-0.6609469022190417]
[-0.011052957040327153,-0.077514240201777,-0.24844823733417876,0.0008037383119849466,0.08867050995749562,-0.6609469022190417] [0.1719413205313059,-0.18999972757599476,-0.12683954907038952,0.18210068769017815,-0.024635597462798767,-0.6144026198616084]
[0.1719413205313059,-0.18999972757599476,-0.12683954907038952,0.18210068769017815,-0.024635597462798767,-0.6144026198616084] [0.33457390192040815,-0.27592252393536987,0.050642005213340724,0.34265708040243936,-0.1172280963218286,-0.49938151525968344]
[0.33457390192040815,-0.27592252393536987,0.050642005213340724,0.34265708040243936,-0.1172280963218286,-0.49938151525968344] [0.4637685256065055,-0.3207313866880402,0.2188619898173485,0.4674371343109644,-0.17524121896994882,-0.35868723595005214]
[0.4637685256065055,-0.3207313866880402,0.2188619898173485,0.4674371343109644,-0.17524121896994882,-0.35868723595005214] [0.5492397768506081,-0.3323902773125219,0.3429235693336725,0.543872938918191,-0.2070441555138681,-0.22688282713751828]
[0.5492397768506081,-0.3323902773125219,0.3429235693336725,0.543872938918191,-0.2070441555138681,-0.22688282713751828] [0.5620495537783673,-0.36928205895675836,0.44032894750536933,0.5343410356924055,-0.27195954241176856,-0.11633401728783976]
[0.5620495537783673,-0.36928205895675836,0.44032894750536933,0.5343410356924055,-0.27195954241176856,-0.11633401728783976] [0.5322504688082986,-0.4421818658690393,0.5519561284959753,0.4744618372147739,-0.37323984769209495,0.007247071279725681]
[0.5322504688082986,-0.4421818658690393,0.5519561284959753,0.4744618372147739,-0.37323984769209495,0.007247071279725681] [0.46548941347784206,-0.5447139612727696,0.6765545295700424,0.3689593358744279,-0.49803966210008266,0.15270646715342373]
[0.46548941347784206,-0.5447139612727696,0.6765545295700424,0.3689593358744279,-0.49803966210008266,0.15270646715342373] [0.3680657989524235,-0.650476372499637,0.7649191265609829,0.22324220624850782,-0.6126877380818933,0.2830140621076911]
[0.3680657989524235,-0.650476372499637,0.7649191265609829,0.22324220624850782,-0.6126877380818933,0.2830140621076911] [0.24230451013474694,-0.7252119098543676,0.7501540671770739,0.05027778783782203,-0.677390242409482,0.34730620060128725]
[0.24230451013474694,-0.7252119098543676,0.7501540671770739,0.05027778783782203,-0.677390242409482,0.34730620060128725] [0.11192929173313738,-0.7480319322184587,0.6501644719857245,-0.1221831552489796,-0.6787892633005903,0.3357153047069117]
[0.11192929173313738,-0.7480319322184587,0.6501644719857245,-0.1221831552489796,-0.6787892633005903,0.3357153047069117] [-0.018678650892101224,-0.7183061747605706,0.48451772294856443,-0.2889133207365121,-0.6196220054836995,0.2541591183138472]
[-0.018678650892101224,-0.7183061747605706,0.48451772294856443,-0.2889133207365121,-0.6196220054836995,0.2541591183138472] [-0.13930235535520216,-0.6380138747903843,0.2723140428353643,-0.4347142441737625,-0.5082172847507589,0.11534060310824756]
[-0.13930235535520216,-0.6380138747903843,0.2723140428353643,-0.4347142441737625,-0.5082172847507589,0.11534060310824756] [-0.22885408088589787,-0.5320039339813122,0.07192479234836924,-0.5376469504137564,-0.38779950285088044,-0.02527970944722835]
[-0.22885408088589787,-0.5320039339813122,0.07192479234836924,-0.5376469504137564,-0.38779950285088044,-0.02527970944722835] [-0.288769724609324,-0.42647202733555445,-0.09382721037751907,-0.6018418562725579,-0.2831931986969517,-0.14434830415652655]
[-0.288769724609324,-0.42647202733555445,-0.09382721037751907,-0.6018418562725579,-0.2831931986969517,-0.14434830415652655] [-0.3141936414737137,-0.3361630965476987,-0.22743387810164073,-0.6226075788477916,-0.2111238051238554,-0.24352020890479675]
[-0.3141936414737137,-0.3361630965476987,-0.22743387810164073,-0.6226075788477916,-0.2111238051238554,-0.24352020890479675] [-0.287626830416351,-0.2679731969492187,-0.3314440663247762,-0.58093604450112,-0.17517665320056036,-0.3511361002783744]
[-0.287626830416351,-0.2679731969492187,-0.3314440663247762,-0.58093604450112,-0.17517665320056036,-0.3511361002783744] [-0.23252610924995032,-0.21215955806871772,-0.4001130442911922,-0.500776754175466,-0.14457148101408612,-0.468435411857155]
[-0.23252610924995032,-0.21215955806871772,-0.4001130442911922,-0.500776754175466,-0.14457148101408612,-0.468435411857155] [-0.15932280367095464,-0.16206261210249193,-0.4286205602471487,-0.39294829976023143,-0.10847799922822256,-0.5829432819661191]
[-0.15932280367095464,-0.16206261210249193,-0.4286205602471487,-0.39294829976023143,-0.10847799922822256,-0.5829432819661191] [-0.07642861362338586,-0.12236348009533785,-0.40964229637545735,-0.2667213243561619,-0.07155435031091198,-0.670994436764496]
[-0.07642861362338586,-0.12236348009533785,-0.40964229637545735,-0.2667213243561619,-0.07155435031091198,-0.670994436764496] [-0.07642861362338586,-0.12236348009533785,-0.40964229637545735,-0.2667213243561619,-0.07155435031091198,-0.670994436764496]
