0, array([ -19.56808792,   18.25691977, -146.7333381 ,  -20.1507034 ,
         -6.14448475, -336.83415974])
1, array([ -13.53948799,   16.49948918, -158.88426294,   -5.31747837,
         -5.78051272, -351.21546198])
2, array([  -4.56572098,   17.29281148, -164.59363566,   15.32497245,
         -1.63711176, -358.67820077])
3, array([   8.16028218,   19.6152988 , -167.90179896,   44.73572192,
          6.5981529 , -363.03349994])
4, array([  22.80628052,   24.68706965, -166.03184845,   82.02249207,
         21.26775136, -358.20270203])
5, array([  35.91907554,   32.6466055 , -158.4246991 ,  116.84784204,
         46.37483594, -342.04857798])
6, array([  42.77950388,   41.547085  , -151.18578224,  135.11734649,
         78.12439723, -323.21666963])
7, array([  42.08960493,   49.15751999, -147.21420596,  133.86612505,
        108.1533767 , -310.25698983])
8, array([  34.33775487,   54.20881002, -148.12399775,  111.83772448,
        128.18634542, -308.78652802])
9, array([  20.84071849,   55.81537659, -153.52939794,   71.06364232,
        134.57442154, -318.73427446])
10, array([   5.10024728,   56.01518622, -160.33257016,   25.91061584,
        135.21352685, -330.88909443])
11, array([ -10.76946158,   57.49048208, -164.51766044,  -14.4192144 ,
        137.99219968, -334.98859749])
12, array([ -25.75194031,   60.62387087, -164.98172485,  -52.33080413,
        148.64670791, -324.64930563])
13, array([ -39.56931843,   63.47160679, -164.57100198,  -88.02198895,
        162.61930762, -301.85046516])
14, array([ -49.95650393,   63.54812109, -165.20706462, -115.83400044,
        167.57898047, -281.28748178])
15, array([ -55.05152344,   59.40785107, -168.64885222, -133.51896706,
        154.52111515, -277.67309765])
16, array([ -53.33734261,   50.67810374, -174.51516526, -133.20272308,
        122.35880344, -294.97386901])
17, array([ -46.86793265,   38.66816001, -180.59852919, -113.80255432,
         79.3127099 , -325.18463874])
18, array([ -40.19345583,   25.18907096, -184.61036807,  -92.21142438,
         33.47366643, -355.67174368])
19, array([ -37.50278333,   11.63643004, -186.25542187,  -85.26248181,
         -6.97800073, -375.63558945])
20, array([ -41.88801056,   -1.49012446, -185.40382262, -100.408107  ,
        -40.58284338, -375.89966015])
21, array([ -49.78660066,  -13.70745341, -181.54930282, -126.43775406,
        -72.49814359, -359.25913436])
22, array([ -54.64993123,  -24.30487051, -176.70659361, -145.24136719,
       -105.24200467, -339.48584586])
23, array([ -51.89153337,  -30.99574998, -172.41593671, -143.48913494,
       -131.74590271, -325.25300588])
24, array([ -41.41789343,  -32.33439844, -170.59090058, -118.63287036,
       -142.57169671, -323.24928987])
25, array([ -25.09870153,  -30.39429131, -170.02415188,  -82.48281542,
       -139.76940694, -331.87303613])
26, array([  -7.19863214,  -27.737524  , -168.5896228 ,  -46.30204544,
       -130.86702474, -342.05486341])
27, array([   7.81972088,  -26.95511871, -165.50434926,  -15.86278212,
       -125.80970733, -344.86670169])
28, array([  20.42459037,  -28.87697678, -158.89855536,   13.71885405,
       -133.02602579, -334.29726494])
29, array([  32.51907531,  -31.91037391, -150.94391116,   51.42003637,
       -147.96000304, -313.13081923])
30, array([  44.12583995,  -31.8575983 , -145.96020703,   91.8346878 ,
       -155.22922266, -294.48315042])
31, array([  52.52847668,  -26.37278391, -146.14296376,  125.17710822,
       -143.19218631, -288.67986427])
32, array([  55.5649805 ,  -16.36989606, -150.17377522,  141.51322266,
       -111.43632222, -299.9425797 ])
33, array([  51.39393131,   -6.12718432, -155.24651506,  137.54082947,
        -74.55878349, -319.65873822])
34, array([  39.97411063,    2.25304196, -159.89806003,  114.39285366,
        -41.15161331, -339.71024425])
35, array([  24.32623952,    8.41622653, -160.8640372 ,   79.31173977,
        -16.30542715, -353.33940592])
36, array([   8.38983908,   11.81237889, -157.92006275,   44.56232425,
         -3.66783839, -354.4650641 ])
37, array([  -4.096258  ,   13.89118277, -153.93947698,   16.67542762,
          2.12521284, -350.00795575])
38, array([ -11.64693629,   15.12556063, -150.42387544,   -0.9251872 ,
          3.48865236, -344.19929537])
39, array([ -15.01558144,   15.99090597, -147.88528618,  -10.51703302,
          1.46942575, -339.52796677])
