0, array([  13.38068232,   10.71570088, -159.35203809,   20.35383655,
        -16.12656818, -338.20933859])
1, array([  10.45999534,   11.66209371, -157.39763134,   13.79188657,
        -13.24854524, -333.09021868])
2, array([  10.96242151,   11.04909772, -158.91788164,   15.66263216,
        -16.65348301, -335.37429127])
3, array([  15.02458227,   10.55467621, -161.71098174,   26.91873958,
        -20.66459596, -341.00523727])
4, array([  22.96010706,   12.09887616, -163.32075603,   49.06318319,
        -18.83072844, -345.50251732])
5, array([  31.01452117,   15.35480343, -162.13453821,   72.49218317,
        -10.26011146, -345.17040378])
6, array([  39.62732846,   20.12548207, -159.99203057,   96.98045873,
          4.03304918, -342.08138256])
7, array([  47.82116976,   26.25401801, -157.02836095,  119.90155775,
         23.61016616, -336.51674016])
8, array([  54.14507773,   33.63968984, -153.29999621,  137.44571681,
         48.2784087 , -328.69248781])
9, array([  55.5649805 ,   41.71952513, -149.65098192,  141.51322266,
         77.21646079, -318.70931105])
10, array([  52.13788191,   49.51037428, -147.02016783,  132.48427934,
        106.24021621, -308.41812048])
11, array([  44.00270649,   56.50790791, -145.96020703,  110.778684  ,
        133.65745512, -297.97406623])
12, array([  31.04345405,   61.7853823 , -147.56808832,   76.1389323 ,
        156.59561732, -287.36750342])
13, array([  14.71698123,   63.54812109, -151.80228453,   34.62492938,
        167.39722349, -280.06414191])
14, array([  -2.375245  ,   62.55540085, -157.51876178,   -7.9415058 ,
        167.57898047, -277.67309765])
15, array([ -19.11966219,   58.92167653, -164.20466599,  -49.35415678,
        157.46619498, -280.41960729])
16, array([ -34.36619587,   52.07963343, -171.40989399,  -88.03237788,
        135.27683318, -289.2955921 ])
17, array([ -45.35228399,   42.0732678 , -177.17447601, -116.81874781,
        101.81088171, -300.65241143])
18, array([ -52.30622703,   30.23822243, -181.86705236, -136.07007907,
         62.11001008, -311.80294196])
19, array([ -55.05152344,   17.03553888, -185.27245444, -145.24136719,
         17.74644793, -321.82811295])
20, array([ -52.6184634 ,    3.16558925, -186.25542187, -141.68918767,
        -29.25983519, -329.23485936])
21, array([ -45.37635915,   -9.56212808, -185.13168233, -125.9510958 ,
        -72.39565186, -333.16240158])
22, array([ -34.91941374,  -20.25710095, -183.12024994, -102.43877597,
       -109.25271627, -334.08090662])
23, array([ -21.7823678 ,  -28.36189477, -180.52397568,  -72.09016828,
       -138.01585485, -331.8142532 ])
24, array([  -6.67137224,  -32.33439844, -177.28805459,  -34.09371323,
       -153.00051328, -324.97586729])
25, array([   7.4750151 ,  -32.13502869, -175.05888851,    5.89684431,
       -155.22922266, -319.88961669])
26, array([  20.16888879,  -28.89867343, -173.69238922,   43.79253222,
       -148.12641987, -318.45863879])
27, array([  30.52765596,  -22.91003008, -173.28268004,   76.0466983 ,
       -132.26457951, -321.7704189 ])
28, array([  36.15941588,  -14.41310434, -174.21765099,   94.45918314,
       -106.69291063, -330.54547988])
29, array([  37.54872507,   -5.47476501, -176.10708428,  101.1456414 ,
        -79.49174218, -342.02204524])
30, array([  35.44671178,    2.91790966, -178.7028676 ,   98.63816668,
        -53.44529388, -354.11497741])
31, array([  30.11338852,   10.15174588, -181.75229934,   87.81815371,
        -30.29543752, -365.52896985])
32, array([  21.94676436,   14.94405563, -183.33330261,   68.82678501,
        -13.99645867, -372.68924966])
33, array([  13.55160743,   17.69514776, -183.56385714,   48.69120586,
         -3.20236761, -375.89966015])
34, array([   5.88754655,   19.06268218, -182.74977661,   29.33752011,
          3.11529042, -375.57835668])
35, array([-3.13558218e-01,  1.94142938e+01, -1.81032583e+02,  1.23264303e+01,
        5.43734511e+00, -3.71930424e+02])
36, array([  -4.03091735,   19.14596979, -177.22646438,    1.29540055,
          4.52418708, -365.26307732])
37, array([  -6.11125695,   18.78485263, -173.37358613,   -5.1640964 ,
          2.94781479, -358.0418022 ])
38, array([  -6.57960476,   18.2703731 , -169.52203323,   -7.48695138,
          0.58206234, -350.79373839])
39, array([  -5.39530269,   17.54349874, -165.71399439,   -5.893649  ,
         -2.71428137, -343.97978667])
