0, array([ -13.75051344,   18.63576732, -155.98571426,  -30.04306874,
          0.43893829, -348.76019629])
1, array([  -7.44760284,   19.00035007, -169.67261731,  -17.26118682,
          0.88183089, -366.09930855])
2, array([   0.64379259,   21.36544746, -173.05523308,    4.00841933,
          8.22149729, -370.78538134])
3, array([  11.30334172,   25.40612006, -173.11646488,   33.63634447,
         20.53565513, -369.95083337])
4, array([  22.81935267,   30.50721218, -169.1519342 ,   67.40865084,
         37.85993286, -360.83206476])
5, array([  32.60788169,   37.22316329, -163.42093631,   98.8515976 ,
         60.99527018, -344.47339531])
6, array([  37.16632075,   44.91551397, -157.96630968,  115.3469564 ,
         87.92732479, -326.68321066])
7, array([  36.12350719,   51.75309014, -155.11632399,  114.32804468,
        115.79578208, -312.29092137])
8, array([  29.91673302,   56.19855534, -155.18941634,   98.51331997,
        137.81307846, -305.96135106])
9, array([  19.44139793,   57.45142025, -158.72422461,   71.74411557,
        145.88468084, -311.35083636])
10, array([   6.26439059,   56.55961621, -164.08787069,   38.25416799,
        141.82477058, -325.1304316 ])
11, array([  -7.27375502,   55.69631921, -168.42209116,    3.5722802 ,
        136.73130933, -337.1941596 ])
12, array([ -20.85197118,   57.09873024, -170.76232948,  -30.73825564,
        138.40998513, -339.03799161])
13, array([ -34.17051558,   60.62151675, -170.73038375,  -66.53187867,
        147.97663502, -328.27420424])
14, array([ -45.90303029,   63.54812109, -170.56453057, -101.45503312,
        161.38226792, -307.76801861])
15, array([ -53.33848591,   62.95467556, -171.53918479, -129.12439596,
        167.57898047, -290.00175542])
16, array([ -55.05152344,   57.36492586, -174.6265033 , -141.14997984,
        153.80849068, -290.72088665])
17, array([ -51.26164682,   47.30012026, -178.80424354, -133.85416257,
        120.26773702, -309.71383094])
18, array([ -44.48731901,   34.48783104, -182.92577811, -116.2165206 ,
         74.22138433, -337.67631701])
19, array([ -39.41752747,   21.01282938, -185.77429024, -102.08405063,
         25.1507346 , -363.31387427])
20, array([ -39.51129453,    8.54187049, -186.25542187, -104.04426283,
        -19.25959945, -375.89966015])
21, array([ -44.61986931,   -3.93195065, -184.94337854, -122.31156675,
        -59.61632838, -367.99248163])
22, array([ -49.76041358,  -16.28983495, -181.94787863, -140.11916656,
        -98.47229386, -346.42983446])
23, array([ -50.29911593,  -26.73703137, -178.77931611, -145.24136719,
       -132.78061333, -323.92237524])
24, array([ -43.23900665,  -32.33439844, -176.15620572, -129.83953086,
       -153.93183996, -311.50225123])
25, array([ -28.22512104,  -31.75029563, -175.08894819,  -95.32749834,
       -155.22922266, -315.44230043])
26, array([  -9.15951327,  -29.10765669, -173.77284001,  -53.79005782,
       -148.3566059 , -325.1598496 ])
27, array([   9.32945852,  -26.83939372, -169.47081626,  -13.07880623,
       -141.74712084, -329.13366253])
28, array([  25.15196371,  -26.39442037, -162.74000049,   23.77967552,
       -140.51657512, -321.58563608])
29, array([  38.12722666,  -28.25770539, -154.26473481,   60.96137009,
       -145.85827869, -303.60336004])
30, array([  47.97743725,  -28.36977881, -147.92745641,  100.01669758,
       -147.72542667, -284.21877553])
31, array([  53.91586012,  -23.91449433, -145.96020703,  128.93114656,
       -133.45300668, -277.67309765])
32, array([  55.5649805 ,  -14.20001976, -149.59167785,  141.51322266,
        -99.80060253, -290.0550348 ])
33, array([  52.12802021,   -2.57946196, -157.55634761,  136.07021035,
        -58.58591662, -315.66285701])
34, array([  43.00345803,    7.48697218, -165.75575632,  112.58449359,
        -24.58326602, -342.9270732 ])
35, array([  28.88243584,   13.64437612, -171.4179698 ,   75.10938295,
         -3.50369164, -362.66793317])
36, array([  13.40791458,   16.94883407, -173.61802019,   35.59875682,
          5.67115887, -371.29741973])
37, array([  -0.6116741 ,   18.55734354, -172.04952355,    1.78629595,
          8.00262049, -371.0494347 ])
38, array([ -10.3727468 ,   19.46672113, -168.19026344,  -22.28567451,
          7.84637902, -365.74198234])
39, array([ -14.99944063,   19.93408815, -163.00808619,  -35.34829658,
          6.56068916, -358.64785093])
