0, array([ -13.45364263,   15.12638652, -160.14919461,  -38.41907513,
         -5.17679949, -354.98203579])
1, array([  -5.09490706,   15.10683046, -165.76882329,    3.09984889,
         -6.12510614, -365.60864374])
2, array([   5.14365128,   17.62726662, -168.23914443,   38.77578633,
          1.72015676, -368.06063795])
3, array([  16.1207166 ,   22.11110183, -168.25324106,   68.14436857,
         16.29795119, -364.24444841])
4, array([  26.69497307,   27.9817429 , -166.50419622,   90.74122699,
         35.54723913, -356.06650512])
5, array([  35.72510489,   34.66259666, -163.68509294,  106.10199295,
         57.40698254, -345.43323808])
6, array([  42.06979625,   41.57706991, -160.48901425,  113.76229784,
         79.81614341, -334.25107729])
7, array([  39.96902996,   46.74411003, -159.71941249,  115.67897271,
         93.56312364, -329.40362919])
8, array([  35.24672368,   51.75284229, -158.3746215 ,  101.00041872,
        108.63397079, -330.62564411])
9, array([  25.77962727,   55.66523736, -157.70296768,   76.99066821,
        122.34569502, -327.98116018])
10, array([  11.77465858,   59.00877783, -157.202203  ,   44.85272345,
        136.26028209, -327.70765368])
11, array([  -3.15022874,   62.89817427, -160.15896671,    8.95752782,
        142.43145352, -328.38043715])
12, array([ -19.69322494,   62.7673347 , -161.69636704,  -28.64996199,
        142.58210059, -325.49005083])
13, array([ -32.4608919 ,   62.550286  , -163.4301836 ,  -59.95113025,
        141.40981226, -321.55227349])
14, array([ -40.8498549 ,   60.52544097, -164.44094504,  -85.21967481,
        141.97610253, -318.51644228])
15, array([ -45.22197536,   53.86204553, -166.76063346,  -94.28604039,
        133.83468692, -317.58252189])
16, array([ -45.9128854 ,   47.25177825, -169.96711719,  -99.98589436,
        116.67044911, -320.95862623])
17, array([ -47.0223681 ,   37.2352953 , -173.80905288, -104.91662589,
         94.49071457, -326.36937039])
18, array([ -45.37658251,   25.81865417, -177.33230357, -112.20473615,
         59.69620809, -332.57780474])
19, array([ -47.1838121 ,   12.81868513, -180.35025332, -112.22610796,
         20.57658647, -338.54923635])
20, array([-4.51342076e+01, -2.64681959e-01, -1.79685073e+02, -1.13962593e+02,
       -2.15703518e+01, -3.47633426e+02])
21, array([ -45.10983575,  -11.46823989, -180.09027308, -111.93485281,
        -55.45372894, -347.65597806])
22, array([ -43.53028856,  -20.39162583, -180.8074758 , -107.82825   ,
        -82.10218255, -351.62619346])
23, array([ -37.97287345,  -24.14876453, -178.18911283, -102.44036396,
       -104.42049672, -350.65251641])
24, array([ -35.49960606,  -26.92772894, -176.52697841,  -93.19946555,
       -119.80878006, -346.27515902])
25, array([ -23.60903099,  -28.62007452, -173.67693187,  -71.45207314,
       -125.80914694, -339.50619768])
26, array([ -10.21476272,  -29.0460124 , -170.06592752,  -36.80494978,
       -136.20295023, -334.40072584])
27, array([   4.37066605,  -30.25659743, -166.01606173,    5.89719283,
       -138.49998005, -325.50166612])
28, array([  18.63826871,  -29.77446687, -160.19591943,   42.35465533,
       -140.72278854, -320.23161255])
29, array([  31.25881401,  -26.662305  , -155.5648464 ,   73.58785002,
       -134.74541236, -312.14057119])
30, array([  41.62536608,  -21.50489974, -152.03066561,  101.67925601,
       -125.34515576, -306.25380498])
31, array([  47.9763327 ,  -16.02730936, -150.28885545,  121.74305301,
       -113.29674865, -300.99581362])
32, array([  49.38102322,   -9.86492851, -150.99623808,  131.80930936,
        -99.83138343, -306.71843831])
33, array([  45.13751489,   -3.39549974, -153.93081437,  128.83838353,
        -75.76618479, -314.60373329])
34, array([  38.77827291,    5.02476865, -159.08152149,  113.922296  ,
        -47.31607877, -331.42461785])
35, array([  30.05595137,   12.45978129, -163.87016701,   92.65129431,
        -21.64320343, -348.02966799])
36, array([  19.4804606 ,   17.97838755, -167.25802202,   66.96831275,
         -2.22487886, -361.69989612])
37, array([   7.56171091,   20.64943676, -168.20635763,   38.81628559,
          7.46157486, -369.71631464])
38, array([  -5.19038737,   19.5417783 , -165.67644492,   10.13814711,
          3.93883763, -369.35993594])
39, array([ -18.26592394,   13.72426152, -158.62955498,  -17.1231684 ,
        -16.27041063, -357.91177244])
