0, array([  16.99011425,   19.88926702, -172.32945064,   51.09205537,
         11.29174073, -369.31301864])
1, array([  28.33734684,   24.0060045 , -169.55409542,   78.39720298,
         24.16046279, -364.49504343])
2, array([  38.60378053,   28.78034136, -166.18543528,  103.04406817,
         39.79078813, -358.08247274])
3, array([  47.51402684,   34.36358431, -162.11043407,  124.30979351,
         58.83114065, -349.71597674])
4, array([  51.75671956,   40.60303973, -157.63200268,  134.02222549,
         80.89602706, -339.37920586])
5, array([  51.37999476,   46.83517284, -153.36219606,  132.51344425,
        103.31790229, -328.38495091])
6, array([  45.07213979,   52.75192641, -149.69310494,  116.8415712 ,
        125.03977775, -317.06962164])
7, array([  33.01128406,   57.62029042, -147.37750881,   87.34437044,
        143.4415815 , -306.80857781])
8, array([  16.91059819,   61.11223254, -146.78194962,   48.80278203,
        157.13570371, -298.96238796])
9, array([  -1.79642224,   62.63934791, -148.4896184 ,    4.636731  ,
        163.85384403, -295.49392639])
10, array([ -20.11853478,   62.21247066, -152.07856112,  -37.83597364,
        163.50661644, -297.01359494])
11, array([ -35.96325735,   59.71657218, -157.22634917,  -73.99046191,
        155.93760092, -303.65076114])
12, array([ -46.79075906,   55.2644382 , -163.33155855,  -97.74247405,
        141.85960993, -314.60610813])
13, array([ -51.65489793,   49.28924175, -169.57434489, -107.12890838,
        123.01224057, -328.10067718])
14, array([ -49.43698641,   42.02317359, -175.08537631,  -99.6865131 ,
        100.15932418, -342.24854894])
15, array([ -41.25923751,   33.96961245, -179.26781535,  -78.21273657,
         74.68474286, -355.05623551])
16, array([ -27.83459315,   25.30770366, -181.6408754 ,  -44.8916202 ,
         47.16633461, -364.52755371])
17, array([ -11.19098456,   16.32881229, -181.85874643,   -4.69409764,
         18.17255682, -368.83193963])
18, array([   6.14865939,    7.52313502, -179.98045155,   35.79509687,
        -10.96083388, -366.99054434])
19, array([  22.30602143,   -1.1853932 , -176.28957486,   72.14366778,
        -40.42167131, -358.89935243])
20, array([  34.28030365,   -9.38413702, -171.49926899,   97.04661213,
        -68.6845955 , -345.63036478])
21, array([  41.05406682,  -16.83303902, -166.46034003,  108.10109615,
        -94.80863606, -329.25831591])
22, array([  41.25357546,  -23.08517884, -162.04134083,  102.24015653,
       -117.36041164, -312.0279207 ])
23, array([  35.82293028,  -27.93201603, -158.92128803,   81.95131769,
       -135.51179909, -296.77793769])
24, array([  25.17951674,  -30.99076032, -157.72550677,   48.20898004,
       -147.83155213, -285.75788485])
25, array([  11.43829664,  -32.08221369, -158.58563074,    6.52520528,
       -153.60792701, -280.43756536])
26, array([  -3.63481305,  -31.28865865, -161.1814313 ,  -38.46029968,
       -153.0022066 , -280.92353254])
27, array([ -17.9570494 ,  -28.41006838, -165.51118492,  -80.36066693,
       -145.04077402, -288.08822106])
28, array([ -29.73059916,  -24.0073507 , -170.55389415, -114.54607915,
       -131.74839777, -299.67802506])
29, array([ -37.34755712,  -18.2887951 , -175.74387161, -136.53112125,
       -113.87590169, -314.8385751 ])
30, array([ -40.06234686,  -11.97388424, -180.24428132, -143.37774905,
        -93.82536687, -330.82449284])
31, array([ -38.72550324,   -5.5617118 , -183.86154092, -138.0800584 ,
        -73.32163017, -346.20805358])
32, array([-3.25840039e+01,  2.41062727e-01, -1.85515748e+02, -1.18350891e+02,
       -5.42610559e+01, -3.58635906e+02])
33, array([ -24.91075118,    5.14282175, -185.79724909,  -93.45486911,
        -37.76402414, -367.96828423])
34, array([ -16.15349077,    9.31985721, -184.9865885 ,  -64.65549103,
        -23.2368158 , -374.81569856])
