0, array([  24.68743275,   20.7627245 , -177.09748452,   51.31640727,
         11.01673226, -371.23271497])
1, array([  34.11714838,   25.34781564, -174.28784158,   79.93591903,
         24.419281  , -366.20853412])
2, array([  42.60424446,   30.48633384, -170.87469051,  105.97107936,
         40.36018271, -359.48114708])
3, array([  50.24155312,   36.45562603, -166.62740176,  129.76710311,
         59.86143805, -350.49492682])
4, array([  54.37180993,   42.97830125, -161.69374246,  140.28261786,
         82.33992154, -339.54035858])
5, array([  55.5649805 ,   49.40896267, -156.64532641,  141.51322266,
        105.25348826, -327.77697558])
6, array([  52.03557899,   55.38975592, -151.65662921,  128.2716156 ,
        127.76533051, -315.24013827])
7, array([  41.79999299,   59.528913  , -148.21830187,   96.09947461,
        145.52907263, -303.19242068])
8, array([  28.19151296,   62.57029098, -145.96020703,   55.98377091,
        160.002326  , -292.38625142])
9, array([   9.9711716 ,   63.54812109, -146.12222073,    7.23013962,
        167.57898047, -285.2026279 ])
10, array([  -8.45292446,   62.20159447, -148.96134889,  -41.54444311,
        166.34693459, -285.19105201])
11, array([ -26.55114665,   59.41701194, -153.36585522,  -88.54545379,
        159.9789143 , -289.46526603])
12, array([ -40.9852771 ,   54.23784712, -159.99796592, -122.70816683,
        145.50204876, -300.90099748])
13, array([ -50.12652219,   47.7322896 , -167.04707678, -140.30505367,
        126.40777412, -315.42529841])
14, array([ -55.05152344,   40.39465613, -174.11515953, -145.24136719,
        104.30283686, -331.6023038 ])
15, array([ -50.45368362,   32.17806153, -179.53253054, -124.62855271,
         78.31161559, -347.13363722])
16, array([ -41.17654772,   23.51224535, -183.27258316,  -92.54980274,
         50.23360999, -359.3155579 ])
17, array([ -28.0057932 ,   14.5739431 , -185.51006315,  -51.08690386,
         20.71981505, -368.42277317])
18, array([ -10.9553492 ,    5.91870832, -183.78972592,   -5.53588332,
        -10.01249964, -367.52361249])
19, array([   5.15521332,   -2.70382735, -180.39931539,   35.06321456,
        -40.89463307, -361.52848503])
20, array([  19.62428618,  -11.00918874, -175.12495965,   68.44230479,
        -70.95938457, -349.64446587])
21, array([  27.72679293,  -18.12161241, -169.00329577,   80.7366679 ,
        -96.87830329, -331.54886565])
22, array([  31.76538023,  -24.24645439, -163.41862338,   81.20964682,
       -119.70692841, -313.09486833])
23, array([  30.03645852,  -28.84344123, -158.96378667,   65.50773155,
       -137.78565559, -295.3856943 ])
24, array([  22.20572794,  -31.28160704, -157.14264259,   31.69075547,
       -148.95595857, -284.18503433])
25, array([  12.21870466,  -32.33439844, -156.9931705 ,   -7.17977307,
       -155.22922266, -277.67309765])
26, array([  -0.46778338,  -31.04004945, -159.73053966,  -51.00377419,
       -152.92125615, -279.41062249])
27, array([ -11.56230529,  -27.34848956, -164.40048826,  -88.09100798,
       -142.38041471, -288.69769612])
28, array([ -20.90949986,  -22.49260897, -169.77569958, -118.75109599,
       -127.74586267, -301.6092371 ])
29, array([ -25.75402273,  -16.00193518, -175.52086227, -134.04827286,
       -107.23153421, -319.27678426])
30, array([ -26.79099548,   -9.35859744, -180.27738883, -135.07884983,
        -85.7550839 , -336.16483451])
31, array([ -25.35608552,   -2.8059962 , -184.19835617, -126.86150611,
        -64.30404651, -351.90725805])
32, array([ -20.35345257,    3.0420556 , -185.93894954, -104.9453944 ,
        -45.04536251, -363.08965512])
33, array([ -14.63202278,    7.80865143, -186.25542187,  -80.36569292,
        -28.94629172, -370.82772493])
34, array([  -8.15320306,   11.80215655, -185.39054572,  -52.88683555,
        -15.04637523, -375.89966015])
