0, array([ -10.48261994,   16.49871375, -155.86681172,  -16.90595022,
         -4.09853545, -346.6666595 ])
1, array([  -6.7587083 ,   16.79446531, -166.76641317,   -9.33185706,
         -2.66890027, -361.06613974])
2, array([   2.43893531,   18.49147302, -171.79554777,   10.89175239,
          2.74638741, -367.79704483])
3, array([  15.91023521,   21.61407807, -173.17216565,   41.97377533,
         12.66082613, -368.96763716])
4, array([  31.08288868,   26.67008129, -168.77966799,   79.50692952,
         29.25595089, -359.98417679])
5, array([  43.13558624,   33.56873095, -160.25841897,  111.80629713,
         53.78737159, -342.23616377])
6, array([  48.08024229,   41.07906325, -152.53391378,  126.44757753,
         83.55588929, -323.45172687])
7, array([  45.54459709,   47.21687013, -149.1757734 ,  119.93255321,
        110.37841196, -312.63562591])
8, array([  37.13927952,   50.63277429, -151.14284162,   96.17042351,
        125.71506036, -314.01902385])
9, array([  24.99804774,   51.46376474, -156.97962551,   62.23978986,
        128.27131789, -325.21342555])
10, array([  11.74754031,   51.3205662 , -163.30508454,   26.95686445,
        124.31619701, -338.03022537])
11, array([  -1.3401239 ,   52.64124655, -166.72266465,   -4.67563444,
        124.77862166, -342.52179982])
12, array([ -14.61335229,   56.25569043, -166.24847458,  -35.25956456,
        135.43120671, -333.95072528])
13, array([ -28.16140862,   60.50964263, -163.87486978,  -66.93617943,
        152.21209114, -314.59519644])
14, array([ -40.00277581,   62.02354491, -163.01976711,  -94.94493399,
        161.74582289, -295.88581122])
15, array([ -47.59050657,   58.77883935, -165.77296475, -112.96897306,
        154.12680921, -289.68869919])
16, array([ -48.66925373,   50.69628481, -171.67294878, -115.44346156,
        127.87818751, -301.22209658])
17, array([ -44.63576209,   39.24874413, -178.44386231, -104.2575488 ,
         89.29065717, -325.23812905])
18, array([ -39.65663688,   26.28852885, -183.52815953,  -91.46329005,
         46.60739349, -350.9079781 ])
19, array([ -38.12582039,   13.50776916, -185.46458369,  -90.14418545,
          6.71238195, -367.0515578 ])
20, array([ -41.84168082,    1.34817385, -184.1856487 , -103.77095905,
        -29.52377381, -367.76683126])
21, array([ -48.08242184,  -10.3724541 , -180.65114776, -124.78122531,
        -65.12627854, -355.18505515])
22, array([ -51.47220659,  -20.64584868, -176.66710707, -137.95473209,
       -100.09634485, -338.20783256])
23, array([ -48.15346472,  -27.48289122, -173.80562507, -132.9718587 ,
       -127.76595736, -325.86476029])
24, array([ -38.06267262,  -29.24178768, -173.11939595, -110.4857925 ,
       -140.57843083, -323.72283317])
25, array([ -23.06153065,  -26.69189843, -173.81068601,  -77.89787073,
       -137.50745838, -330.88929532])
26, array([  -6.64093159,  -22.97870801, -173.59828196,  -43.66898533,
       -127.87195289, -339.89587511])
27, array([   8.51226963,  -21.56895257, -170.53745675,  -11.36064192,
       -123.70203536, -341.14371953])
28, array([  21.95294781,  -23.61077066, -164.20882368,   20.80646498,
       -130.74225289, -330.03730774])
29, array([  33.76154052,  -26.80753409, -156.63487484,   55.24392902,
       -143.50428656, -310.30645266])
30, array([  43.49771051,  -27.26067369, -150.7287487 ,   89.82209953,
       -148.37083169, -292.12803486])
31, array([  50.3472723 ,  -22.52005002, -148.78080882,  119.02659454,
       -135.731404  , -285.19373469])
32, array([  52.95548291,  -13.5447858 , -150.9396264 ,  135.75769048,
       -107.4338694 , -292.66624287])
33, array([  50.04593493,   -2.96371344, -156.32184178,  134.77340048,
        -71.63822947, -311.62720564])
34, array([  41.30440443,    6.32748655, -163.20541301,  115.8105899 ,
        -38.77193848, -334.82856187])
35, array([  28.29998932,   12.66808867, -168.71366578,   83.58576157,
        -15.3295674 , -354.20157956])
36, array([  13.91216223,   15.79276392, -170.85764884,   47.4428945 ,
         -2.95723766, -364.63056794])
37, array([   1.40155445,   16.5798013 , -169.21819669,   16.44604558,
          0.54542888, -365.38991913])
38, array([  -6.97916975,   16.35932461, -165.12270469,   -4.5898278 ,
         -0.54220067, -360.37160792])
39, array([ -11.02054819,   15.89041977, -160.58948798,  -15.52464342,
         -2.93462347, -353.78635557])
