0, array([  15.73861494,   21.97963351, -174.06613889,   34.76562729,
         17.04533568, -364.76515109])
1, array([  37.06666322,   22.95274021, -170.70068049,   82.31848355,
         25.39954789, -362.14318021])
2, array([  49.47361073,   26.30635997, -166.53641691,  113.59057261,
         38.75772228, -356.41307497])
3, array([  54.17354794,   31.40033726, -161.92000066,  130.16195337,
         55.76654571, -348.39794952])
4, array([  52.38056532,   37.59451657, -157.19808423,  133.61268467,
         75.07270505, -338.92091804])
5, array([  45.30875333,   44.24874236, -152.71732013,  125.5228254 ,
         95.32288716, -328.80509469])
6, array([  34.17220243,   50.72285911, -148.82436085,  107.47243443,
        115.16377892, -318.87359363])
7, array([  22.09162342,   55.4377832 , -145.88072513,   77.42330355,
        137.69551439, -309.61583108])
8, array([   5.3271322 ,   58.34613995, -145.11522472,   39.40958783,
        148.70414363, -303.85306839])
9, array([ -11.65387022,   60.94199584, -145.88908474,    5.59602924,
        156.49139579, -299.53947034])
10, array([ -30.09225493,   60.53265284, -148.75080347,  -41.79752201,
        155.60148104, -300.08121008])
11, array([ -41.75101248,   57.53633836, -152.71728615,  -67.24032568,
        141.84365206, -306.09927296])
12, array([ -44.72811664,   52.49046087, -158.35589168,  -96.38387111,
        130.88634333, -317.64932468])
13, array([ -42.97844117,   46.86201566, -165.96058089, -114.20281447,
        114.65151319, -330.34819474])
14, array([ -42.55684331,   38.09496319, -172.01891954,  -96.04345733,
         92.18470418, -343.84903514])
15, array([ -38.61722859,   30.30540664, -175.85303139,  -72.39548426,
         65.86009045, -352.89099938])
16, array([ -27.66643258,   21.53965472, -179.93113931,  -36.60128305,
         37.84854183, -364.60478514])
17, array([ -17.91121062,   13.50797744, -180.1121529 ,    8.54091739,
         11.51989641, -370.72197238])
18, array([  -4.185125  ,    5.91929516, -176.9830948 ,   49.52543215,
        -16.49207379, -369.15324377])
19, array([   9.69700955,   -2.38037486, -173.28986484,   82.01706173,
        -38.61594353, -360.24129226])
20, array([  21.07255663,   -9.57407872, -169.68481903,   98.61953637,
        -66.2685047 , -346.9407028 ])
21, array([  25.85292408,  -15.55664796, -164.85373483,  113.79773111,
        -91.58345226, -330.82366885])
22, array([  26.80719313,  -22.22669667, -161.2970419 ,   98.67930325,
       -115.10353522, -313.3661859 ])
23, array([  27.67974532,  -26.20855411, -158.69844672,   81.9414435 ,
       -134.21316661, -299.78643156])
24, array([  21.62420065,  -30.06675028, -158.66770798,   35.88170404,
       -143.22721849, -289.62185821])
25, array([   9.21642687,  -29.90323195, -160.58646513,   -4.39772906,
       -148.7160706 , -283.60427119])
26, array([  -6.01749278,  -29.60476456, -162.81367165,  -40.72587537,
       -151.48824901, -282.98742816])
27, array([ -19.32837367,  -26.56508527, -166.25687923,  -78.95857216,
       -147.07076022, -288.85794883])
28, array([ -30.45902883,  -22.69871453, -171.74464973, -108.46231187,
       -136.39751197, -303.09100687])
29, array([ -37.47839952,  -16.73576809, -176.32335838, -131.96358949,
       -119.83138154, -316.74489112])
30, array([ -41.58920059,  -10.25529144, -180.46948854, -144.73153666,
       -100.09998394, -331.1730456 ])
31, array([ -42.36740475,   -3.77511831, -183.78758005, -143.90844917,
        -78.35163858, -345.23680635])
32, array([ -39.38898473,    2.18691758, -185.8821727 , -126.63662282,
        -55.73466491, -357.79750943])
33, array([ -32.22991325,    7.11298249, -186.35780631,  -90.05835339,
        -33.39738232, -367.71649088])
34, array([ -20.46616303,   10.48524272, -184.81902069,  -31.31593668,
        -12.48811026, -373.85508676])
