0, array([  19.47430158,   23.39751011, -174.01154812,   48.34029739,
         17.33666371, -372.20334284])
1, array([  32.53760672,   27.86578594, -170.03322176,   75.40061804,
         30.85264425, -367.77790517])
2, array([  43.68009885,   33.29641695, -165.3850995 ,   99.279303  ,
         48.51098726, -361.7565145 ])
3, array([  52.48918677,   39.55215464, -160.183778  ,  118.87197952,
         69.94132016, -354.26602541])
4, array([  55.5649805 ,   46.45638879, -154.67441759,  126.54007881,
         95.53922589, -345.05742532])
5, array([  50.59701958,   52.90560071, -150.06406571,  116.92720212,
        120.65661595, -335.47642709])
6, array([  39.50843474,   58.37158741, -146.91620657,   94.67708242,
        142.97420829, -326.60984238])
7, array([  21.35960488,   62.35724677, -145.96020703,   58.30110584,
        160.73124383, -319.14143366])
8, array([  -1.76917986,   63.54812109, -148.95001778,   12.00977529,
        167.57898047, -317.19649761])
9, array([ -23.57432211,   62.90877748, -154.05072191,  -32.41536382,
        167.08634267, -319.39076167])
10, array([ -42.54886618,   60.48179948, -160.77029448,  -71.9409475 ,
        159.58523929, -325.47572555])
11, array([ -52.84419289,   54.91352072, -167.62356645,  -94.19642945,
        141.83799148, -336.25864291])
12, array([ -55.05152344,   47.74075213, -174.23772723,  -98.67307648,
        118.83366602, -347.99999872])
13, array([ -50.24162157,   39.57026355, -179.90746076,  -87.55052663,
         92.51839323, -359.42767877])
14, array([ -37.37572533,   30.88205772, -183.26909614,  -58.21779308,
         64.38986188, -368.60549861])
15, array([ -18.59099484,   22.06682424, -183.54896292,  -15.75944852,
         35.50207531, -372.20833961])
16, array([   2.23205583,   13.31736809, -181.75514703,   30.41219366,
          6.32982752, -371.14740114])
17, array([  23.82488164,    4.87297066, -177.8939612 ,   77.1384918 ,
        -22.45549676, -364.97091205])
18, array([  39.45011685,   -2.86419534, -171.60116619,  111.5107393 ,
        -49.46997496, -351.01508618])
19, array([  49.48794718,  -10.13864265, -164.89795193,  133.20949265,
        -75.18601039, -334.8340427 ])
20, array([  53.73975428,  -16.96330649, -158.02594335,  141.51322266,
        -99.69957571, -317.07217717])
21, array([  48.76628047,  -22.72718471, -152.28161305,  127.59962218,
       -121.17107309, -300.67668429])
22, array([  38.0602677 ,  -27.19227247, -148.97836734,   97.20175243,
       -137.54531255, -288.63504765])
23, array([  24.32619424,  -30.51403729, -147.51262792,   57.61122971,
       -149.38527879, -280.52634628])
24, array([   8.02924931,  -32.33439844, -148.2436454 ,    9.64181254,
       -155.22922266, -277.67309765])
25, array([  -8.45210954,  -31.12229867, -152.41445248,  -38.78385014,
       -151.28062211, -282.04582519])
26, array([ -22.89004046,  -28.17990117, -157.73467858,  -81.67298728,
       -141.79004813, -290.21233076])
27, array([ -34.99917293,  -23.63654606, -163.98235306, -118.32267123,
       -127.12898664, -301.80017975])
28, array([ -41.00085071,  -17.27862553, -170.80269631, -138.67384473,
       -106.06073981, -316.64778186])
29, array([ -42.3968458 ,  -10.24235039, -176.88913664, -145.24136719,
        -83.47762424, -331.40267837])
30, array([ -40.39708892,   -3.18422951, -181.95091853, -140.08904358,
        -60.98136936, -345.22878492])
31, array([ -35.04369299,    3.23687151, -185.27637432, -120.36685262,
        -40.03493281, -357.02110267])
32, array([ -27.36964354,    8.57437154, -186.25542187,  -92.30736044,
        -22.33490336, -365.85018801])
33, array([ -19.71255274,   12.77271243, -185.89936964,  -62.5123619 ,
         -7.8139395 , -372.17633105])
34, array([ -12.81768509,   15.69772316, -184.41048768,  -33.04359414,
          3.19026302, -375.89966015])
