[-0.019434168712889797,-0.023516298497918642,0.2732957350823737,-0.13850189421824183,0.006286519953096405,-0.4738158059842519] [0.032631024046446654,-0.0026649286152732876,0.29451619968084497,-0.0880738526389799,0.01816686234469156,-0.46443882692118077]
[0.032631024046446654,-0.0026649286152732876,0.29451619968084497,-0.0880738526389799,0.01816686234469156,-0.46443882692118077] [0.055804664043154734,0.011109443256408391,0.27406657747950014,-0.06722114292951055,0.008057963660088298,-0.4865427131281317]
[0.055804664043154734,0.011109443256408391,0.27406657747950014,-0.06722114292951055,0.008057963660088298,-0.4865427131281317] [0.0686922356913534,0.024274824873284195,0.22792437803019183,-0.056961080269174375,-0.013705340344831209,-0.5257311672695462]
[0.0686922356913534,0.024274824873284195,0.22792437803019183,-0.056961080269174375,-0.013705340344831209,-0.5257311672695462] [0.1856739479955038,0.08002668356664538,0.2337847329367886,0.05895266101527048,0.008035107115773564,-0.5069857343322992]
[0.1856739479955038,0.08002668356664538,0.2337847329367886,0.05895266101527048,0.008035107115773564,-0.5069857343322992] [0.31888135263371625,0.17396484147228797,0.28176379366835924,0.19419361935629004,0.06431255794834714,-0.4573241404024495]
[0.31888135263371625,0.17396484147228797,0.28176379366835924,0.19419361935629004,0.06431255794834714,-0.4573241404024495] [0.4567952694238802,0.29899527912415924,0.35921638828517466,0.33525075738207916,0.15033902385205453,-0.385232848395769]
[0.4567952694238802,0.29899527912415924,0.35921638828517466,0.33525075738207916,0.15033902385205453,-0.385232848395769] [0.5813456183254602,0.4626161885130847,0.46387167047550015,0.46141822552591993,0.27711553232733344,-0.2907125131249506]
[0.5813456183254602,0.4626161885130847,0.46387167047550015,0.46141822552591993,0.27711553232733344,-0.2907125131249506] [0.6599801808923451,0.646908209275756,0.5699244992535188,0.5365644578190871,0.4328740614244127,-0.1888629821490495]
[0.6599801808923451,0.646908209275756,0.5699244992535188,0.5365644578190871,0.4328740614244127,-0.1888629821490495] [0.6881649638944465,0.8349888972718363,0.6616130929158235,0.5605911034033967,0.6012942480641722,-0.08729984498846832]
[0.6881649638944465,0.8349888972718363,0.6616130929158235,0.5605911034033967,0.6012942480641722,-0.08729984498846832] [0.6434242103565798,1.0198689194791544,0.7246180926429817,0.5133619753636873,0.7790781647786061,0.010170764552612788]
[0.6434242103565798,1.0198689194791544,0.7246180926429817,0.5133619753636873,0.7790781647786061,0.010170764552612788] [0.4962933488639055,1.1535606583157545,0.7233444103905411,0.37210092457740646,0.9201473871789458,0.09279331463930518]
[0.4962933488639055,1.1535606583157545,0.7233444103905411,0.37210092457740646,0.9201473871789458,0.09279331463930518] [0.3035278549230924,1.2363013933203013,0.6656673301409795,0.18607782905205336,1.023974563610712,0.14507175449614174]
[0.3035278549230924,1.2363013933203013,0.6656673301409795,0.18607782905205336,1.023974563610712,0.14507175449614174] [0.07138396549110827,1.2593503443786696,0.546086412676388,-0.039618995378392634,1.083190894096285,0.15932909064185186]
[0.07138396549110827,1.2593503443786696,0.546086412676388,-0.039618995378392634,1.083190894096285,0.15932909064185186] [-0.18116213988167382,1.175831669866842,0.34999942539082785,-0.2819375566831926,1.036430061026869,0.10211290494869907]
[-0.18116213988167382,1.175831669866842,0.34999942539082785,-0.2819375566831926,1.036430061026869,0.10211290494869907] [-0.41804569546948206,1.0273412771467667,0.13848149767055418,-0.5116222609958688,0.9294322173379642,0.025584945212757226]
[-0.41804569546948206,1.0273412771467667,0.13848149767055418,-0.5116222609958688,0.9294322173379642,0.025584945212757226] [-0.6312700784493805,0.8198399063283356,-0.07924411106080598,-0.7215384170772324,0.7690991669440848,-0.06430922877913048]
[-0.6312700784493805,0.8198399063283356,-0.07924411106080598,-0.7215384170772324,0.7690991669440848,-0.06430922877913048] [-0.7784452689510665,0.5191851483880172,-0.2765674600383896,-0.877470296400907,0.5379435311316029,-0.15109284639783738]
[-0.7784452689510665,0.5191851483880172,-0.2765674600383896,-0.877470296400907,0.5379435311316029,-0.15109284639783738] [-0.8651614423821393,0.18982831510080578,-0.4038962438746996,-0.9773142929520227,0.2795076639786131,-0.20992081953392194]
[-0.8651614423821393,0.18982831510080578,-0.4038962438746996,-0.9773142929520227,0.2795076639786131,-0.20992081953392194] [-0.9000985065845682,-0.15661413116393516,-0.4738068968191165,-1.0287607173238766,0.0060575166028617455,-0.2424985612216659]
[-0.9000985065845682,-0.15661413116393516,-0.4738068968191165,-1.0287607173238766,0.0060575166028617455,-0.2424985612216659] [-0.8621258391218688,-0.5074353144712362,-0.4673939562000857,-1.011087561673078,-0.2682130417706032,-0.23337838194225746]
[-0.8621258391218688,-0.5074353144712362,-0.4673939562000857,-1.011087561673078,-0.2682130417706032,-0.23337838194225746] [-0.7634266791310419,-0.847369913392596,-0.3848208980041772,-0.9309986293494023,-0.5268640347454482,-0.1742758213696014]
[-0.7634266791310419,-0.847369913392596,-0.3848208980041772,-0.9309986293494023,-0.5268640347454482,-0.1742758213696014] [-0.6241421471559843,-1.1578587520873835,-0.2625117429452093,-0.8062689487583803,-0.7603456280544243,-0.07869631801479393]
[-0.6241421471559843,-1.1578587520873835,-0.2625117429452093,-0.8062689487583803,-0.7603456280544243,-0.07869631801479393] [-0.439008926428741,-1.4187441971363475,-0.1053701531772262,-0.6287389225201621,-0.954921284530865,0.06058147255229418]
[-0.439008926428741,-1.4187441971363475,-0.1053701531772262,-0.6287389225201621,-0.954921284530865,0.06058147255229418] [-0.20483428180201804,-1.5660136528120705,0.07566813509015624,-0.3941070563826583,-1.0689920252461211,0.2133586464455579]
[-0.20483428180201804,-1.5660136528120705,0.07566813509015624,-0.3941070563826583,-1.0689920252461211,0.2133586464455579] [0.04436629223666279,-1.6384032682917549,0.23884717672347655,-0.13775366194020844,-1.126979313296734,0.3396254370603664]
[0.04436629223666279,-1.6384032682917549,0.23884717672347655,-0.13775366194020844,-1.126979313296734,0.3396254370603664] [0.30043436952252683,-1.629975540860717,0.3719538917837415,0.13274334192841158,-1.1236524143840458,0.42697252690686316]
[0.30043436952252683,-1.629975540860717,0.3719538917837415,0.13274334192841158,-1.1236524143840458,0.42697252690686316] [0.5023217275980744,-1.4855299050150022,0.43033489779998835,0.35874981406160733,-1.0165470212597074,0.4155224462833047]
[0.5023217275980744,-1.4855299050150022,0.43033489779998835,0.35874981406160733,-1.0165470212597074,0.4155224462833047] [0.642633668286588,-1.285024987181832,0.4261471802094503,0.5304300319292691,-0.8708684113482306,0.34249282967629036]
[0.642633668286588,-1.285024987181832,0.4261471802094503,0.5304300319292691,-0.8708684113482306,0.34249282967629036] [0.721967695917402,-1.0417482560911173,0.36843346632966956,0.6457511104072043,-0.6951877954589203,0.21612538909727164]
[0.721967695917402,-1.0417482560911173,0.36843346632966956,0.6457511104072043,-0.6951877954589203,0.21612538909727164] [0.7072853063810183,-0.7769970715745542,0.26682925063664875,0.6628881513960533,-0.49892808599148075,0.032051392208701124]
[0.7072853063810183,-0.7769970715745542,0.26682925063664875,0.6628881513960533,-0.49892808599148075,0.032051392208701124] [0.6427788741051401,-0.5352047764446142,0.1668900018700068,0.6203119789749373,-0.3201430696244774,-0.15688733197804794]
[0.6427788741051401,-0.5352047764446142,0.1668900018700068,0.6203119789749373,-0.3201430696244774,-0.15688733197804794] [0.5430842071503639,-0.32027391366568936,0.07568131630787889,0.5354281457545779,-0.16088986805915947,-0.3385675661815002]
[0.5430842071503639,-0.32027391366568936,0.07568131630787889,0.5354281457545779,-0.16088986805915947,-0.3385675661815002] [0.41023760762330963,-0.16002441284617333,0.012283416330333807,0.409877408384227,-0.04012686402762684,-0.48515522672393274]
[0.41023760762330963,-0.16002441284617333,0.012283416330333807,0.409877408384227,-0.04012686402762684,-0.48515522672393274] [0.2652616478994464,-0.061616156510692355,-0.008590839914232262,0.26367233218324704,0.03620939863567445,-0.5782573370619595]
[0.2652616478994464,-0.061616156510692355,-0.008590839914232262,0.26367233218324704,0.03620939863567445,-0.5782573370619595] [0.12973628788507163,-0.005628751024123191,-0.0032250300815128696,0.1204930313689972,0.08017344354653029,-0.6298397216129805]
[0.12973628788507163,-0.005628751024123191,-0.0032250300815128696,0.1204930313689972,0.08017344354653029,-0.6298397216129805] [0.019131957028292255,0.003131513142039022,0.02914292341318614,-0.0055519064257447855,0.0864619610015297,-0.6309809393971211]
[0.019131957028292255,0.003131513142039022,0.02914292341318614,-0.0055519064257447855,0.0864619610015297,-0.6309809393971211] [-0.02778542433113891,-0.020698409258833095,0.10473697079809341,-0.07920242239847107,0.06556918264396132,-0.5954868065346384]
[-0.02778542433113891,-0.020698409258833095,0.10473697079809341,-0.07920242239847107,0.06556918264396132,-0.5954868065346384] [-0.04902709909311205,-0.04769796509747598,0.1793727917495822,-0.13059264519388833,0.04222105844228252,-0.5533665470579825]
[-0.04902709909311205,-0.04769796509747598,0.1793727917495822,-0.13059264519388833,0.04222105844228252,-0.5533665470579825] [-0.0464419177701233,-0.07323054988978545,0.2446032428201823,-0.16022743438573778,0.020356658493444715,-0.5091690791887382]
[-0.0464419177701233,-0.07323054988978545,0.2446032428201823,-0.16022743438573778,0.020356658493444715,-0.5091690791887382] [-0.0464419177701233,-0.07323054988978545,0.2446032428201823,-0.16022743438573778,0.020356658493444715,-0.5091690791887382]
