[-0.010517436897400458,-0.07646918214019105,0.2843441074950217,-0.043326682849258065,-0.005227182747027416,-0.23840358049789234] [0.011438619328326613,-0.13216084091360542,0.25652710975842385,-0.09097193918899717,-0.06489096970551342,-0.3953988635202421]
[0.011438619328326613,-0.13216084091360542,0.25652710975842385,-0.09097193918899717,-0.06489096970551342,-0.3953988635202421] [0.07681349669673895,-0.15083804369027717,0.2656845385366351,-0.06965689616493517,-0.08341980726913398,-0.48286371947506534]
[0.07681349669673895,-0.15083804369027717,0.2656845385366351,-0.06965689616493517,-0.08341980726913398,-0.48286371947506534] [0.17169634280162918,-0.1351249207207811,0.3040823315784058,0.00390689512794201,-0.06538646138896234,-0.5115856074063467]
[0.17169634280162918,-0.1351249207207811,0.3040823315784058,0.00390689512794201,-0.06538646138896234,-0.5115856074063467] [0.2821763059600092,-0.08764560183851478,0.3639864186910984,0.11300788352490244,-0.015363697954115421,-0.49235197739918846]
[0.2821763059600092,-0.08764560183851478,0.3639864186910984,0.11300788352490244,-0.015363697954115421,-0.49235197739918846] [0.3943425339464765,-0.011024216251109997,0.4376627286893999,0.24093451807045232,0.0620757169604209,-0.43595027913147355]
[0.3943425339464765,-0.011024216251109997,0.4376627286893999,0.24093451807045232,0.0620757169604209,-0.43595027913147355] [0.49428417471643343,0.09211510599944711,0.5173771918770091,0.3709752475301136,0.16235901758944232,-0.353167961873857]
[0.49428417471643343,0.09211510599944711,0.5173771918770091,0.3709752475301136,0.16235901758944232,-0.353167961873857] [0.5391495959079395,0.22516585104175346,0.5855917476478192,0.4909427799695948,0.2882517771474574,-0.2458483547156609]
[0.5391495959079395,0.22516585104175346,0.5855917476478192,0.4909427799695948,0.2882517771474574,-0.2458483547156609] [0.5828229788835976,0.3937221342852629,0.6841838022075182,0.5642363313334773,0.4395381153088603,-0.14202144557384866]
[0.5828229788835976,0.3937221342852629,0.6841838022075182,0.5642363313334773,0.4395381153088603,-0.14202144557384866] [0.5515644641336149,0.5658854883660357,0.7068086653238934,0.5796488687310891,0.5958901148882335,-0.08289832925793394]
[0.5515644641336149,0.5658854883660357,0.7068086653238934,0.5796488687310891,0.5958901148882335,-0.08289832925793394] [0.43945021555162345,0.7947594489958852,0.7354133645314,0.4743837850377828,0.7012132477279153,-0.038126326165593305]
[0.43945021555162345,0.7947594489958852,0.7354133645314,0.4743837850377828,0.7012132477279153,-0.038126326165593305] [0.2870403571714979,0.951606113577896,0.7280193947713913,0.3518432991178152,0.8225023635569589,0.03005720921975641]
[0.2870403571714979,0.951606113577896,0.7280193947713913,0.3518432991178152,0.8225023635569589,0.03005720921975641] [0.12552908187671297,1.0465953842462614,0.676219826304318,0.16727934759507032,0.9512159717525575,0.09911780960470828]
[0.12552908187671297,1.0465953842462614,0.676219826304318,0.16727934759507032,0.9512159717525575,0.09911780960470828] [-0.07966949782448529,1.0567470544857511,0.5847589217122042,-0.02575772145046984,0.9925940545598919,0.1342677327225008]
[-0.07966949782448529,1.0567470544857511,0.5847589217122042,-0.02575772145046984,0.9925940545598919,0.1342677327225008] [-0.2851139232994277,1.0335376616693295,0.4382577889240986,-0.2537497926992642,0.9824000487443867,0.05626945501630409]
[-0.2851139232994277,1.0335376616693295,0.4382577889240986,-0.2537497926992642,0.9824000487443867,0.05626945501630409] [-0.4360087187908282,0.9008181275730397,0.2777040247690108,-0.49743505784725284,0.8663138364466503,0.009121040349954868]
[-0.4360087187908282,0.9008181275730397,0.2777040247690108,-0.49743505784725284,0.8663138364466503,0.009121040349954868] [-0.5543393594617705,0.672392561292971,0.07977796452418673,-0.6786234173681179,0.6733365741095066,-0.056983916952200175]
[-0.5543393594617705,0.672392561292971,0.07977796452418673,-0.6786234173681179,0.6733365741095066,-0.056983916952200175] [-0.6813370077296984,0.3746346275220789,-0.12248219098960433,-0.8345931616829184,0.4410244337956515,-0.10565816654736349]
[-0.6813370077296984,0.3746346275220789,-0.12248219098960433,-0.8345931616829184,0.4410244337956515,-0.10565816654736349] [-0.7716829841801996,0.05748545696356505,-0.26483251826235943,-0.8973650477385725,0.21781281803946062,-0.13716627862244568]
[-0.7716829841801996,0.05748545696356505,-0.26483251826235943,-0.8973650477385725,0.21781281803946062,-0.13716627862244568] [-0.7941239911871328,-0.18380637572300973,-0.35458010974089227,-0.9520454767709449,-0.0216741566730955,-0.1826173969999214]
[-0.7941239911871328,-0.18380637572300973,-0.35458010974089227,-0.9520454767709449,-0.0216741566730955,-0.1826173969999214] [-0.7233470598872012,-0.47160158923287315,-0.3993472962954936,-0.895950113525271,-0.2642295170412699,-0.15614728266603173]
[-0.7233470598872012,-0.47160158923287315,-0.3993472962954936,-0.895950113525271,-0.2642295170412699,-0.15614728266603173] [-0.6350749240647173,-0.7256321368175045,-0.40453659435061695,-0.7990812056046328,-0.49304074793261904,-0.1409524626294445]
[-0.6350749240647173,-0.7256321368175045,-0.40453659435061695,-0.7990812056046328,-0.49304074793261904,-0.1409524626294445] [-0.47981817639788266,-0.9038093483023849,-0.3248991298838799,-0.6753413239917143,-0.7058570719104018,-0.05134156313370042]
[-0.47981817639788266,-0.9038093483023849,-0.3248991298838799,-0.6753413239917143,-0.7058570719104018,-0.05134156313370042] [-0.3359318511833995,-1.109347154115194,-0.23238908285220106,-0.4843391119306961,-0.8645437298184437,0.026116413673745065]
[-0.3359318511833995,-1.109347154115194,-0.23238908285220106,-0.4843391119306961,-0.8645437298184437,0.026116413673745065] [-0.13640059378647543,-1.2225002553601545,-0.08085816176777705,-0.25185004999493654,-0.9180437244671082,0.11501898338343963]
[-0.13640059378647543,-1.2225002553601545,-0.08085816176777705,-0.25185004999493654,-0.9180437244671082,0.11501898338343963] [0.06021981479014371,-1.2508662085425697,0.04099499770777193,-0.025029753050350434,-0.977234315458085,0.16091424435218293]
[0.06021981479014371,-1.2508662085425697,0.04099499770777193,-0.025029753050350434,-0.977234315458085,0.16091424435218293] [0.27113601164133844,-1.1804878702064703,0.15584821634369384,0.15786688587506134,-0.9864381865840102,0.13088121637158956]
[0.27113601164133844,-1.1804878702064703,0.15584821634369384,0.15786688587506134,-0.9864381865840102,0.13088121637158956] [0.41772468315454525,-1.0828722480275856,0.2153273651586769,0.32772186293219663,-0.9726474685761187,0.12073446426469392]
[0.41772468315454525,-1.0828722480275856,0.2153273651586769,0.32772186293219663,-0.9726474685761187,0.12073446426469392] [0.5246638954660856,-0.9796086862382849,0.2140244933360922,0.5013528588511971,-0.9033873756069316,0.04656325604390332]
[0.5246638954660856,-0.9796086862382849,0.2140244933360922,0.5013528588511971,-0.9033873756069316,0.04656325604390332] [0.5741681906205434,-0.8327446535759593,0.1810183846633624,0.567239349421001,-0.7577421180077433,-0.024683489865585884]
[0.5741681906205434,-0.8327446535759593,0.1810183846633624,0.567239349421001,-0.7577421180077433,-0.024683489865585884] [0.5656324477036262,-0.6399097016928379,0.13015761402005666,0.5511239204668652,-0.5757671662239336,-0.16254946374612356]
[0.5656324477036262,-0.6399097016928379,0.13015761402005666,0.5511239204668652,-0.5757671662239336,-0.16254946374612356] [0.5140729127621352,-0.40277442498699423,0.07371555535302399,0.4978371339223394,-0.40855787260427057,-0.2937869428139672]
[0.5140729127621352,-0.40277442498699423,0.07371555535302399,0.4978371339223394,-0.40855787260427057,-0.2937869428139672] [0.4405115448815007,-0.2827732116646851,-0.017914149431049964,0.433098797110675,-0.2577265852085413,-0.35736714231448374]
[0.4405115448815007,-0.2827732116646851,-0.017914149431049964,0.433098797110675,-0.2577265852085413,-0.35736714231448374] [0.3466988076282173,-0.1736200315928431,-0.0747049616673543,0.33188391055844146,-0.107535028024119,-0.44695024118348936]
[0.3466988076282173,-0.1736200315928431,-0.0747049616673543,0.33188391055844146,-0.107535028024119,-0.44695024118348936] [0.22295014831943172,-0.1198702702676048,-0.11091115651686678,0.20692979491989802,-0.014286582079646847,-0.5159640141127824]
[0.22295014831943172,-0.1198702702676048,-0.11091115651686678,0.20692979491989802,-0.014286582079646847,-0.5159640141127824] [0.10249150566311056,-0.0880927559205118,-0.11146547643025428,0.08056194707148111,0.04779000930093229,-0.5664883477928901]
[0.10249150566311056,-0.0880927559205118,-0.11146547643025428,0.08056194707148111,0.04779000930093229,-0.5664883477928901] [-0.0005714449268283319,-0.07252355365801888,-0.0652245461510983,-0.0350059710474065,0.07524450603945203,-0.5942949311699675]
[-0.0005714449268283319,-0.07252355365801888,-0.0652245461510983,-0.0350059710474065,0.07524450603945203,-0.5942949311699675] [-0.07213302821727201,-0.06739873129823243,0.03895507707882295,-0.12756029756710807,0.06462666725231413,-0.5951554149113187]
[-0.07213302821727201,-0.06739873129823243,0.03895507707882295,-0.12756029756710807,0.06462666725231413,-0.5951554149113187] [-0.0980875689751075,-0.06695435227889862,0.21221673277967845,-0.18488737047847476,0.012486253109177427,-0.5648415075097439]
[-0.0980875689751075,-0.06695435227889862,0.21221673277967845,-0.18488737047847476,0.012486253109177427,-0.5648415075097439] [-0.06432939196722184,-0.0654264835837694,0.4657038304551193,-0.19477352805134193,-0.08462697683986223,-0.49912487877197176]
[-0.06432939196722184,-0.0654264835837694,0.4657038304551193,-0.19477352805134193,-0.08462697683986223,-0.49912487877197176] [-0.06432939196722184,-0.0654264835837694,0.4657038304551193,-0.19477352805134193,-0.08462697683986223,-0.49912487877197176]
