0, array([ 274.14140625,   21.87773437,   24.77988281,  273.69492187,
         -1.7859375 , -153.36738281])
1, array([ 274.25302734,   21.65449219,   24.89150391,  273.2484375 ,
         -1.33945312, -153.36738281])
2, array([ 274.14140625,   20.76152344,   24.77988281,  273.47167969,
         -1.56269531, -153.36738281])
3, array([ 274.47626953,   21.31962891,   24.55664062,  273.47167969,
         -1.56269531, -153.36738281])
4, array([ 274.25302734,   21.20800781,   24.44501953,  273.2484375 ,
         -1.33945312, -153.36738281])
5, array([ 274.69951172,   20.76152344,   25.22636719,  273.58330078,
         -1.67431641, -153.36738281])
6, array([ 274.58789062,   20.98476562,   25.44960937,  273.2484375 ,
         -1.33945312, -153.36738281])
7, array([ 274.58789062,   21.31962891,   24.77988281,  273.47167969,
         -1.56269531, -153.36738281])
8, array([ 274.47626953,   21.20800781,   24.44501953,  273.36005859,
         -1.45107422, -153.36738281])
9, array([ 272.46708984,   21.76611328,   24.22177734,  268.78359375,
         -1.7859375 , -153.92548828])
10, array([ 280.05732422,   19.6453125 ,   20.20341797,  290.54970703,
         -6.47402344, -158.39033203])
11, array([ 299.36777344,   21.20800781,   20.42666016,  327.83115234,
         -6.25078125, -159.95302734])
12, array([ 317.33876953,   26.90068359,   23.88691406,  366.56367187,
         14.73398437, -153.590625  ])
13, array([ 326.8265625 ,   41.0765625 ,   32.37011719,  389.55761719,
         45.20654297, -145.55390625])
14, array([ 330.17519531,   58.48945312,   37.72792969,  399.38027344,
         92.86875   , -133.9453125 ])
15, array([ 316.55742187,   79.58583984,   36.05361328,  382.07900391,
        142.76337891, -124.68076172])
16, array([ 295.90751953,   87.28769531,   34.49091797,  326.04521484,
        175.24511719, -125.46210937])
17, array([ 271.12763672,   88.51552734,   29.13310547,  262.30957031,
        175.80322266, -131.60126953])
18, array([ 246.68261719,   76.23720703,   19.42207031,  204.37822266,
        139.41474609, -138.52177734])
19, array([ 226.03271484,   54.47109375,   13.28291016,  171.78486328,
         74.67451172, -143.32148437])
20, array([ 217.77275391,   32.92822266,    9.26455078,  152.69765625,
         13.39453125, -152.69765625])
21, array([ 217.884375  ,   11.72021484,    7.47861328,  143.54472656,
        -37.61630859, -155.26494141])
22, array([ 228.26513672,  -16.63154297,    7.81347656,  159.17167969,
       -107.26787109, -145.10742188])
23, array([ 244.6734375 ,  -36.94658203,   13.17128906,  195.89501953,
       -155.26494141, -129.70371094])
24, array([ 262.75605469,  -46.54599609,   16.85478516,  245.34316406,
       -182.72373047, -114.74648437])
25, array([ 281.62001953,  -49.33652344,   20.76152344,  304.27910156,
       -186.63046875, -105.81679687])
26, array([ 302.49316406,  -38.17441406,   22.43583984,  347.69970703,
       -162.40869141, -111.17460937])
27, array([ 312.5390625 ,  -21.31962891,   23.32880859,  367.56826172,
       -108.16083984, -134.16855469])
28, array([ 308.07421875,    1.22783203,   18.86396484,  357.85722656,
        -58.37783203, -151.91630859])
29, array([ 294.12158203,   12.83642578,   15.85019531,  339.99785156,
        -19.6453125 , -161.06923828])
30, array([ 279.83408203,   25.22636719,   16.0734375 ,  309.07880859,
          4.68808594, -165.75732422])
31, array([ 265.99306641,   25.56123047,   18.52910156,  271.01601562,
         16.29667969, -162.63193359])
32, array([ 259.63066406,   25.22636719,   21.31962891,  251.92880859,
         14.84560547, -155.71142578])
33, array([ 262.30957031,   23.44042969,   21.87773437,  256.39365234,
          4.24160156, -154.48359375])
34, array([ 266.99765625,   21.20800781,   23.77529297,  260.41201172,
         -1.89755859, -154.37197266])
35, array([ 271.23925781,   18.64072266,   23.2171875 ,  270.34628906,
         -1.22783203, -153.81386719])
36, array([ 272.91357422,   19.98017578,   24.33339844,  277.04355469,
         -1.7859375 , -153.25576172])
37, array([ 271.01601562,   20.20341797,   24.89150391,  267.66738281,
         -2.12080078, -153.92548828])
38, array([ 272.46708984,   19.98017578,   23.32880859,  273.91816406,
         -1.33945312, -153.47900391])
39, array([ 272.13222656,   20.09179688,   25.003125  ,  271.79736328,
         -2.67890625, -153.590625  ])
40, array([ 271.23925781,   19.6453125 ,   24.77988281,  270.45791016,
         -1.22783203, -153.590625  ])
41, array([ 272.35546875,   19.19882812,   23.77529297,  273.47167969,
         -2.00917969, -153.36738281])
42, array([ 271.4625    ,   19.6453125 ,   23.55205078,  270.45791016,
         -1.89755859, -153.590625  ])
43, array([ 271.57412109,   20.09179688,   24.66826172,  272.46708984,
         -1.45107422, -153.47900391])
44, array([ 272.13222656,   20.31503906,   25.003125  ,  271.68574219,
         -2.34404297, -153.47900391])
45, array([ 271.68574219,   19.86855469,   24.44501953,  271.12763672,
         -1.33945312, -153.47900391])
46, array([ 272.02060547,   19.86855469,   23.32880859,  272.46708984,
         -2.00917969, -153.36738281])
47, array([ 271.90898437,   19.98017578,   23.88691406,  271.23925781,
         -1.67431641, -153.47900391])
48, array([ 271.79736328,   20.09179688,   24.33339844,  272.13222656,
         -1.56269531, -153.47900391])
49, array([ 271.79736328,   19.31044922,   23.55205078,  271.68574219,
         -1.89755859, -153.47900391])
