0, array([ 277.37841797,   20.53828125,   25.11474609,  273.80654297,
         -1.89755859, -153.14414062])
1, array([ 277.37841797,   20.76152344,   25.44960937,  274.14140625,
         -1.7859375 , -153.14414062])
2, array([ 277.60166016,   20.53828125,   25.33798828,  273.80654297,
         -1.7859375 , -153.14414062])
3, array([ 277.82490234,   19.42207031,   23.88691406,  274.14140625,
         -1.89755859, -153.14414062])
4, array([ 277.49003906,   20.09179688,   24.55664062,  273.80654297,
         -1.7859375 , -153.14414062])
5, array([ 277.26679688,   20.09179688,   24.77988281,  274.02978516,
         -1.89755859, -153.14414062])
6, array([ 277.49003906,   19.6453125 ,   25.11474609,  273.91816406,
         -1.7859375 , -153.14414062])
7, array([ 277.15517578,   19.86855469,   25.67285156,  273.91816406,
         -1.7859375 , -153.14414062])
8, array([ 275.25761719,   22.65908203,   24.44501953,  270.79277344,
          1.11621094, -153.14414062])
9, array([ 273.80654297,   22.54746094,   24.66826172,  272.24384766,
         -1.67431641, -154.70683594])
10, array([ 284.63378906,   22.54746094,   21.31962891,  295.34941406,
         -2.67890625, -160.17626953])
11, array([ 301.26533203,   25.78447266,   22.32421875,  337.43056641,
          5.58105469, -158.61357422])
12, array([ 308.9671875 ,   37.39306641,   23.55205078,  364.55449219,
         23.55205078, -151.69306641])
13, array([ 313.87851562,   48.33193359,   30.69580078,  378.50712891,
         57.03837891, -144.77255859])
14, array([ 311.08798828,   64.62861328,   31.14228516,  382.41386719,
         99.67763672, -134.94990234])
15, array([ 296.80048828,   77.91152344,   31.58876953,  358.41533203,
        138.18691406, -129.25722656])
16, array([ 276.48544922,   83.71582031,   28.01689453,  301.48857422,
        161.06923828, -132.04775391])
17, array([ 258.06796875,   80.81367187,   25.89609375,  246.90585937,
        161.62734375, -133.38720703])
18, array([ 242.99912109,   67.75400391,   18.30585938,  203.596875  ,
        129.59208984, -138.18691406])
19, array([ 234.18105469,   44.98330078,   11.72021484,  177.03105469,
         74.22802734, -145.55390625])
20, array([ 231.16728516,   19.98017578,    8.9296875 ,  154.26035156,
         18.64072266, -148.34443359])
21, array([ 231.27890625,    1.7859375 ,    8.81806641,  144.21445313,
        -37.95117188, -150.68847656])
22, array([ 240.09697266,  -16.51992187,    9.37617187,  161.85058594,
        -93.65009766, -147.22822266])
23, array([ 256.72851562,  -28.90986328,   12.5015625 ,  203.37363281,
       -137.40556641, -138.07529297])
24, array([ 278.27138672,  -35.38388672,   16.51992187,  257.50986328,
       -161.62734375, -127.47128906])
25, array([ 295.12617188,  -34.71416016,   19.98017578,  319.12470703,
       -157.72060547, -119.88105469])
26, array([ 307.51611328,  -22.10097656,   22.54746094,  363.66152344,
       -119.6578125 , -125.79697266])
27, array([ 311.31123047,   -0.66972656,   21.20800781,  374.37714844,
        -62.28457031, -141.20068359])
28, array([ 306.28828125,   14.84560547,   19.6453125 ,  359.53154297,
        -17.18964844, -154.59521484])
29, array([ 296.465625  ,   26.34257812,   17.859375  ,  328.27763672,
          5.58105469, -163.97138672])
30, array([ 283.40595703,   29.35634766,   15.51533203,  297.02373047,
         12.38994141, -167.09677734])
31, array([ 273.69492187,   29.80283203,   18.86396484,  276.48544922,
          9.71103516, -163.07841797])
32, array([ 270.68115234,   26.23095703,   22.10097656,  266.1046875 ,
          5.80429687, -156.49277344])
33, array([ 269.45332031,   23.55205078,   23.2171875 ,  271.23925781,
         -0.66972656, -154.14873047])
34, array([ 270.45791016,   22.99394531,   23.66367187,  263.76064453,
          4.91132812, -154.37197266])
35, array([ 276.93193359,   20.64990234,   24.77988281,  280.95029297,
         -5.13457031, -153.03251953])
36, array([ 274.36464844,   21.43125   ,   24.89150391,  272.69033203,
         -2.12080078, -153.70224609])
37, array([ 272.69033203,   23.10556641,   25.22636719,  268.78359375,
          1.7859375 , -153.92548828])
38, array([ 275.25761719,   21.87773437,   24.66826172,  277.71328125,
         -4.35322266, -153.14414062])
39, array([ 273.91816406,   20.87314453,   23.99853516,  271.4625    ,
         -0.33486328, -153.70224609])
40, array([ 274.14140625,   21.09638672,   24.33339844,  273.36005859,
         -1.11621094, -153.590625  ])
41, array([ 274.92275391,   21.31962891,   23.88691406,  275.48085937,
         -3.12539062, -153.36738281])
42, array([ 273.36005859,   22.32421875,   23.77529297,  271.68574219,
          0.        , -153.590625  ])
43, array([ 274.81113281,   21.87773437,   24.66826172,  274.92275391,
         -2.67890625, -153.36738281])
44, array([ 274.47626953,   21.31962891,   24.33339844,  272.69033203,
         -0.89296875, -153.47900391])
45, array([ 274.36464844,   21.54287109,   25.003125  ,  273.58330078,
         -1.56269531, -153.47900391])
46, array([ 275.034375  ,   20.98476562,   24.33339844,  274.47626953,
         -2.45566406, -153.36738281])
47, array([ 274.14140625,   21.65449219,   24.44501953,  272.57871094,
         -0.66972656, -153.47900391])
48, array([ 274.47626953,   21.43125   ,   25.22636719,  274.25302734,
         -2.23242188, -153.36738281])
49, array([ 274.14140625,   21.54287109,   25.11474609,  272.80195313,
         -0.89296875, -153.47900391])
