0, array([ 272.35546875,   15.18046875,   21.87773437,  268.33710938,
         -3.46025391, -156.26953125])
1, array([ 272.24384766,   14.62236328,   21.31962891,  268.33710938,
         -3.46025391, -156.26953125])
2, array([ 272.35546875,   14.95722656,   21.54287109,  268.33710938,
         -3.34863281, -156.26953125])
3, array([ 272.69033203,   14.2875    ,   21.98935547,  268.33710938,
         -3.46025391, -156.26953125])
4, array([ 272.57871094,   14.39912109,   21.98935547,  268.33710938,
         -3.34863281, -156.26953125])
5, array([ 272.46708984,   14.95722656,   21.98935547,  268.33710938,
         -3.34863281, -156.26953125])
6, array([ 272.57871094,   14.62236328,   22.21259766,  268.33710938,
         -3.34863281, -156.26953125])
7, array([ 271.57412109,   18.08261719,   21.43125   ,  261.86308594,
          7.14375   , -156.15791016])
8, array([ 270.79277344,   17.52451172,   21.76611328,  265.32333984,
          3.90673828, -157.94384766])
9, array([ 2.72913574e+02,  1.52920898e+01,  1.67431641e+01,  2.72801953e+02,
       -1.11621094e-01, -1.66873535e+02])
10, array([ 274.81113281,   18.75234375,    7.03212891,  274.58789062,
          7.36699219, -180.26806641])
11, array([ 278.04814453,   22.99394531,   -0.55810547,  277.82490234,
         25.89609375, -189.19775391])
12, array([ 286.97783203,   26.56582031,   -6.02753906,  297.24697266,
         34.26767578, -195.89501953])
13, array([ 298.13994141,   34.04443359,   -3.46025391,  334.08193359,
         44.98330078, -187.30019531])
14, array([ 310.86474609,   40.63007812,    4.12998047,  367.12177734,
         61.94970703, -174.68701172])
15, array([ 318.34335937,   46.54599609,    7.36699219,  393.24111328,
         77.01855469, -159.61816406])
16, array([ 328.16601562,   56.70351562,   16.51992187,  413.55615234,
         98.78466797, -143.65634766])
17, array([ 335.86787109,   64.62861328,   24.77988281,  428.40175781,
        124.45751953, -124.12265625])
18, array([ 329.95195312,   78.13476562,   29.35634766,  421.14638672,
        164.64111328, -104.36572266])
19, array([ 319.34794922,   87.39931641,   28.46337891,  385.42763672,
        193.77421875, -103.24951172])
20, array([ 310.19501953,   86.61796875,   25.22636719,  346.69511719,
        196.34150391, -116.64404297])
21, array([ 303.27451172,   84.05068359,   18.64072266,  323.14306641,
        171.33837891, -140.75419922])
22, array([ 296.80048828,   84.72041016,   19.08720703,  300.37236328,
        142.875     , -157.60898437])
23, array([ 287.31269531,   83.9390625 ,   13.95263672,  275.81572266,
        131.93613281, -162.63193359])
24, array([ 280.05732422,   86.84121094,   14.62236328,  259.96552734,
        146.11201172, -157.94384766])
25, array([ 275.48085937,   89.85498047,   14.84560547,  252.93339844,
        172.00810547, -145.44228516])
26, array([ 266.21630859,   97.55683594,   18.86396484,  246.12451172,
        204.71308594, -123.00644531])
27, array([254.94257812, 102.80302734,  22.32421875, 217.884375  ,
       228.48837891, -99.78925781])
28, array([242.99912109, 103.24951172,  21.76611328, 182.38886719,
       228.6       , -88.06904297])
29, array([234.29267578,  97.22197266,  19.42207031, 157.94384766,
       214.53574219, -84.05068359])
30, array([231.16728516,  83.60419922,  13.72939453, 152.92089844,
       189.75585938, -89.63173828])
31, array([ 235.85537109,   65.74482422,    6.92050781,  166.98515625,
        148.12119141, -112.84892578])
32, array([ 242.66425781,   50.00625   ,    1.45107422,  183.83994141,
         95.88251953, -148.34443359])
33, array([ 249.80800781,   37.83955078,   -0.78134766,  201.8109375 ,
         59.04755859, -171.33837891])
34, array([ 253.93798828,   22.65908203,   -1.22783203,  218.44248047,
         28.12851562, -181.49589844])
35, array([ 250.92421875,    6.80888672,   -1.11621094,  205.3828125 ,
         -9.04130859, -182.165625  ])
36, array([ 243.33398438,   -4.46484375,   -2.12080078,  170.11054687,
        -30.80742187, -174.35214844])
37, array([ 235.40888672,  -12.27832031,   -1.22783203,  142.98662109,
        -48.66679687, -164.19462891])
38, array([ 230.05107422,  -25.22636719,    1.00458984,  129.59208984,
        -76.57207031, -151.8046875 ])
39, array([ 230.72080078,  -41.96953125,    5.13457031,  128.81074219,
       -122.22509766, -138.96826172])
40, array([ 236.41347656,  -53.46650391,    8.14833984,  149.57226562,
       -162.74355469, -129.59208984])
41, array([ 248.58017578,  -54.35947266,    6.80888672,  187.5234375 ,
       -179.48671875, -130.59667969])
42, array([ 262.19794922,  -44.09033203,    5.02294922,  220.89814453,
       -166.20380859, -141.53554687])
43, array([ 273.80654297,  -30.80742187,    2.79052734,  235.63212891,
       -124.79238281, -161.96220703])
44, array([ 283.40595703,  -23.2171875 ,    3.79511719,  253.603125  ,
        -94.31982422, -171.45      ])
45, array([ 295.23779297,  -28.35175781,    9.04130859,  280.28056641,
       -105.70517578, -165.53408203])
46, array([ 306.28828125,  -40.51845703,   15.40371094,  307.51611328,
       -133.38720703, -152.80927734])
47, array([ 315.21796875,  -52.46191406,   20.87314453,  331.96113281,
       -166.42705078, -132.38261719])
48, array([ 321.24550781,  -60.27539062,   26.23095703,  370.02392578,
       -188.86289062, -107.04462891])
49, array([ 328.83574219,  -59.15917969,   27.23554687,  402.17080078,
       -189.97910156,  -89.18525391])
50, array([ 338.10029297,  -51.90380859,   30.02607422,  424.60664062,
       -178.37050781,  -79.47421875])
51, array([ 339.66298828,  -43.42060547,   26.11933594,  439.89873047,
       -151.24658203,  -83.26933594])
52, array([ 339.328125  ,  -28.79824219,   28.79824219,  452.95839844,
       -115.97431641,  -88.51552734])
53, array([337.65380859, -14.73398437,  25.003125  , 454.40947266,
       -82.04150391, -99.67763672])
54, array([ 333.52382812,   -3.23701172,   23.32880859,  444.36357422,
        -46.21113281, -115.08134766])
55, array([ 323.58955078,    7.81347656,   17.74775391,  429.18310547,
        -22.65908203, -127.80615234])
56, array([ 316.1109375 ,   12.27832031,   18.30585938,  409.64941406,
         -7.59023437, -140.08447266])
57, array([ 307.51611328,   14.39912109,   14.06425781,  382.86035156,
          3.34863281, -152.80927734])
58, array([ 293.34023437,   16.40830078,   12.38994141,  343.56972656,
         13.05966797, -165.08759766])
59, array([ 284.18730469,   17.30126953,   12.94804687,  311.19960937,
         16.40830078, -170.44541016])
60, array([ 277.60166016,   15.62695312,   14.84560547,  288.20566406,
         14.84560547, -167.20839844])
61, array([ 274.36464844,   15.18046875,   18.75234375,  276.15058594,
         12.16669922, -161.96220703])
62, array([ 274.47626953,   15.85019531,   21.09638672,  270.56953125,
         10.93886719, -159.39492187])
63, array([ 272.13222656,   16.74316406,   20.64990234,  266.32792969,
         10.49238281, -157.72060547])
64, array([ 271.79736328,   17.30126953,   20.87314453,  266.77441406,
         10.15751953, -157.27412109])
65, array([ 272.57871094,   17.30126953,   21.43125   ,  270.90439453,
          1.7859375 , -156.82763672])
66, array([ 271.79736328,   15.73857422,   21.65449219,  265.88144531,
         -5.24619141, -156.93925781])
67, array([ 271.68574219,   17.97099609,   21.54287109,  267.10927734,
          3.68349609, -156.71601562])
68, array([ 272.24384766,   17.30126953,   22.32421875,  268.33710938,
         -1.22783203, -156.71601562])
69, array([ 271.35087891,   17.41289062,   22.21259766,  265.99306641,
         -1.33945312, -156.82763672])
70, array([ 271.57412109,   18.64072266,   21.54287109,  267.77900391,
          1.7859375 , -156.60439453])
71, array([ 271.23925781,   16.85478516,   20.98476562,  266.77441406,
         -2.12080078, -156.71601562])
72, array([ 271.35087891,   17.859375  ,   21.76611328,  266.88603516,
          1.56269531, -156.60439453])
73, array([ 271.57412109,   18.08261719,   22.32421875,  267.33251953,
         -0.55810547, -156.60439453])
74, array([ 272.02060547,   17.07802734,   20.87314453,  266.55117187,
         -0.44648437, -156.60439453])
