0, array([ 272.46708984,   15.40371094,   22.10097656,  269.78818359,
         -0.89296875, -156.15791016])
1, array([ 272.57871094,   15.62695312,   22.21259766,  269.78818359,
         -1.00458984, -156.15791016])
2, array([ 272.91357422,   16.40830078,   22.32421875,  269.78818359,
         -0.89296875, -156.15791016])
3, array([ 273.13681641,   16.0734375 ,   22.43583984,  269.78818359,
         -1.00458984, -156.15791016])
4, array([ 273.13681641,   15.51533203,   22.32421875,  269.78818359,
         -0.89296875, -156.04628906])
5, array([ 272.69033203,   14.84560547,   22.77070312,  269.78818359,
         -0.89296875, -156.04628906])
6, array([ 272.91357422,   15.18046875,   22.10097656,  269.78818359,
         -0.89296875, -156.04628906])
7, array([ 272.57871094,   15.18046875,   21.87773437,  269.78818359,
         -0.89296875, -156.04628906])
8, array([ 272.57871094,   15.96181641,   22.32421875,  269.78818359,
         -0.89296875, -156.04628906])
9, array([ 272.91357422,   16.0734375 ,   22.43583984,  269.78818359,
         -0.89296875, -156.04628906])
10, array([ 272.80195313,   15.96181641,   22.10097656,  269.6765625 ,
         -0.89296875, -156.04628906])
11, array([ 271.90898437,   16.29667969,   21.31962891,  266.32792969,
          1.7859375 , -156.38115234])
12, array([ 272.24384766,   15.96181641,   17.30126953,  269.78818359,
          2.00917969, -161.96220703])
13, array([ 277.93652344,   11.38535156,    8.70644531,  276.03896484,
          0.44648437, -173.68242187])
14, array([ 288.54052734,   12.27832031,    3.571875  ,  305.17207031,
          9.71103516, -180.60292969])
15, array([ 303.83261719,   22.43583984,    4.68808594,  345.02080078,
         27.57041016, -176.91943359])
16, array([ 319.57119141,   29.69121094,    9.82265625,  378.50712891,
         50.34111328, -166.20380859])
17, array([ 329.50546875,   38.84414062,   16.29667969,  410.98886719,
         72.33046875, -148.45605469])
18, array([ 336.09111328,   47.66220703,   20.53828125,  429.85283203,
        100.34736328, -130.70830078])
19, array([ 334.30517578,   57.37324219,   24.44501953,  423.15556641,
        139.41474609, -116.53242187])
20, array([ 321.69199219,   66.19130859,   22.32421875,  380.18144531,
        166.87353516, -121.22050781])
21, array([ 308.29746094,   61.39160156,   12.83642578,  340.77919922,
        159.06005859, -138.41015625])
22, array([ 299.36777344,   54.35947266,    9.71103516,  310.64150391,
        144.43769531, -150.91171875])
23, array([ 285.75      ,   55.92216797,    4.12998047,  286.97783203,
        130.3734375 , -160.95761719])
24, array([ 270.34628906,   65.52158203,    5.13457031,  258.84931641,
        140.08447266, -158.9484375 ])
25, array([ 257.39824219,   75.34423828,    6.58564453,  240.98994141,
        175.13349609, -140.08447266])
26, array([ 250.25449219,   83.38095703,   11.16210938,  209.51279297,
        198.35068359, -123.34130859])
27, array([ 238.08779297,   88.40390625,   11.60859375,  169.6640625 ,
        209.73603516, -101.01708984])
28, array([224.91650391,  86.61796875,  11.05048828, 144.77255859,
       209.28955078, -82.71123047])
29, array([222.23759766,  75.009375  ,   8.14833984, 140.64257812,
       190.64882812, -80.92529297])
30, array([ 227.14892578,   60.05214844,    2.34404297,  158.9484375 ,
        151.24658203, -103.13789062])
31, array([ 238.31103516,   44.09033203,   -2.67890625,  179.93320312,
         95.21279297, -151.13496094])
32, array([ 247.68720703,   32.25849609,   -6.13916016,  201.92255859,
         52.35029297, -181.27265625])
33, array([ 252.48691406,   17.07802734,   -9.15292969,  219.6703125 ,
         20.64990234, -192.32314453])
34, array([ 245.00830078,    2.34404297,   -8.37158203,  201.92255859,
        -15.62695312, -192.09990234])
35, array([ 233.39970703,   -9.48779297,   -7.03212891,  168.88271484,
        -40.96494141, -186.18398437])
36, array([ 222.79570312,  -19.98017578,   -5.24619141,  142.875     ,
        -61.05673828, -178.25888672])
37, array([ 217.54951172,  -30.91904297,   -2.12080078,  127.47128906,
        -88.18066406, -161.62734375])
38, array([ 214.87060547,  -41.52304687,    3.571875  ,  117.871875  ,
       -128.81074219, -139.63798828])
39, array([ 216.43330078,  -55.69892578,    8.03671875,  119.6578125 ,
       -162.40869141, -123.56455078])
40, array([ 226.70244141,  -67.75400391,   10.49238281,  138.29853516,
       -191.65341797, -115.30458984])
41, array([ 241.99453125,  -68.64697266,    8.25996094,  166.42705078,
       -201.25283203, -118.09511719])
42, array([ 256.61689453,  -55.02919922,    3.79511719,  200.13662109,
       -186.18398437, -133.49882812])
43, array([ 2.67890625e+02, -4.15230469e+01, -2.23242187e-01,  2.22237598e+02,
       -1.56381152e+02, -1.50800098e+02])
44, array([ 276.37382812,  -27.90527344,   -2.00917969,  238.98076172,
       -121.66699219, -165.98056641])
45, array([ 2.88540527e+02, -2.42217773e+01, -1.11621094e-01,  2.63314160e+02,
       -9.40965820e+01, -1.75691602e+02])
46, array([ 299.70263672,  -31.81201172,    3.23701172,  292.22402344,
       -102.35654297, -170.89189453])
47, array([ 308.9671875 ,  -48.66679687,    8.81806641,  319.6828125 ,
       -156.82763672, -143.65634766])
48, array([ 315.21796875,  -57.03837891,   18.41748047,  343.90458984,
       -190.20234375, -115.52783203])
49, array([ 322.58496094,  -60.94511719,   21.87773437,  377.83740234,
       -199.69013672,  -92.64550781])
50, array([ 331.51464844,  -57.37324219,   23.44042969,  408.42158203,
       -192.65800781,  -77.46503906])
51, array([ 335.19814453,  -47.10410156,   21.54287109,  430.63417969,
       -166.53867187,  -78.35800781])
52, array([ 337.76542969,  -29.24472656,   20.64990234,  441.68466797,
       -132.27099609,  -90.30146484])
53, array([ 333.41220703,  -17.07802734,   15.40371094,  445.25654297,
       -100.0125    , -101.7984375 ])
54, array([ 329.84033203,   -7.36699219,   13.28291016,  439.56386719,
        -70.65615234, -118.09511719])
55, array([ 324.03603516,    1.00458984,   12.27832031,  413.55615234,
        -37.16982422, -145.77714844])
56, array([ 312.31582031,    7.03212891,    4.35322266,  375.49335937,
         -8.59482422, -168.10136719])
57, array([ 302.60478516,   11.16210938,    2.79052734,  346.471875  ,
          3.79511719, -178.25888672])
58, array([ 292.11240234,   14.51074219,    3.68349609,  315.10634766,
          9.48779297, -181.94238281])
59, array([ 283.9640625 ,   14.51074219,    5.69267578,  288.87539062,
          7.36699219, -180.04482422])
60, array([ 277.26679688,   14.17587891,   13.17128906,  271.68574219,
         -1.11621094, -171.33837891])
61, array([ 274.47626953,   10.04589844,   17.97099609,  263.53740234,
         -1.56269531, -162.63193359])
62, array([ 2.74699512e+02,  1.12737305e+01,  2.15428711e+01,  2.68448730e+02,
       -2.23242187e-01, -1.58501953e+02])
63, array([ 275.92734375,   13.84101562,   23.10556641,  270.34628906,
          3.571875  , -156.49277344])
64, array([ 274.36464844,   14.95722656,   21.76611328,  271.35087891,
          2.12080078, -156.60439453])
65, array([ 274.47626953,   14.06425781,   21.65449219,  269.23007812,
         -7.03212891, -156.60439453])
66, array([ 274.36464844,   14.17587891,   22.10097656,  269.89980469,
         -1.11621094, -156.49277344])
67, array([ 273.91816406,   15.18046875,   22.65908203,  270.01142578,
         -2.90214844, -156.49277344])
68, array([ 274.25302734,   14.06425781,   21.54287109,  269.11845703,
         -4.91132812, -156.49277344])
69, array([ 273.91816406,   14.39912109,   21.76611328,  269.89980469,
         -1.11621094, -156.38115234])
70, array([ 273.91816406,   14.51074219,   21.65449219,  269.34169922,
         -4.12998047, -156.38115234])
71, array([ 274.25302734,   15.18046875,   22.10097656,  269.56494141,
         -2.00917969, -156.38115234])
72, array([ 273.80654297,   15.18046875,   22.54746094,  269.45332031,
         -2.56728516, -156.38115234])
73, array([ 273.69492187,   14.62236328,   21.20800781,  269.23007812,
         -3.571875  , -156.26953125])
74, array([ 273.69492187,   14.51074219,   21.65449219,  269.56494141,
         -1.7859375 , -156.26953125])
