0, array([ 267.44414062,   18.30585938,   21.31962891,  264.76523437,
         -1.11621094, -156.38115234])
1, array([ 267.33251953,   17.63613281,   21.31962891,  264.76523437,
         -1.89755859, -156.38115234])
2, array([ 267.10927734,   18.41748047,   21.43125   ,  264.76523437,
         -1.22783203, -156.38115234])
3, array([ 267.44414062,   17.30126953,   21.20800781,  264.65361328,
         -1.45107422, -156.38115234])
4, array([ 267.22089844,   18.08261719,   21.65449219,  264.76523437,
         -1.45107422, -156.38115234])
5, array([ 267.10927734,   18.86396484,   21.98935547,  264.65361328,
         -1.22783203, -156.26953125])
6, array([ 267.10927734,   18.52910156,   21.87773437,  264.65361328,
         -1.45107422, -156.26953125])
7, array([ 266.99765625,   18.08261719,   21.43125   ,  264.65361328,
         -1.22783203, -156.26953125])
8, array([ 267.22089844,   18.41748047,   21.76611328,  264.65361328,
         -1.33945312, -156.26953125])
9, array([ 267.22089844,   17.52451172,   21.98935547,  264.65361328,
         -1.33945312, -156.26953125])
10, array([ 267.33251953,   17.97099609,   21.87773437,  264.65361328,
         -1.22783203, -156.26953125])
11, array([ 267.22089844,   17.859375  ,   21.65449219,  264.65361328,
         -1.33945312, -156.26953125])
12, array([ 266.99765625,   17.41289062,   17.63613281,  262.5328125 ,
         -4.01835938, -161.18085937])
13, array([ 269.45332031,   15.06884766,   10.60400391,  264.76523437,
         -6.02753906, -173.34755859])
14, array([ 280.72705078,   17.41289062,    5.13457031,  285.19189453,
         -4.68808594, -182.38886719])
15, array([ 300.26074219,   21.98935547,    6.80888672,  320.46416016,
          8.03671875, -183.05859375])
16, array([ 314.325     ,   28.01689453,   10.715625  ,  352.38779297,
         19.53369141, -178.37050781])
17, array([ 325.71035156,   31.47714844,   11.38535156,  377.50253906,
         33.03984375, -172.34296875])
18, array([ 337.5421875 ,   38.50927734,   17.74775391,  395.92001953,
         52.46191406, -164.30625   ])
19, array([ 343.56972656,   45.54140625,   20.98476562,  415.67695312,
         71.21425781, -154.59521484])
20, array([ 348.03457031,   54.69433594,   28.12851562,  429.62958984,
         95.32441406, -141.87041016])
21, array([ 344.57431641,   62.17294922,   30.58417969,  431.30390625,
        124.79238281, -128.47587891])
22, array([ 337.43056641,   70.43291016,   30.69580078,  405.07294922,
        150.68847656, -129.59208984])
23, array([ 324.14765625,   71.77236328,   25.56123047,  370.80527344,
        155.93466797, -139.74960938])
24, array([ 315.88769531,   71.32587891,   22.21259766,  347.81132812,
        146.446875  , -152.69765625])
25, array([ 308.63232422,   67.53076172,   14.73398437,  324.92900391,
        135.17314453, -162.85517578])
26, array([ 300.70722656,   65.74482422,    9.37617187,  304.16748047,
        119.99267578, -171.78486328])
27, array([ 290.21484375,   68.31210937,    8.25996094,  285.08027344,
        110.61650391, -176.47294922])
28, array([ 275.034375  ,   73.89316406,    8.59482422,  257.50986328,
        126.8015625 , -171.56162109])
29, array([ 263.98388672,   82.04150391,   10.715625  ,  243.66884766,
        163.85976562, -155.04169922])
30, array([ 252.71015625,   93.98496094,   16.0734375 ,  216.54492188,
        194.55556641, -136.17773438])
31, array([ 241.54804687,   98.2265625 ,   18.97558594,  186.18398437,
        204.26660156, -122.78320312])
32, array([ 227.70703125,   91.41767578,   15.62695312,  158.83681641,
        198.79716797, -106.70976562])
33, array([ 223.35380859,   77.79990234,   10.26914062,  155.82304687,
        174.46376953, -103.91923828])
34, array([ 227.93027344,   60.05214844,    3.90673828,  167.76650391,
        132.49423828, -126.46669922])
35, array([ 236.85996094,   44.98330078,   -1.11621094,  181.38427734,
         87.84580078, -159.95302734])
36, array([ 247.24072266,   31.70039062,   -2.67890625,  202.03417969,
         61.27998047, -178.70537109])
37, array([ 251.14746094,   17.859375  ,   -2.45566406,  225.028125  ,
         34.04443359, -187.74667969])
38, array([ 247.35234375,    1.7859375 ,   -2.56728516,  213.08466797,
          3.46025391, -188.86289062])
39, array([ 239.65048828,   -9.04130859,   -2.79052734,  185.62587891,
        -26.11933594, -187.30019531])
40, array([ 232.50673828,  -17.859375  ,   -2.34404297,  158.16708984,
        -49.89462891, -183.17021484])
41, array([ 226.59082031,  -27.68203125,   -0.89296875,  136.28935547,
        -79.02773437, -171.11513672])
42, array([ 224.24677734,  -36.27685547,    0.89296875,  125.90859375,
       -109.50029297, -155.26494141])
43, array([ 224.58164062,  -47.43896484,    3.12539062,  128.5875    ,
       -149.46064453, -140.08447266])
44, array([ 231.39052734,  -59.60566406,    6.58564453,  142.65175781,
       -180.49130859, -129.25722656])
45, array([ 244.33857422,  -66.19130859,    7.81347656,  177.47753906,
       -202.59228516, -122.89482422])
46, array([ 258.62607422,  -57.26162109,    6.80888672,  212.97304687,
       -194.44394531, -132.159375  ])
47, array([ 268.11386719,  -37.39306641,   -0.33486328,  234.29267578,
       -162.63193359, -150.13037109])
48, array([ 2.74476270e+02, -2.63425781e+01, -2.23242187e-01,  2.41994531e+02,
       -1.29815332e+02, -1.65199219e+02])
49, array([ 2.81731641e+02, -2.38869141e+01, -2.23242187e-01,  2.53379883e+02,
       -1.07267871e+02, -1.74798633e+02])
50, array([ 291.88916016,  -32.48173828,    3.68349609,  272.57871094,
       -122.22509766, -169.21757812])
51, array([ 299.36777344,  -46.09951172,   10.82724609,  294.79130859,
       -157.83222656, -151.46982422])
52, array([ 308.18583984,  -59.82890625,   16.51992187,  329.50546875,
       -189.97910156, -125.57373047])
53, array([ 319.23632812,  -58.04296875,   22.88232422,  368.23798828,
       -199.57851562, -102.69140625])
54, array([ 330.3984375 ,  -53.68974609,   24.33339844,  401.94755859,
       -191.0953125 ,  -86.84121094])
55, array([ 336.87246094,  -40.74169922,   25.56123047,  428.06689453,
       -162.40869141,  -87.84580078])
56, array([ 339.43974609,  -23.10556641,   23.44042969,  438.00117187,
       -124.34589844, -102.02167969])
57, array([ 334.86328125,   -3.46025391,   20.64990234,  432.42011719,
        -79.25097656, -125.23886719])
58, array([ 326.71494141,    7.70185547,   18.41748047,  408.30996094,
        -40.29521484, -150.35361328])
59, array([ 315.44121094,   16.96640625,   12.94804687,  372.59121094,
        -16.74316406, -168.21298828])
60, array([ 300.93046875,   18.19423828,    9.37617187,  337.76542969,
         -9.37617187, -177.14267578])
61, array([ 288.42890625,   16.0734375 ,    8.59482422,  300.0375    ,
         -3.34863281, -180.49130859])
62, array([ 277.04355469,   14.73398437,   13.61777344,  275.70410156,
         -1.7859375 , -173.79404297])
63, array([ 270.90439453,   16.18505859,   17.74775391,  266.32792969,
         -3.90673828, -165.64570312])
64, array([ 268.44873047,   17.52451172,   19.75693359,  261.19335938,
         -6.69726562, -160.62275391])
65, array([ 267.66738281,   16.96640625,   20.42666016,  259.51904297,
         -8.25996094, -158.50195312])
66, array([ 271.90898437,   16.74316406,   22.32421875,  268.11386719,
         -3.12539062, -157.49736328])
67, array([ 272.80195313,   17.52451172,   21.76611328,  273.47167969,
         -2.45566406, -156.93925781])
68, array([ 270.34628906,   16.74316406,   20.64990234,  263.76064453,
         -5.46943359, -157.38574219])
69, array([ 271.79736328,   16.96640625,   21.43125   ,  269.23007812,
         -2.67890625, -157.05087891])
70, array([ 272.46708984,   16.40830078,   21.87773437,  268.67197266,
         -4.24160156, -156.93925781])
71, array([ 270.90439453,   16.29667969,   20.31503906,  265.54658203,
         -4.12998047, -157.05087891])
72, array([ 272.24384766,   15.96181641,   21.76611328,  269.45332031,
         -3.01376953, -156.82763672])
73, array([ 271.01601562,   16.74316406,   21.87773437,  266.43955078,
         -4.12998047, -156.93925781])
74, array([ 270.90439453,   15.85019531,   21.87773437,  267.890625  ,
         -2.90214844, -156.82763672])
