0, array([ 274.14140625,   19.08720703,   22.77070312,  271.57412109,
         -0.55810547, -156.15791016])
1, array([ 274.36464844,   18.64072266,   22.32421875,  271.35087891,
         -0.78134766, -156.15791016])
2, array([ 274.36464844,   18.64072266,   22.54746094,  271.4625    ,
         -0.66972656, -156.15791016])
3, array([ 274.02978516,   18.86396484,   22.88232422,  271.4625    ,
         -0.66972656, -156.15791016])
4, array([ 273.91816406,   18.30585938,   22.54746094,  271.4625    ,
         -0.66972656, -156.15791016])
5, array([ 273.91816406,   19.19882812,   22.54746094,  271.4625    ,
         -0.66972656, -156.04628906])
6, array([ 273.91816406,   19.42207031,   22.21259766,  271.35087891,
         -0.66972656, -156.04628906])
7, array([ 274.36464844,   17.97099609,   21.65449219,  271.35087891,
         -0.66972656, -156.04628906])
8, array([ 273.91816406,   18.86396484,   21.76611328,  271.35087891,
         -0.66972656, -156.04628906])
9, array([ 274.14140625,   18.08261719,   21.98935547,  271.35087891,
         -0.66972656, -156.04628906])
10, array([ 276.59707031,   21.09638672,   22.32421875,  275.034375  ,
          2.34404297, -155.26494141])
11, array([ 276.93193359,   19.75693359,   23.55205078,  280.72705078,
         -1.00458984, -155.3765625 ])
12, array([ 276.70869141,   20.42666016,   16.18505859,  281.17353516,
         -1.22783203, -164.08300781])
13, array([ 280.61542969,   19.31044922,    8.81806641,  281.50839844,
         -2.67890625, -174.91025391])
14, array([ 291.33105469,   21.31962891,    8.03671875,  294.34482422,
          1.45107422, -179.59833984])
15, array([ 305.3953125 ,   28.24013672,    9.82265625,  320.35253906,
         18.41748047, -179.26347656])
16, array([ 319.90605469,   31.70039062,   12.16669922,  357.1875    ,
         35.94199219, -171.45      ])
17, array([ 327.49628906,   36.94658203,   17.859375  ,  383.41845703,
         46.88085938, -161.62734375])
18, array([ 332.184375  ,   41.96953125,   21.65449219,  403.73349609,
         61.39160156, -152.13955078])
19, array([ 338.21191406,   52.79677734,   27.34716797,  424.27177734,
         80.70205078, -138.29853516])
20, array([ 341.1140625 ,   58.9359375 ,   31.47714844,  439.340625  ,
        100.45898438, -122.55996094])
21, array([ 335.30976562,   71.21425781,   35.83037109,  433.53632812,
        133.83369141, -112.5140625 ])
22, array([ 329.28222656,   76.12558594,   36.05361328,  404.17998047,
        157.72060547, -117.53701172])
23, array([ 319.79443359,   72.10722656,   27.01230469,  371.80986328,
        159.50654297, -130.93154297])
24, array([ 313.99013672,   64.96347656,   23.44042969,  342.45351562,
        147.67470703, -144.21445313])
25, array([ 307.51611328,   62.73105469,   19.6453125 ,  318.34335937,
        127.24804687, -157.05087891])
26, array([ 298.36318359,   65.40996094,   16.18505859,  291.44267578,
        124.12265625, -160.39951172])
27, array([ 292.55888672,   73.33505859,   19.19882812,  279.49921875,
        150.24199219, -151.35820312])
28, array([ 285.08027344,   87.62255859,   20.20341797,  265.76982422,
        187.07695312, -134.72666016])
29, array([ 272.24384766,   99.11953125,   25.11474609,  242.55263672,
        213.97763672, -118.09511719])
30, array([ 257.06337891,  102.80302734,   25.89609375,  206.38740234,
        221.79111328, -107.04462891])
31, array([242.21777344, 100.68222656,  24.55664062, 171.11513672,
       217.21464844, -96.21738281])
32, array([232.61835937,  94.20820312,  20.09179688, 150.35361328,
       206.05253906, -87.73417969])
33, array([226.8140625 ,  82.48798828,  14.06425781, 146.78173828,
       183.50507812, -87.17607422])
34, array([ 228.26513672,   68.64697266,    9.04130859,  162.96679688,
        144.21445313, -110.95136719])
35, array([ 239.315625  ,   52.79677734,    2.90214844,  185.84912109,
         95.10117187, -155.15332031])
36, array([ 2.48356934e+02,  3.71698242e+01, -2.23242187e-01,  2.03820117e+02,
        5.50291992e+01, -1.75691602e+02])
37, array([ 249.69638672,   18.75234375,   -1.67431641,  213.75439453,
         10.49238281, -184.39804687])
38, array([ 241.65966797,    1.7859375 ,   -1.7859375 ,  191.43017578,
        -13.84101562, -182.165625  ])
39, array([ 229.26972656,  -12.05507812,   -0.89296875,  161.06923828,
        -39.96035156, -176.58457031])
40, array([ 219.78193359,  -27.12392578,    3.01376953,  128.25263672,
        -62.84267578, -161.51572266])
41, array([ 215.09384766,  -38.95576172,    6.13916016,  119.6578125 ,
        -96.32900391, -147.56308594])
42, array([ 217.21464844,  -54.24785156,    8.70644531,  122.67158203,
       -134.05693359, -139.63798828])
43, array([ 224.58164062,  -65.29833984,   11.49697266,  138.85664062,
       -163.97138672, -133.72207031])
44, array([ 239.98535156,  -72.55371094,   10.82724609,  167.65488281,
       -185.17939453, -132.82910156])
45, array([ 256.84013672,  -68.31210937,    8.37158203,  201.02958984,
       -182.61210937, -142.31689453])
46, array([ 267.33251953,  -51.56894531,    4.57646484,  220.34003906,
       -156.04628906, -155.93466797])
47, array([ 276.8203125 ,  -36.94658203,    3.34863281,  234.29267578,
       -122.55996094, -168.88271484])
48, array([ 287.20107422,  -27.45878906,    3.01376953,  249.47314453,
        -94.87792969, -176.36132812])
49, array([ 300.59560547,  -32.59335937,    7.25537109,  276.26220703,
        -92.53388672, -175.69160156])
50, array([ 313.20878906,  -42.41601562,   12.94804687,  302.71640625,
       -130.81992188, -161.62734375])
51, array([ 321.13388672,  -58.37783203,   21.31962891,  324.92900391,
       -172.34296875, -139.52636719])
52, array([ 329.72871094,  -66.97265625,   25.78447266,  352.49941406,
       -194.77880859, -119.09970703])
53, array([ 339.88623047,  -64.85185547,   30.02607422,  390.78544922,
       -198.2390625 , -100.34736328])
54, array([ 343.23486328,  -61.50322266,   30.80742187,  421.36962891,
       -186.85371094,  -89.07363281])
55, array([ 348.92753906,  -47.99707031,   29.80283203,  444.25195312,
       -162.63193359,  -86.72958984])
56, array([ 350.04375   ,  -27.68203125,   29.57958984,  452.40029297,
       -119.43457031, -103.13789062])
57, array([ 345.69052734,  -14.06425781,   22.88232422,  451.39570312,
        -83.9390625 , -116.0859375 ])
58, array([ 337.98867187,   -4.57646484,   18.97558594,  442.9125    ,
        -62.5078125 , -127.13642578])
59, array([ 332.184375  ,    4.01835938,   16.74316406,  425.49960937,
        -39.96035156, -141.20068359])
60, array([ 319.45957031,   10.82724609,   10.93886719,  399.71513672,
        -17.41289062, -156.60439453])
61, array([ 304.50234375,   14.51074219,    7.47861328,  365.55908203,
         -6.69726562, -170.66865234])
62, array([ 291.21943359,   15.85019531,    3.68349609,  332.51923828,
         -3.34863281, -180.71455078])
63, array([ 281.39677734,   16.63154297,    5.02294922,  304.16748047,
          0.89296875, -183.05859375])
64, array([ 275.70410156,   18.19423828,   11.60859375,  287.98242188,
          1.45107422, -175.57998047])
65, array([ 274.25302734,   17.52451172,   17.97099609,  284.18730469,
         -2.23242188, -165.53408203])
66, array([ 274.69951172,   16.0734375 ,   20.53828125,  285.30351562,
         -6.47402344, -159.50654297])
67, array([ 274.02978516,   16.0734375 ,   21.76611328,  282.62460937,
         -7.59023437, -156.15791016])
68, array([ 274.25302734,   16.0734375 ,   22.77070312,  282.51298828,
        -10.715625  , -155.48818359])
69, array([ 271.79736328,   17.859375  ,   21.31962891,  270.68115234,
         -1.89755859, -156.60439453])
70, array([ 269.45332031,   18.52910156,   21.87773437,  262.5328125 ,
          0.89296875, -156.82763672])
71, array([ 273.36005859,   16.0734375 ,   20.87314453,  275.48085937,
         -6.47402344, -155.82304687])
72, array([ 270.23466797,   17.74775391,   21.31962891,  268.33710938,
         -1.45107422, -156.38115234])
73, array([ 270.34628906,   18.08261719,   20.87314453,  267.77900391,
         -2.56728516, -156.38115234])
74, array([ 272.24384766,   16.63154297,   21.43125   ,  273.02519531,
         -4.46484375, -155.93466797])
