0, array([ 272.69033203,    6.25078125,   20.09179688,  269.78818359,
        -13.39453125, -152.36279297])
1, array([ 272.57871094,    5.24619141,   20.20341797,  270.23466797,
        -13.84101562, -152.36279297])
2, array([ 272.57871094,    5.80429687,   19.75693359,  269.56494141,
        -13.61777344, -152.36279297])
3, array([ 272.80195313,    5.80429687,   19.75693359,  270.23466797,
        -13.72939453, -152.36279297])
4, array([ 272.24384766,    3.68349609,   20.87314453,  269.6765625 ,
        -13.72939453, -152.36279297])
5, array([ 272.69033203,    5.24619141,   20.31503906,  270.01142578,
        -13.61777344, -152.36279297])
6, array([ 272.57871094,    5.02294922,   19.6453125 ,  269.89980469,
        -13.84101562, -152.36279297])
7, array([ 272.69033203,    5.46943359,   19.6453125 ,  269.78818359,
        -13.50615234, -152.36279297])
8, array([ 272.24384766,    5.46943359,   20.42666016,  270.01142578,
        -13.84101562, -152.36279297])
9, array([ 272.35546875,    6.02753906,   20.42666016,  269.6765625 ,
        -13.50615234, -152.36279297])
10, array([ 272.69033203,    3.34863281,   19.19882812,  271.4625    ,
        -17.63613281, -152.36279297])
11, array([ 273.47167969,    7.70185547,   20.87314453,  276.70869141,
         -1.11621094, -153.70224609])
12, array([ 272.35546875,   11.49697266,   17.52451172,  278.94111328,
         -1.11621094, -156.49277344])
13, array([ 272.24384766,   11.27373047,   12.94804687,  282.40136719,
         -2.23242188, -159.28330078])
14, array([ 272.46708984,   15.85019531,    7.92509766,  286.97783203,
          3.90673828, -164.64111328])
15, array([ 274.14140625,   27.68203125,    5.13457031,  286.75458984,
         16.96640625, -167.98974609])
16, array([ 273.80654297,   35.71875   ,    3.571875  ,  290.99619141,
         30.80742187, -167.54326172])
17, array([ 275.25761719,   44.20195312,    2.67890625,  294.79130859,
         25.22636719, -166.20380859])
18, array([ 276.59707031,   46.76923828,    1.45107422,  291.21943359,
          1.22783203, -162.74355469])
19, array([ 275.48085937,   39.290625  ,   -1.22783203,  287.31269531,
        -31.58876953, -154.81845703])
20, array([ 276.37382812,   27.34716797,   -5.3578125 ,  285.41513672,
        -61.94970703, -149.79550781])
21, array([ 275.36923828,   10.715625  ,   -7.81347656,  284.52216797,
        -93.53847656, -145.21904297])
22, array([ 276.59707031,   -1.45107422,   -7.81347656,  285.19189453,
       -121.55537109, -133.72207031])
23, array([ 276.59707031,  -14.84560547,   -6.36240234,  284.85703125,
       -149.79550781, -113.74189453])
24, array([ 278.27138672,  -26.45419922,   -5.46943359,  282.62460937,
       -173.57080078,  -99.56601562])
25, array([ 277.49003906,  -35.94199219,    0.33486328,  277.82490234,
       -193.10449219,  -81.70664062])
26, array([ 276.8203125 ,  -44.09033203,    2.12080078,  271.12763672,
       -206.49902344,  -66.63779297])
27, array([ 274.25302734,  -41.63466797,    1.33945312,  269.00683594,
       -203.596875  ,  -69.87480469])
28, array([ 274.14140625,  -25.56123047,   -2.00917969,  269.23007812,
       -176.8078125 ,  -86.61796875])
29, array([ 274.92275391,   -5.13457031,   -1.67431641,  269.23007812,
       -139.74960938, -109.61191406])
30, array([ 274.14140625,    9.48779297,   -0.44648437,  275.25761719,
        -96.32900391, -137.62880859])
31, array([ 273.80654297,   22.32421875,    7.03212891,  272.80195313,
        -50.34111328, -153.590625  ])
32, array([ 272.24384766,   29.80283203,   13.17128906,  271.23925781,
        -16.51992187, -158.27871094])
33, array([ 270.01142578,   25.33798828,   18.08261719,  270.79277344,
          2.34404297, -155.48818359])
34, array([ 271.90898437,   22.88232422,   20.76152344,  272.57871094,
         10.49238281, -151.91630859])
35, array([ 272.57871094,   21.31962891,   21.43125   ,  277.71328125,
         12.27832031, -150.80009766])
36, array([ 272.13222656,   17.30126953,   20.87314453,  277.82490234,
          6.47402344, -151.13496094])
37, array([ 272.57871094,   11.72021484,   21.09638672,  275.92734375,
        -12.16669922, -151.46982422])
38, array([ 269.45332031,    8.14833984,   20.09179688,  265.99306641,
        -24.55664062, -151.46982422])
39, array([ 271.01601562,   11.49697266,   18.86396484,  271.79736328,
         -9.93427734, -151.8046875 ])
40, array([ 271.12763672,    9.04130859,   19.6453125 ,  271.01601562,
        -18.52910156, -151.46982422])
41, array([ 270.45791016,    9.59941406,   19.86855469,  268.00224609,
        -18.86396484, -151.58144531])
42, array([ 271.12763672,   10.15751953,   20.42666016,  272.02060547,
        -13.28291016, -151.58144531])
43, array([ 270.45791016,    9.15292969,   20.76152344,  268.67197266,
        -19.86855469, -151.46982422])
44, array([ 270.79277344,    9.15292969,   19.86855469,  270.68115234,
        -14.51074219, -151.58144531])
45, array([ 270.68115234,    9.59941406,   19.53369141,  270.12304688,
        -17.74775391, -151.46982422])
46, array([ 270.23466797,    8.14833984,   19.53369141,  269.34169922,
        -17.41289062, -151.58144531])
47, array([ 271.12763672,   10.04589844,   20.64990234,  271.01601562,
        -15.18046875, -151.46982422])
48, array([ 270.34628906,    8.70644531,   18.97558594,  269.23007812,
        -18.30585938, -151.46982422])
49, array([ 271.23925781,    9.26455078,   20.09179688,  270.68115234,
        -15.29208984, -151.46982422])
