0, array([ 274.69951172,   12.72480469,   24.11015625,  266.99765625,
         -7.03212891, -154.14873047])
1, array([ 274.47626953,   11.94345703,   23.77529297,  267.22089844,
         -7.03212891, -154.14873047])
2, array([ 274.92275391,   11.38535156,   23.88691406,  266.99765625,
         -7.14375   , -154.14873047])
3, array([ 274.81113281,   11.94345703,   24.11015625,  267.22089844,
         -7.03212891, -154.14873047])
4, array([ 274.58789062,   12.27832031,   24.66826172,  267.10927734,
         -7.14375   , -154.14873047])
5, array([ 274.92275391,   12.61318359,   24.66826172,  267.10927734,
         -7.03212891, -154.14873047])
6, array([ 274.92275391,   11.60859375,   24.55664062,  267.10927734,
         -7.03212891, -154.14873047])
7, array([ 274.92275391,   12.61318359,   24.55664062,  267.10927734,
         -7.03212891, -154.14873047])
8, array([ 274.81113281,   11.83183594,   24.77988281,  267.10927734,
         -7.03212891, -154.14873047])
9, array([ 274.58789062,   12.38994141,   24.11015625,  266.99765625,
         -7.25537109, -154.14873047])
10, array([ 278.04814453,   14.06425781,   23.99853516,  276.48544922,
        -11.83183594, -154.48359375])
11, array([ 286.97783203,   24.22177734,   23.2171875 ,  311.53447266,
          4.79970703, -156.04628906])
12, array([ 302.93964844,   43.30898437,   27.12392578,  343.56972656,
         46.76923828, -152.69765625])
13, array([ 310.41826172,   63.73564453,   34.49091797,  371.14013672,
         98.67304687, -135.61962891])
14, array([ 310.08339844,   83.49257812,   42.97412109,  377.05605469,
        156.49277344, -110.61650391])
15, array([302.82802734,  99.56601562,  48.55517578, 350.82509766,
       204.37822266, -91.97578125])
16, array([285.30351562, 107.15625   ,  49.67138672, 297.58183594,
       234.62753906, -81.14853516])
17, array([269.00683594, 107.26787109,  47.66220703, 239.76210937,
       235.40888672, -81.14853516])
18, array([246.90585937,  92.86875   ,  42.41601562, 190.76044922,
       211.96845703, -82.59960938])
19, array([233.62294922,  73.33505859,  31.70039062, 168.77109375,
       173.57080078, -94.98955078])
20, array([ 231.61376953,   50.00625   ,   22.43583984,  180.04482422,
        109.27705078, -127.47128906])
21, array([ 242.21777344,   20.98476562,   14.95722656,  208.39658203,
         37.28144531, -161.73896484])
22, array([ 261.97470703,   -3.34863281,   13.95263672,  262.75605469,
        -10.26914062, -170.89189453])
23, array([ 283.85244141,  -22.54746094,   20.98476562,  315.77607422,
        -66.0796875 , -158.16708984])
24, array([ 297.47021484,  -45.65302734,   30.58417969,  345.24404297,
       -133.83369141, -128.47587891])
25, array([ 299.59101563,  -67.75400391,   39.17900391,  342.78837891,
       -198.68554688,  -89.52011719])
26, array([ 288.09404297,  -81.37177734,   44.20195312,  302.93964844,
       -238.75751953,  -63.40078125])
27, array([ 273.69492187,  -84.38554687,   43.08574219,  249.69638672,
       -244.89667969,  -61.16835937])
28, array([ 259.85390625,  -71.21425781,   34.37929688,  202.14580078,
       -215.20546875,  -82.153125  ])
29, array([ 252.04042969,  -52.57353516,   24.89150391,  176.13808594,
       -172.56621094, -105.81679687])
30, array([ 251.70556641,  -29.46796875,   19.31044922,  176.69619141,
       -120.55078125, -133.05234375])
31, array([ 256.61689453,   -8.25996094,   14.84560547,  204.04335937,
        -72.21884766, -155.3765625 ])
32, array([ 266.88603516,    5.80429687,   15.62695312,  234.96240234,
        -34.93740234, -163.74814453])
33, array([ 273.69492187,   10.49238281,   20.64990234,  261.86308594,
        -16.51992187, -160.84599609])
34, array([ 274.92275391,   12.83642578,   23.99853516,  278.27138672,
         -6.47402344, -154.93007812])
35, array([ 275.48085937,   15.40371094,   24.89150391,  279.27597656,
         -3.23701172, -153.14414062])
36, array([ 273.69492187,   14.2875    ,   25.78447266,  275.034375  ,
         -5.13457031, -153.14414062])
37, array([ 271.35087891,   14.62236328,   24.77988281,  264.43037109,
         -6.47402344, -153.81386719])
38, array([ 268.89521484,   11.49697266,   23.77529297,  254.38447266,
        -12.05507812, -153.81386719])
39, array([ 271.23925781,   12.83642578,   24.33339844,  264.76523437,
         -8.48320312, -153.47900391])
40, array([ 270.12304688,   11.83183594,   23.88691406,  258.17958984,
         -9.93427734, -153.70224609])
41, array([ 270.45791016,   12.61318359,   24.55664062,  260.07714844,
        -10.26914062, -153.590625  ])
42, array([ 270.34628906,   13.39453125,   25.44960937,  261.97470703,
         -8.70644531, -153.590625  ])
43, array([ 270.01142578,   12.72480469,   24.66826172,  258.06796875,
        -10.38076172, -153.590625  ])
44, array([ 271.12763672,   11.72021484,   25.11474609,  262.08632812,
         -8.9296875 , -153.47900391])
45, array([ 269.6765625 ,   12.94804687,   23.66367187,  258.73769531,
        -10.04589844, -153.590625  ])
46, array([ 270.79277344,   12.05507812,   24.11015625,  260.85849609,
         -9.26455078, -153.47900391])
47, array([ 270.56953125,   13.28291016,   23.88691406,  260.41201172,
         -9.37617187, -153.47900391])
48, array([ 270.01142578,   12.61318359,   23.99853516,  259.18417969,
         -9.82265625, -153.590625  ])
49, array([ 270.34628906,   13.72939453,   23.77529297,  261.08173828,
         -9.15292969, -153.47900391])
