0, array([ 272.57871094,   13.17128906,   25.11474609,  265.21171875,
         -6.02753906, -154.59521484])
1, array([ 272.13222656,   13.28291016,   25.003125  ,  264.87685547,
         -6.02753906, -154.59521484])
2, array([ 272.24384766,   12.61318359,   24.44501953,  265.21171875,
         -6.02753906, -154.48359375])
3, array([ 271.90898437,   13.17128906,   24.33339844,  264.98847656,
         -6.02753906, -154.59521484])
4, array([ 271.79736328,   13.28291016,   24.22177734,  265.10009766,
         -5.91591797, -154.48359375])
5, array([ 271.4625    ,   13.39453125,   24.89150391,  265.10009766,
         -6.02753906, -154.48359375])
6, array([ 271.90898437,   12.72480469,   24.55664062,  265.10009766,
         -5.91591797, -154.48359375])
7, array([ 272.24384766,   12.61318359,   24.44501953,  265.10009766,
         -6.02753906, -154.48359375])
8, array([ 272.13222656,   13.61777344,   24.22177734,  265.10009766,
         -5.91591797, -154.48359375])
9, array([ 270.34628906,   14.95722656,   23.66367187,  264.20712891,
         -6.02753906, -154.59521484])
10, array([ 277.04355469,   20.98476562,   21.31962891,  280.72705078,
         -2.79052734, -159.84140625])
11, array([ 292.33564453,   29.46796875,   20.09179688,  308.85556641,
         14.51074219, -162.29707031])
12, array([ 305.73017578,   51.56894531,   27.23554687,  347.36484375,
         55.14082031, -153.92548828])
13, array([ 312.98554687,   68.08886719,   37.39306641,  371.69824219,
        100.45898438, -137.96367187])
14, array([ 311.31123047,   81.70664062,   40.07197266,  370.69365234,
        150.80009766, -121.44375   ])
15, array([ 301.37695312,   97.78007812,   43.86708984,  340.66757812,
        194.10908203, -108.49570312])
16, array([279.72246094, 107.49111328,  43.53222656, 291.66591797,
       224.02353516, -98.78466797])
17, array([257.06337891, 108.9421875 ,  39.62548828, 233.84619141,
       232.28349609, -95.99414062])
18, array([ 237.08320312,   99.23115234,   31.81201172,  187.85830078,
        209.84765625, -100.12412109])
19, array([ 230.3859375 ,   77.13017578,   22.65908203,  184.06318359,
        155.15332031, -122.89482422])
20, array([ 241.54804687,   49.67138672,   11.27373047,  215.76357422,
         85.94824219, -164.19462891])
21, array([ 261.52822266,   22.77070312,    7.81347656,  260.97011719,
         18.41748047, -179.82158203])
22, array([ 283.18271484,   -4.91132812,   11.38535156,  308.40908203,
        -40.85332031, -172.00810547])
23, array([ 302.04667969,  -27.57041016,   21.43125   ,  348.14619141,
        -86.72958984, -151.91630859])
24, array([ 311.31123047,  -50.67597656,   32.146875  ,  366.89853516,
       -157.83222656, -113.85351562])
25, array([ 305.28369141,  -69.76318359,   40.51845703,  347.92294922,
       -217.21464844,  -75.23261719])
26, array([ 292.00078125,  -77.46503906,   41.18818359,  294.12158203,
       -238.98076172,  -67.75400391])
27, array([ 272.69033203,  -74.78613281,   34.15605469,  233.06484375,
       -227.70703125,  -80.59042969])
28, array([ 257.95634766,  -61.72646484,   26.00771484,  187.07695312,
       -194.89042969,  -99.45439453])
29, array([ 250.25449219,  -43.19736328,   20.09179688,  163.07841797,
       -149.79550781, -120.43916016])
30, array([ 248.80341797,  -18.19423828,   13.28291016,  157.83222656,
        -88.62714844, -142.98662109])
31, array([ 254.49609375,    3.23701172,   12.5015625 ,  179.04023437,
        -38.62089844, -158.50195312])
32, array([ 268.00224609,   16.51992187,   14.62236328,  231.27890625,
        -11.49697266, -167.20839844])
33, array([ 279.72246094,   18.97558594,   17.30126953,  279.16435547,
         -1.33945312, -163.19003906])
34, array([ 280.05732422,   20.53828125,   24.22177734,  292.11240234,
          1.33945312, -154.37197266])
35, array([ 280.28056641,   17.07802734,   25.11474609,  289.43349609,
         -1.89755859, -153.14414062])
36, array([ 277.82490234,   16.0734375 ,   25.44960937,  283.62919922,
         -7.36699219, -153.25576172])
37, array([ 276.37382812,   13.61777344,   25.003125  ,  282.06650391,
        -13.05966797, -153.03251953])
38, array([ 275.36923828,   15.73857422,   25.003125  ,  275.92734375,
         -8.81806641, -153.70224609])
39, array([ 271.90898437,   16.51992187,   24.66826172,  261.97470703,
          2.90214844, -154.48359375])
40, array([ 272.91357422,   15.51533203,   24.77988281,  267.890625  ,
         -7.47861328, -154.14873047])
41, array([ 273.2484375 ,   15.51533203,   25.33798828,  268.22548828,
         -3.571875  , -154.14873047])
42, array([ 271.57412109,   17.74775391,   23.99853516,  263.42578125,
         -1.11621094, -154.37197266])
43, array([ 273.58330078,   14.06425781,   22.65908203,  269.00683594,
         -6.47402344, -154.03710938])
44, array([ 272.35546875,   16.85478516,   23.66367187,  265.21171875,
         -1.7859375 , -154.26035156])
45, array([ 271.90898437,   16.63154297,   24.11015625,  266.43955078,
         -4.68808594, -154.14873047])
46, array([ 273.47167969,   15.85019531,   24.55664062,  268.22548828,
         -4.57646484, -154.03710938])
47, array([ 271.90898437,   16.74316406,   23.32880859,  264.76523437,
         -2.67890625, -154.26035156])
48, array([ 273.2484375 ,   16.51992187,   24.55664062,  267.890625  ,
         -4.68808594, -154.03710938])
49, array([ 272.91357422,   16.51992187,   24.33339844,  265.65820312,
         -2.79052734, -154.14873047])
