0, array([ 271.35087891,   19.31044922,   24.77988281,  268.00224609,
         -4.12998047, -153.47900391])
1, array([ 271.57412109,   19.42207031,   24.11015625,  267.10927734,
         -4.12998047, -153.47900391])
2, array([ 271.57412109,   19.6453125 ,   24.11015625,  267.890625  ,
         -4.12998047, -153.47900391])
3, array([ 271.57412109,   19.6453125 ,   25.22636719,  267.22089844,
         -4.12998047, -153.47900391])
4, array([ 271.79736328,   19.53369141,   25.003125  ,  267.66738281,
         -4.12998047, -153.47900391])
5, array([ 271.68574219,   19.31044922,   24.44501953,  267.44414062,
         -4.01835938, -153.47900391])
6, array([ 272.02060547,   18.97558594,   23.99853516,  267.33251953,
         -4.12998047, -153.47900391])
7, array([ 271.90898437,   18.64072266,   24.33339844,  267.77900391,
         -4.12998047, -153.47900391])
8, array([ 268.11386719,   19.08720703,   24.33339844,  259.85390625,
         -7.14375   , -153.590625  ])
9, array([ 269.78818359,   16.85478516,   23.99853516,  257.73310547,
         -9.04130859, -154.70683594])
10, array([ 281.28515625,   21.54287109,   24.66826172,  288.76376953,
         -2.23242188, -155.26494141])
11, array([ 292.22402344,   33.9328125 ,   26.23095703,  331.96113281,
         27.34716797, -151.24658203])
12, array([ 303.94423828,   50.22949219,   31.47714844,  360.64775391,
         63.28916016, -141.20068359])
13, array([ 311.64609375,   69.87480469,   43.75546875,  382.52548828,
        125.35048828, -118.87646484])
14, array([309.97177734,  95.43603516,  52.90839844, 370.58203125,
       203.26201172, -83.38095703])
15, array([292.89375   , 113.18378906,  59.60566406, 319.45957031,
       250.70097656, -60.05214844])
16, array([275.48085937, 118.09511719,  58.9359375 , 264.09550781,
       265.32333984, -53.80136719])
17, array([260.63525391, 118.87646484,  54.13623047, 224.02353516,
       255.61230469, -66.41455078])
18, array([247.68720703, 107.82597656,  45.31816406, 193.66259766,
       227.14892578, -84.38554687])
19, array([ 241.77128906,   86.95283203,   31.14228516,  186.96533203,
        177.03105469, -110.50488281])
20, array([ 251.25908203,   60.16376953,   19.08720703,  216.65654297,
        102.13330078, -151.46982422])
21, array([ 268.22548828,   30.02607422,   13.72939453,  266.43955078,
         30.02607422, -173.34755859])
22, array([ 292.78212891,    4.79970703,   17.41289062,  321.58037109,
        -25.44960937, -167.43164062])
23, array([ 309.52529297,  -19.31044922,   23.77529297,  370.24716797,
        -91.19443359, -138.29853516])
24, array([ 318.45498047,  -40.18359375,   36.61171875,  381.29765625,
       -154.59521484, -105.25869141])
25, array([ 313.76689453,  -60.94511719,   39.96035156,  360.64775391,
       -211.07548828,  -68.98183594])
26, array([ 300.48398437,  -70.43291016,   41.52304687,  313.32041016,
       -242.66425781,  -45.87626953])
27, array([ 281.73164063,  -73.11181641,   35.94199219,  265.76982422,
       -249.24990234,  -42.8625    ])
28, array([ 268.78359375,  -63.95888672,   28.24013672,  216.54492188,
       -227.26054687,  -65.29833984])
29, array([ 257.39824219,  -47.21572266,   19.53369141,  179.26347656,
       -183.39345703,  -95.88251953])
30, array([ 253.26826172,  -28.575     ,   13.61777344,  169.32919922,
       -137.18232422, -122.78320312])
31, array([ 257.62148437,  -10.715625  ,   10.38076172,  181.83076172,
        -96.77548828, -143.87958984])
32, array([ 268.00224609,    2.12080078,   12.72480469,  217.77275391,
        -56.70351562, -161.51572266])
33, array([ 280.05732422,    8.25996094,   15.73857422,  258.9609375 ,
        -29.69121094, -165.64570312])
34, array([ 290.43808594,   12.83642578,   19.08720703,  297.02373047,
        -13.39453125, -161.29248047])
35, array([ 290.88457031,   14.06425781,   24.77988281,  307.62773437,
        -11.83183594, -153.590625  ])
36, array([ 286.30810547,   14.95722656,   25.78447266,  304.39072266,
        -12.61318359, -150.80009766])
37, array([ 281.84326172,   15.29208984,   25.67285156,  296.35400391,
         -9.48779297, -150.80009766])
38, array([ 279.83408203,   16.40830078,   26.34257812,  289.43349609,
         -4.24160156, -152.02792969])
39, array([ 272.46708984,   14.39912109,   24.66826172,  259.18417969,
         -8.25996094, -154.14873047])
40, array([ 273.91816406,   13.50615234,   23.66367187,  263.53740234,
         -9.15292969, -153.81386719])
41, array([ 276.8203125 ,   15.51533203,   24.77988281,  277.04355469,
         -5.46943359, -153.03251953])
42, array([ 272.57871094,   14.06425781,   24.44501953,  260.07714844,
         -8.70644531, -153.81386719])
43, array([ 274.92275391,   13.61777344,   24.11015625,  269.89980469,
         -6.69726562, -153.47900391])
44, array([ 275.48085937,   14.51074219,   24.22177734,  269.11845703,
         -7.14375   , -153.47900391])
45, array([ 273.69492187,   14.62236328,   24.89150391,  262.97929687,
         -7.81347656, -153.70224609])
46, array([ 275.25761719,   15.73857422,   24.44501953,  270.68115234,
         -6.47402344, -153.36738281])
47, array([ 274.25302734,   14.51074219,   25.003125  ,  264.87685547,
         -7.70185547, -153.590625  ])
48, array([ 274.25302734,   15.62695312,   25.003125  ,  267.890625  ,
         -6.47402344, -153.47900391])
49, array([ 274.58789062,   13.95263672,   24.66826172,  267.890625  ,
         -7.47861328, -153.47900391])
