[0.01751423622148513,0.1025487392091688,-0.4435079805619928,0.07307502356269599,0.026053821397509364,-0.6217618080649014] [0.24681209808265797,0.07269412364387418,-0.3543868138363795,0.26676792329641574,0.05137526633212959,-0.6284504403785904]
[0.24681209808265797,0.07269412364387418,-0.3543868138363795,0.26676792329641574,0.05137526633212959,-0.6284504403785904] [0.4158791569199543,0.08378571307240662,-0.2400976582062082,0.4146356423874342,0.10142113785384566,-0.5884860193493999]
[0.4158791569199543,0.08378571307240662,-0.2400976582062082,0.4146356423874342,0.10142113785384566,-0.5884860193493999] [0.5285067164273282,0.1265982374003226,-0.1076014171215185,0.5174170770470057,0.17014547721354226,-0.5131976601542991]
[0.5285067164273282,0.1265982374003226,-0.1076014171215185,0.5174170770470057,0.17014547721354226,-0.5131976601542991] [0.5884860801179286,0.19190642715894435,0.03614100497497219,0.5758511232771466,0.25150232584797305,-0.4139144775630328]
[0.5884860801179286,0.19190642715894435,0.03614100497497219,0.5758511232771466,0.25150232584797305,-0.4139144775630328] [0.599608551504905,0.2704850126710058,0.18416870364054283,0.5906766772891114,0.339445725069979,-0.3019655867525657]
[0.599608551504905,0.2704850126710058,0.18416870364054283,0.5906766772891114,0.339445725069979,-0.3019655867525657] [0.5656654344630159,0.35310872405065186,0.3295207754251548,0.5626326352244087,0.42792971613044495,-0.1886801026962548]
[0.5656654344630159,0.35310872405065186,0.3295207754251548,0.5626326352244087,0.42792971613044495,-0.1886801026962548] [0.48318332180332696,0.41593418034370666,0.4756927842700627,0.49746714779568146,0.5115044288496732,-0.10540861001829338]
[0.48318332180332696,0.41593418034370666,0.4756927842700627,0.49746714779568146,0.5115044288496732,-0.10540861001829338] [0.35094974761683834,0.46185142575591653,0.614297911012204,0.33854389811434776,0.5756886268939095,-0.03291693669927653]
[0.35094974761683834,0.46185142575591653,0.614297911012204,0.33854389811434776,0.5756886268939095,-0.03291693669927653] [0.177218714764599,0.4979378896594585,0.6761325663154096,0.19252507364879054,0.6284893628564212,0.015120963843155977]
[0.177218714764599,0.4979378896594585,0.6761325663154096,0.19252507364879054,0.6284893628564212,0.015120963843155977] [0.016549351089535085,0.5328871971706313,0.7146960460280791,-0.035533104510480515,0.6605910687595602,0.0010910140523341383]
[0.016549351089535085,0.5328871971706313,0.7146960460280791,-0.035533104510480515,0.6605910687595602,0.0010910140523341383] [-0.1666169949648474,0.5212490044586546,0.682879257233413,-0.2417264485505149,0.6387363377099936,-0.03370453913624516]
[-0.1666169949648474,0.5212490044586546,0.682879257233413,-0.2417264485505149,0.6387363377099936,-0.03370453913624516] [-0.26725707075352356,0.4733432804276665,0.5774746334619607,-0.4416546432831231,0.6122425295072454,-0.09178316771494544]
[-0.26725707075352356,0.4733432804276665,0.5774746334619607,-0.4416546432831231,0.6122425295072454,-0.09178316771494544] [-0.34533485076259596,0.41469737283613084,0.48434992486070527,-0.5176161482459354,0.5511512856392631,-0.21818490716296868]
[-0.34533485076259596,0.41469737283613084,0.48434992486070527,-0.5176161482459354,0.5511512856392631,-0.21818490716296868] [-0.40750098162973997,0.3331954388203592,0.321159098701556,-0.6037864728880817,0.43895397017818627,-0.3090130012439358]
[-0.40750098162973997,0.3331954388203592,0.321159098701556,-0.6037864728880817,0.43895397017818627,-0.3090130012439358] [-0.4025975485914458,0.21934353970975595,0.1709454059830975,-0.5864766593552052,0.3255067665293625,-0.4173698357814368]
[-0.4025975485914458,0.21934353970975595,0.1709454059830975,-0.5864766593552052,0.3255067665293625,-0.4173698357814368] [-0.27901383139663166,0.1124755065142582,0.02846919478044896,-0.4919460888971017,0.18931903854186896,-0.5061205135830757]
[-0.27901383139663166,0.1124755065142582,0.02846919478044896,-0.4919460888971017,0.18931903854186896,-0.5061205135830757] [-0.13833564644476687,-0.020194692207625542,-0.0912484406547982,-0.3317592265908068,0.05301715750732551,-0.5256539443696822]
[-0.13833564644476687,-0.020194692207625542,-0.0912484406547982,-0.3317592265908068,0.05301715750732551,-0.5256539443696822] [0.022135972777879143,-0.15859541577067274,-0.10855871143433404,-0.14620152839377482,-0.0728979801065443,-0.49128736496301695]
[0.022135972777879143,-0.15859541577067274,-0.10855871143433404,-0.14620152839377482,-0.0728979801065443,-0.49128736496301695] [0.1800515544299167,-0.30121962138222086,-0.06433272512116517,0.03348821120883612,-0.19462532364674373,-0.41297620936292123]
[0.1800515544299167,-0.30121962138222086,-0.06433272512116517,0.03348821120883612,-0.19462532364674373,-0.41297620936292123] [0.34224096813378285,-0.433866931677614,0.07364874642767738,0.1729190166265092,-0.31688329880763655,-0.3011163761329838]
[0.34224096813378285,-0.433866931677614,0.07364874642767738,0.1729190166265092,-0.31688329880763655,-0.3011163761329838] [0.4327414689038129,-0.5370193612182814,0.1345722995033416,0.28485474695532575,-0.4104966821943972,-0.16613080499483068]
[0.4327414689038129,-0.5370193612182814,0.1345722995033416,0.28485474695532575,-0.4104966821943972,-0.16613080499483068] [0.4731482245035415,-0.6154902484757432,0.31281549112097995,0.2907641955220825,-0.49395937316309557,-0.03056964087489078]
[0.4731482245035415,-0.6154902484757432,0.31281549112097995,0.2907641955220825,-0.49395937316309557,-0.03056964087489078] [0.4755026529181411,-0.6957745690978298,0.4374747103346115,0.30767842661612405,-0.5604035419668303,0.1137288207555871]
[0.4755026529181411,-0.6957745690978298,0.4374747103346115,0.30767842661612405,-0.5604035419668303,0.1137288207555871] [0.4327611062989811,-0.7348951656193509,0.5369356462277137,0.22841345634349564,-0.595743937438149,0.22810324182931563]
[0.4327611062989811,-0.7348951656193509,0.5369356462277137,0.22841345634349564,-0.595743937438149,0.22810324182931563] [0.2968606297466393,-0.7476255140288761,0.57156738067909,0.12237999987500452,-0.6409805950522036,0.28179087403165415]
[0.2968606297466393,-0.7476255140288761,0.57156738067909,0.12237999987500452,-0.6409805950522036,0.28179087403165415] [0.1138378711266293,-0.737529220515259,0.537212486543476,-0.052378214200012485,-0.6585736363842819,0.3364107512160981]
[0.1138378711266293,-0.737529220515259,0.537212486543476,-0.052378214200012485,-0.6585736363842819,0.3364107512160981] [-0.06136482060291735,-0.7055255600457415,0.4807527612626066,-0.15697713342111314,-0.6380490347299311,0.26950302592539543]
[-0.06136482060291735,-0.7055255600457415,0.4807527612626066,-0.15697713342111314,-0.6380490347299311,0.26950302592539543] [-0.17232457907311438,-0.6519361728958522,0.35277961605229535,-0.29763696537393025,-0.6063415185616445,0.1870391488045806]
[-0.17232457907311438,-0.6519361728958522,0.35277961605229535,-0.29763696537393025,-0.6063415185616445,0.1870391488045806] [-0.30823137240437365,-0.5943848681632573,0.2025146279130734,-0.4263220493661438,-0.548411211466973,0.07906175440069951]
[-0.30823137240437365,-0.5943848681632573,0.2025146279130734,-0.4263220493661438,-0.548411211466973,0.07906175440069951] [-0.4033183768328016,-0.5274188619352815,0.04416688152840642,-0.5220314726550838,-0.4765172524691164,-0.04792053636204585]
[-0.4033183768328016,-0.5274188619352815,0.04416688152840642,-0.5220314726550838,-0.4765172524691164,-0.04792053636204585] [-0.4385577541513468,-0.45334324758122047,-0.10921064988668583,-0.5688267876560373,-0.39432346810201097,-0.18681572736498886]
[-0.4385577541513468,-0.45334324758122047,-0.10921064988668583,-0.5688267876560373,-0.39432346810201097,-0.18681572736498886] [-0.3949216661529576,-0.37446311826178186,-0.24456499460619519,-0.5507695467145458,-0.3054936848376367,-0.33053182228585154]
[-0.3949216661529576,-0.37446311826178186,-0.24456499460619519,-0.5507695467145458,-0.3054936848376367,-0.33053182228585154] [-0.2533822744497778,-0.29308356755485016,-0.34884317941509835,-0.4519213023156428,-0.21369172933384262,-0.47197682561679866]
[-0.2533822744497778,-0.29308356755485016,-0.34884317941509835,-0.4519213023156428,-0.21369172933384262,-0.47197682561679866] [0.0050882591652444235,-0.21150968862113295,-0.40899223209105173,-0.25634360687461555,-0.12258142800065235,-0.6040587408319427]
[0.0050882591652444235,-0.21150968862113295,-0.40899223209105173,-0.25634360687461555,-0.12258142800065235,-0.6040587408319427] [0.0050882591652444235,-0.21150968862113295,-0.40899223209105173,-0.25634360687461555,-0.12258142800065235,-0.6040587408319427]
