0, array([  -4.64313259,   12.93311768, -168.32536036,  -24.04377649,
         21.33526723, -363.58762559])
1, array([  -4.52070574,   15.46580264, -167.75645497,  -21.16023329,
         26.82055422, -362.29888827])
2, array([  -2.24030591,   14.41827367, -167.73042717,  -16.68855836,
         23.0976259 , -362.11837685])
3, array([   2.86513115,    8.77803687, -168.39443817,  -10.04164158,
          7.52695084, -363.3421188 ])
4, array([   9.26513321,    9.23050684, -167.7590475 ,    4.45463141,
          3.32206991, -361.17922014])
5, array([  16.47869325,   11.25183207, -166.6700905 ,   21.80480423,
          3.15648334, -357.77422806])
6, array([  25.39383502,   14.96706433, -164.93590253,   43.80498841,
          8.32880622, -352.53331168])
7, array([  33.70262741,   21.67920211, -162.48802369,   64.09037846,
         21.9686241 , -345.98716405])
8, array([  41.29886594,   29.88589668, -159.83525931,   82.52811946,
         40.27690416, -338.81102379])
9, array([  46.0961961 ,   39.78138552, -157.46490751,   93.99407818,
         65.6060443 , -331.2790375 ])
10, array([  47.48759273,   48.81099532, -155.76333158,   96.83569824,
         92.65008116, -324.55692318])
11, array([  46.46808645,   57.28436632, -154.48697848,   93.6278568 ,
        120.78231422, -318.43602382])
12, array([  39.27651516,   62.45021142, -154.25472116,   75.62657036,
        142.87486767, -315.87808624])
13, array([  29.81648234,   64.59526671, -154.58883416,   51.49748269,
        156.57228615, -315.90589235])
14, array([  17.98684304,   64.01440221, -155.45548574,   21.00890112,
        162.91945819, -318.32134898])
15, array([   3.85475308,   59.02071977, -156.91241167,  -16.22430223,
        155.06427963, -324.13852571])
16, array([  -9.82144511,   52.48427588, -158.42495803,  -52.23472088,
        140.44119903, -329.90147682])
17, array([ -23.19017623,   43.65761309, -160.04191134,  -87.36000436,
        115.98621656, -335.59207965])
18, array([ -33.57383529,   31.23954712, -161.15688062, -114.11442018,
         79.9688837 , -338.78483719])
19, array([ -41.48778276,   18.05436447, -161.86458937, -134.2952934 ,
         40.83395742, -339.99975656])
20, array([ -44.91545835,    3.91099991, -161.80486606, -142.692183  ,
         -2.87247648, -337.3963064 ])
21, array([ -44.42789428,   -8.2324656 , -160.9603535 , -140.28548429,
        -43.18786762, -331.6886516 ])
22, array([ -41.73398648,  -19.33775921, -159.85883487, -131.67750357,
        -81.5425443 , -324.32227822])
23, array([ -35.4404768 ,  -27.68530833, -159.10986032, -112.65142265,
       -111.93167988, -315.18457987])
24, array([ -27.78029972,  -33.81960339, -158.77865842,  -89.02435013,
       -133.90452653, -306.93396932])
25, array([ -18.9727077 ,  -38.46644613, -158.73627725,  -61.5636926 ,
       -150.33824739, -299.24866751])
26, array([  -9.12013116,  -39.04554104, -159.14903168,  -29.96805109,
       -154.99368929, -296.00678151])
27, array([   0.34985515,  -37.67396422, -159.81040702,   -0.31332471,
       -153.33738224, -295.86303616])
28, array([   9.70429505,  -34.145865  , -160.76199842,   28.17481454,
       -144.79106472, -299.07107243])
29, array([  16.19664102,  -26.69690493, -161.91042755,   45.9489723 ,
       -122.70067526, -307.23122746])
30, array([  20.94049819,  -18.78506669, -163.18867515,   57.71484096,
        -97.9281228 , -316.3757747 ])
31, array([  23.21086875,  -10.31364698, -164.72157344,   60.92393574,
        -69.40451065, -326.90208264])
32, array([  22.14556866,   -3.4788018 , -166.00687189,   54.14328834,
        -43.43081942, -336.9833202 ])
33, array([  19.80540059,    2.26357681, -167.07738617,   43.59251546,
        -20.11112684, -346.19544008])
34, array([  15.87206765,    6.18054114, -167.72770666,   28.1984747 ,
         -1.74239518, -353.58272537])
35, array([  11.41928465,    8.48030257, -168.14043652,   12.14344359,
         11.61146482, -358.79935914])
36, array([   6.64103796,    9.88545912, -168.44286774,   -4.3567191 ,
         22.14187517, -362.81618372])
37, array([   1.99854601,    9.91200283, -168.68795474,  -19.18850503,
         26.99511583, -364.6357018 ])
38, array([  -2.06069939,    9.42273046, -168.84323613,  -31.21236729,
         29.36894751, -365.59789309])
39, array([  -5.77150771,    8.51493615, -168.9321575 ,  -41.35532479,
         29.85889918, -365.91250391])
