0, array([  10.12110407,   22.35968843, -176.2336063 ,   -1.87194715,
          3.02475229, -365.89909987])
1, array([  16.96840033,   26.8733277 , -174.36200555,   14.31346137,
         15.24002823, -362.75926536])
2, array([  23.81166267,   31.40409051, -172.48595376,   30.49346325,
         27.49114512, -359.61420291])
3, array([  29.44743751,   41.0605075 , -169.27769104,   45.05508706,
         50.47065294, -354.90432366])
4, array([  35.05408889,   50.73323418, -166.06725568,   59.54744916,
         73.49534803, -350.18517336])
5, array([  36.31649146,   62.83882216, -162.53273478,   63.70827207,
        103.26047735, -344.08309084])
6, array([  37.5550751 ,   74.71600283, -159.06490294,   67.79058889,
        132.46400045, -338.09614196])
7, array([  31.5863143 ,   85.02555546, -156.02036475,   51.99608129,
        156.6147362 , -334.34422355])
8, array([  25.55277263,   95.3190182 , -152.98021609,   36.02280254,
        180.71517503, -330.61335925])
9, array([  13.37489685,   99.78097041, -151.63820384,    8.29999141,
        191.42735244, -329.55970832])
10, array([   1.16273349,  104.21038071, -150.3056678 ,  -19.48838632,
        202.06481858, -328.5209972 ])
11, array([ -11.15028023,  100.02463239, -151.51497231,  -46.22653682,
        195.90722435, -331.1302348 ])
12, array([ -23.45800391,   95.81201223, -152.73182116,  -72.95011691,
        189.69643454, -333.75141087])
13, array([ -30.80276653,   84.66422749, -155.64923623,  -88.66312498,
        169.23709012, -339.81320675])
14, array([ -38.10857884,   73.49696302, -158.5674236 , -104.28312527,
        148.73486362, -345.87321257])
15, array([ -36.67978116,   57.96136677, -161.6587972 ,  -99.04613308,
        118.61632796, -351.5317984 ])
16, array([ -35.18445773,   42.4082463 , -164.73611884,  -93.65711037,
         88.45354803, -357.1472453 ])
17, array([ -25.19284397,   24.61703369, -166.01880511,  -68.85161991,
         52.64014218, -357.2532344 ])
18, array([ -15.38975123,    7.16150435, -167.27728975,  -44.51415757,
         17.50246096, -357.3572237 ])
19, array([  -3.01234013,  -10.55943741, -166.74521452,  -15.03629187,
        -20.21976338, -351.27809237])
20, array([   9.38375171,  -28.27982896, -166.19892975,   14.47815843,
        -57.95693373, -345.15053167])
21, array([  17.38413054,  -43.17721646, -164.33492365,   35.00839377,
        -91.14206401, -335.30525999])
22, array([  25.36490754,  -58.06201531, -162.46504142,   55.49856572,
       -124.30689535, -325.4434099 ])
23, array([  26.74843538,  -66.65726036, -160.5645957 ,   58.1935144 ,
       -143.78118689, -316.09751133])
24, array([  28.11110793,  -75.23004221, -158.66624441,   60.82928854,
       -163.21429513, -306.76396122])
25, array([  23.3942879 ,  -76.84689385, -157.72459936,   45.75383001,
       -170.97317062, -302.72335421])
26, array([  18.65975744,  -78.43243605, -156.79305055,   30.6516727 ,
       -178.66950999, -298.71161123])
27, array([  10.75152047,  -74.4073246 , -157.67075039,   10.76509175,
       -175.15937804, -299.87230582])
28, array([   2.85393988,  -70.34492037, -158.56244912,   -9.09674301,
       -171.5487202 , -301.08121776])
29, array([  -3.72755361,  -62.27490028, -160.9704689 ,  -25.87365064,
       -156.99666127, -307.54813876])
30, array([ -10.4356143 ,  -54.0496875 , -163.42479677,  -42.97319112,
       -142.16475504, -314.13942363])
31, array([ -13.25942955,  -42.30358757, -166.3517636 ,  -51.80525656,
       -118.79432639, -324.57631727])
32, array([ -16.05720516,  -30.53388393, -169.28189896,  -60.58189758,
        -95.36665624, -335.03899153])
33, array([ -12.82302567,  -18.02132192, -171.74843314,  -55.63666192,
        -70.66754137, -344.55056732])
34, array([  -9.56869487,   -5.5062782 , -174.21341854,  -50.6455848 ,
        -45.96417892, -354.05896571])
