0, array([  11.43975391,   30.37241011, -168.77200484,  -29.48664765,
        -19.92048725, -361.72314294])
1, array([-8.06937949e-02,  2.09700345e+01, -1.69003238e+02, -5.07122647e+01,
       -1.03744174e+01, -3.60806326e+02])
2, array([  -4.12465788,   15.41338498, -168.92329351,  -54.35133168,
         -4.88767676, -359.91076959])
3, array([  -2.191248  ,   13.2309462 , -168.5421819 ,  -44.22227199,
         -1.8612296 , -358.86921356])
4, array([ 4.22042617e+00,  1.39512029e+01, -1.67869912e+02, -2.41435090e+01,
        3.03959976e-01, -3.57514398e+02])
5, array([  13.61125498,   17.10263974, -166.91649403,    2.06653397,
          3.20692781, -355.67906298])
6, array([  24.48212876,   22.21374145, -165.69193666,   30.58943352,
          8.44670975, -353.19594852])
7, array([  33.3069172 ,   27.66792683, -163.69312271,   50.31097213,
         24.14296982, -348.70998723])
8, array([  42.81151716,   34.81385168, -162.14815488,   71.22547302,
         42.07137443, -342.6910019 ])
9, array([  48.31148834,   43.83154013, -160.48499894,   80.20248787,
         67.70398069, -336.36901366])
10, array([  46.92889049,   55.19764623, -157.3138763 ,   80.70741219,
         94.03656076, -331.65026105])
11, array([  45.17576561,   62.08962691, -155.95117314,   74.29714739,
        124.61486752, -328.89021779])
12, array([  38.96890984,   68.19260529, -155.64532178,   66.81711174,
        149.40638352, -326.31564817])
13, array([  27.37299147,   67.58942656, -156.16686669,   43.5146047 ,
        170.47875521, -326.79585162])
14, array([  16.37845556,   66.59030898, -157.21007828,    8.67844483,
        169.60482128, -329.12398466])
15, array([   2.9097808 ,   55.74237317, -159.11643871,  -23.63111678,
        154.97401551, -333.92918776])
16, array([ -11.35474366,   49.18691434, -160.18525977,  -56.02194278,
        141.92886742, -337.01773818])
17, array([ -23.48458755,   41.18958752, -161.27536885,  -83.85032141,
        112.15525094, -339.26383222])
18, array([ -30.26301634,   28.11901776, -162.37045185, -109.58104657,
         94.59837429, -341.83393103])
19, array([ -37.94891326,   14.6249578 , -162.42216344, -126.27250136,
         54.36789066, -344.99913059])
20, array([ -40.1628398 ,    1.66552296, -162.85339865, -135.41707482,
         18.00015088, -341.07393802])
21, array([ -44.58599084,   -9.73470493, -161.52046121, -137.271891  ,
        -26.85046962, -335.86307115])
22, array([ -44.28436832,  -20.73066155, -159.03779957, -135.86683366,
        -61.55156186, -332.00899827])
23, array([ -39.0637854 ,  -28.05042717, -158.32752586, -118.45057776,
        -94.87873392, -325.37318662])
24, array([ -34.10377596,  -33.92041809, -157.49167759,  -95.33088838,
       -115.89594549, -319.13843594])
25, array([ -24.9626219 ,  -34.16029053, -156.76151856,  -73.5160325 ,
       -135.72969975, -310.11155842])
26, array([ -19.05031577,  -35.03078665, -156.35217427,  -44.88772056,
       -151.37631551, -304.93556392])
27, array([  -9.5067377 ,  -39.90913189, -156.92132854,   -8.44426269,
       -159.12306818, -302.3016239 ])
28, array([   0.38951194,  -35.15807999, -157.72789559,   20.6213236 ,
       -150.38921654, -299.83607054])
29, array([   9.66268568,  -27.64665827, -158.73367098,   44.43447182,
       -134.47315234, -302.20868195])
30, array([  17.26884239,  -22.47229088, -160.47444068,   59.09104689,
       -108.54027478, -309.88400647])
31, array([  22.02872907,  -14.39127101, -162.36029848,   75.3884243 ,
        -93.95600678, -320.21206188])
32, array([  24.12615726,   -4.33425769, -164.63984087,   76.59280255,
        -68.16030924, -326.46572673])
33, array([  23.57467554,    5.34126987, -165.83449956,   65.17670568,
        -50.8353504 , -336.86566665])
34, array([  22.76641847,   13.82801261, -167.08453344,   47.52376425,
        -27.96569283, -346.97608259])
35, array([  20.70549641,   20.3265779 , -168.00819252,   28.44284388,
         -7.31472355, -356.14401016])
36, array([  17.46457019,   23.96132201, -168.5218248 ,   10.89222959,
          9.39603778, -363.58561109])
37, array([  13.11630061,   23.85660121, -168.54177826,   -2.16979359,
         20.4450715 , -368.51704712])
38, array([   7.73334851,   19.13677176, -167.98440091,   -7.78494064,
         24.11085792, -370.15447999])
39, array([   1.3883747 ,    8.92618993, -166.76604072,   -2.99492654,
         18.67187739, -367.71407143])
