0, array([-3.85173698e-02,  3.26992081e+01, -1.68912118e+02, -1.55886890e+01,
        2.74957463e+01, -3.56210561e+02])
1, array([   8.32388109,   34.43819779, -170.01259382,   -4.42898089,
         25.65808603, -357.10601227])
2, array([  20.44074046,   41.6572268 , -167.77291026,   16.8701377 ,
         34.59272843, -355.37927131])
3, array([  36.3972912 ,   52.73888501, -164.40903885,   48.02618603,
         53.37448823, -350.21037724])
4, array([  53.22066143,   66.21946662, -159.96647792,   81.9334873 ,
         83.17529306, -341.18992495])
5, array([  65.29145692,   80.61454651, -155.29757013,  106.68739194,
        123.61685512, -328.94713508])
6, array([  65.9678725 ,   87.71628896, -153.30046722,  109.56872737,
        158.78758489, -320.37863479])
7, array([  57.57990799,   85.73884704, -154.86221385,   93.32852732,
        173.2824485 , -320.12020396])
8, array([  44.2934776 ,   79.17805422, -158.09581844,   66.45116734,
        165.84084016, -327.21530567])
9, array([  28.35219043,   71.0464884 , -161.65122146,   35.57657643,
        141.30762243, -338.86180292])
10, array([  12.08222686,   64.28817727, -164.65077789,    6.30081467,
        114.16726415, -350.2593151 ])
11, array([  -1.48193902,   61.41105004, -165.73846877,  -19.66099061,
        102.38202384, -353.9095268 ])
12, array([ -12.05032025,   62.05148133, -164.96164336,  -49.73871735,
        108.73601451, -347.58554284])
13, array([ -20.79070816,   62.73894788, -164.0087849 ,  -89.35009439,
        121.20329981, -336.75782583])
14, array([ -28.02689327,   58.38278135, -164.08558977, -125.6366468 ,
        125.42830118, -327.803089  ])
15, array([ -30.85483008,   48.27866878, -164.72708011, -145.71452592,
        113.03462834, -325.35573848])
16, array([ -29.70294254,   34.52515019, -165.84554358, -142.21436355,
         85.82221789, -330.16043238])
17, array([ -25.75189897,   19.32060308, -167.11888924, -117.08529209,
         54.99296621, -340.14973637])
18, array([ -21.71047911,    4.82091936, -167.83448288,  -79.19993183,
         29.58117905, -350.60608395])
19, array([ -20.60773445,   -8.08994409, -167.3922486 ,  -45.71956676,
         11.15794687, -356.91578774])
20, array([ -24.10514198,  -17.52539231, -165.48043001,  -40.36280728,
         -6.35957807, -359.13955905])
21, array([ -31.6289824 ,  -24.05711354, -162.31436229,  -54.89060722,
        -28.13250173, -353.40017352])
22, array([ -40.33685525,  -30.70789658, -158.58755664,  -79.20925731,
        -58.72137836, -341.60502776])
23, array([ -46.14344707,  -39.21994396, -154.8037367 , -100.23517878,
        -97.42888309, -325.17486063])
24, array([ -46.1513934 ,  -44.46092429, -152.86142014, -109.76966238,
       -130.1135998 , -311.24383223])
25, array([ -39.2067578 ,  -43.72839639, -154.12022601, -102.63458176,
       -143.49473795, -306.43531715])
26, array([ -27.76479839,  -40.85348297, -157.29514419,  -83.00460149,
       -134.90340546, -312.36473924])
27, array([ -14.55697198,  -38.79149154, -160.19063117,  -57.53419899,
       -113.98380336, -325.42149531])
28, array([  -2.21355161,  -38.16717417, -162.00072131,  -30.9103921 ,
        -93.29927098, -339.01816188])
29, array([   7.73967568,  -39.98578979, -162.32475427,   -5.09541317,
        -86.28023891, -345.05900857])
30, array([  16.60633592,  -46.78251715, -159.65033965,   24.78766003,
       -106.21886927, -333.20021609])
31, array([  24.74453542,  -52.36908024, -156.75418238,   57.93335391,
       -132.0520884 , -314.42357218])
32, array([  32.44852107,  -51.12282251, -155.9787998 ,   86.90943298,
       -143.75070496, -301.12526171])
33, array([  39.18306776,  -44.45517431, -157.70129086,  108.05648257,
       -134.7385    , -297.78328078])
34, array([  42.50594453,  -33.60905959, -160.82704124,  116.00104437,
       -106.54283733, -305.58067911])
35, array([  37.97915723,  -20.7320709 , -164.77332895,  104.4795431 ,
        -68.95528396, -321.9953715 ])
36, array([  26.38609183,   -7.91054711, -168.43362287,   76.46204642,
        -34.25964586, -339.77561194])
37, array([  12.04957848,    1.24038961, -170.5671116 ,   43.01329463,
        -12.86290132, -351.39368543])
38, array([  -0.82101285,    6.27643167, -170.94599555,   16.02665669,
         -3.76778309, -355.29866128])
39, array([  -9.07316512,    8.07906782, -170.70496042,   -0.76611514,
         -0.47947523, -356.61267697])
