0, array([ -14.55113977,   12.70652941, -167.79408154,  -56.42814947,
         11.15259834, -355.35141779])
1, array([ -17.02657698,   17.85260231, -167.95344282,  -60.7811187 ,
         20.96344333, -355.34805445])
2, array([ -16.35604235,   16.51925814, -168.07949218,  -60.13956491,
         17.52732856, -355.27981703])
3, array([ -12.39798534,   11.74465375, -168.14702308,  -52.61361545,
          6.1109599 , -354.73932431])
4, array([  -4.84521289,    6.8432795 , -168.12467843,  -35.74162408,
         -7.62919732, -353.24077204])
5, array([   3.15281571,    5.7468776 , -167.55512004,  -15.85163752,
        -15.13006772, -350.95300529])
6, array([  12.56286665,    6.70627746, -166.67711566,    7.71138712,
        -18.2562777 , -348.25141123])
7, array([  22.89044607,    9.68065279, -165.54405445,   33.52964885,
        -15.81778277, -345.29595592])
8, array([  33.51129834,   14.77232413, -164.20443684,   59.83256213,
         -5.66548874, -342.2625386 ])
9, array([  42.28598016,   24.04671798, -162.59707942,   81.57903206,
         16.48821643, -338.87020283])
10, array([  47.75011745,   35.39737879, -161.07667605,   95.13724868,
         45.82201424, -335.4084444 ])
11, array([  49.2904518 ,   47.43652975, -159.78784962,   99.02913541,
         79.4638351 , -332.2225194 ])
12, array([  45.58082014,   57.75020531, -158.98438573,   90.05838837,
        112.73444403, -329.98963605])
13, array([  37.36615372,   64.01914413, -158.76307699,   70.05525962,
        138.8041234 , -329.35202986])
14, array([  26.5190638 ,   67.10865915, -159.10968969,   44.26062257,
        155.96262081, -329.99525192])
15, array([  13.81059741,   67.02897553, -159.96381773,   14.50219374,
        163.30309162, -331.85177506])
16, array([  -0.36655371,   63.03976706, -161.29219093,  -18.47919873,
        157.94835128, -335.1409253 ])
17, array([ -13.65873148,   55.85036516, -162.27823417,  -49.17871125,
        141.52067291, -339.04500075])
18, array([ -25.33539672,   46.57394037, -163.09408074,  -76.42341105,
        118.69137478, -342.8445633 ])
19, array([ -34.87380821,   35.49643489, -163.7036655 ,  -99.17673345,
         90.62811659, -346.11208813])
20, array([ -40.77609897,   22.80814531, -163.83348727, -114.25234428,
         58.07650635, -347.75131866])
21, array([ -42.77507533,   10.52170485, -163.27478776, -120.30982502,
         24.28119123, -346.24531558])
22, array([ -42.4499727 ,   -1.34534508, -162.34056502, -120.56246087,
         -9.17872307, -341.99787714])
23, array([ -40.18032171,  -12.85145317, -161.08150951, -115.52375817,
        -41.84902711, -335.13753172])
24, array([ -35.8772921 ,  -24.32994693, -159.3534488 , -103.75627114,
        -73.54871578, -325.88476189])
25, array([ -29.17516213,  -33.41580026, -157.99951853,  -85.57182228,
       -100.33233797, -316.35636848])
26, array([ -20.57104915,  -40.43763199, -156.83265841,  -62.47543499,
       -123.45713795, -307.21398619])
27, array([ -10.37360531,  -44.98485972, -155.87191863,  -35.41911222,
       -141.83624676, -299.26382058])
28, array([   0.83502271,  -45.39630274, -155.47631999,   -6.34222172,
       -149.7111084 , -295.09573887])
29, array([  11.75452329,  -42.48490898, -155.62607687,   20.4245696 ,
       -146.10372535, -295.27383982])
30, array([  21.19965217,  -36.92394771, -156.33935365,   42.6008955 ,
       -133.39734279, -298.94767867])
31, array([  28.37082946,  -28.9413904 , -157.64346575,   58.53529857,
       -112.44931007, -305.82507132])
32, array([  31.36593024,  -18.59807051, -159.48448163,   64.06356746,
        -83.94477982, -315.70553275])
33, array([  31.57866068,   -8.46354004, -161.37574095,   62.64905958,
        -54.74471792, -326.07194565])
34, array([  29.54644413,    0.67201153, -163.17985418,   55.93897494,
        -27.0840279 , -336.00635975])
35, array([  25.58417339,    8.16487871, -164.77640047,   44.95581108,
         -2.8038747 , -344.76656185])
36, array([  19.71459363,   13.33270534, -165.81855244,   30.50503994,
         15.57932945, -351.02152397])
37, array([  13.71036116,   17.07615879, -166.80249515,   16.27703888,
         28.75404026, -355.31570434])
38, array([   8.165418  ,   19.50494011, -167.48348439,    3.54814753,
         36.80645547, -357.67822513])
39, array([   3.61807812,   20.66413612, -167.63528386,   -6.50495038,
         39.6132236 , -358.05960432])
