0, array([  -0.49641925,   22.24112676, -178.06837975,  -19.33990625,
          2.80485669, -368.52764451])
1, array([  14.36662547,   26.13745669, -175.76622063,    8.82967189,
         10.28119761, -366.55371338])
2, array([  27.32067164,   31.88597422, -173.24426264,   33.99737068,
         22.10771918, -363.98282335])
3, array([  37.68634561,   40.90006691, -170.25902353,   55.29243082,
         41.53504003, -360.32986977])
4, array([  45.54334477,   52.56191638, -166.7739992 ,   72.04885507,
         68.00093635, -355.15207822])
5, array([  51.58488856,   64.98924391, -163.22304869,   85.17552701,
         96.84234385, -349.3958208 ])
6, array([  51.86696511,   78.45477723, -159.82918208,   85.98068986,
        130.09075897, -342.34294812])
7, array([  47.58673047,   90.81039583, -156.9042147 ,   76.70233145,
        161.74410073, -335.73213514])
8, array([  39.31252004,  101.98825753, -154.44150224,   58.5937786 ,
        191.49107348, -329.61639892])
9, array([  25.29166088,  107.71881288, -153.7305431 ,   29.23285472,
        209.37543135, -326.9838989 ])
10, array([  10.5771899 ,  110.19137897, -153.89075576,   -1.42424759,
        220.32073469, -326.05606178])
11, array([  -4.06147505,  106.23174009, -155.67968352,  -31.76179065,
        217.5757859 , -328.31355549])
12, array([ -15.8349555 ,   97.14034021, -158.39773327,  -56.07345413,
        202.97797659, -333.12999277])
13, array([ -25.65819892,   85.18100164, -161.5972011 ,  -76.21039808,
        181.68297205, -339.31752405])
14, array([ -28.53751675,   68.33764265, -165.12387247,  -80.33297188,
        148.6043783 , -346.88776187])
15, array([ -27.62362376,   50.2435414 , -168.09944525,  -75.83087848,
        111.77317291, -353.44862574])
16, array([ -21.49932433,   30.80880816, -170.25208984,  -59.53324314,
         70.54938331, -358.47867806])
17, array([ -10.21395403,   11.2448316 , -170.77654563,  -31.35035964,
         27.60545002, -359.1156568 ])
18, array([   2.09179244,   -7.90483023, -170.41583678,   -1.05927668,
        -15.0281986 , -357.32081836])
19, array([  14.70513075,  -26.7353572 , -167.84263395,   29.0692257 ,
        -58.1601551 , -349.3028413 ])
20, array([  23.46832318,  -44.11974858, -164.14741244,   49.16663089,
        -97.95645853, -337.64797708])
21, array([  29.30415458,  -60.18779367, -159.69523108,   61.6792074 ,
       -134.72113433, -323.53455408])
22, array([  26.56795494,  -71.28202881, -154.90647575,   53.04812844,
       -160.70297558, -308.99814758])
23, array([  20.86603615,  -79.8980481 , -150.77930844,   38.18556401,
       -181.34344478, -296.49636976])
24, array([  10.4320227 ,  -84.14759062, -148.0162038 ,   13.74573471,
       -192.55070141, -288.12326436])
25, array([  -1.50734735,  -84.08125332, -147.27044326,  -13.4796232 ,
       -194.02058517, -285.12871043])
26, array([ -13.75355255,  -81.57208592, -147.62177517,  -41.15966303,
       -190.01779528, -285.15755207])
27, array([ -23.74620765,  -73.22739241, -150.27873565,  -63.88631211,
       -173.25255799, -292.15311779])
28, array([ -31.1023306 ,  -62.58104756, -153.86016009,  -80.79508992,
       -151.24608302, -301.9108512 ])
29, array([ -35.36841881,  -49.53223761, -158.41855118,  -90.87358505,
       -123.730126  , -314.60392727])
30, array([ -33.42623642,  -35.90410362, -163.22347011,  -86.9877531 ,
        -95.42614526, -327.97345094])
31, array([ -29.22502835,  -22.4779848 , -167.9388861 ,  -78.04776886,
        -67.88161818, -341.20053588])
32, array([ -21.08273115,  -10.79396516, -171.95954214,  -60.30198805,
        -44.83302879, -352.84188397])
33, array([ -12.70642964,   -2.02458073, -174.96965973,  -42.05457466,
        -28.49983953, -361.21561385])
34, array([  -3.97611789,    5.18328463, -177.43761646,  -23.04094029,
        -15.86192256, -367.80200925])
