0, array([   8.31048904,   19.09033204, -177.78981613,   -6.83599355,
         -9.32900814, -370.63091623])
1, array([  16.53971012,   23.73138606, -176.3623895 ,   10.7633142 ,
          0.83822758, -368.88868516])
2, array([  24.91997481,   29.87267412, -174.42200702,   29.1920361 ,
         14.49106895, -366.07418971])
3, array([  33.89230994,   38.72016268, -171.56289277,   49.7359238 ,
         34.40607658, -361.39033563])
4, array([  41.25317897,   50.73729037, -167.7890221 ,   68.11486974,
         61.4948356 , -354.29575576])
5, array([  47.22331069,   63.64062782, -163.79851503,   83.89806222,
         90.88227829, -346.41982059])
6, array([  48.3315903 ,   77.37630695, -159.78126776,   89.49760939,
        123.99813204, -337.46139957])
7, array([  45.86012083,   89.84316041, -156.30387012,   86.2391179 ,
        155.50739146, -328.87860662])
8, array([  40.24119272,  100.98913691, -153.36036234,   75.14832859,
        185.10224642, -320.76211365])
9, array([  28.81292332,  106.72675986, -152.21127102,   49.37286495,
        204.33549526, -315.80990963])
10, array([  16.33140835,  109.61211235, -151.90587149,   20.62913579,
        217.46211524, -312.80968961])
11, array([   3.04408871,  107.03612351, -153.15568758,  -10.92628716,
        218.48031293, -313.70776144])
12, array([  -8.90783479,  100.28978073, -155.51562532,  -39.66573723,
        209.89147656, -318.12272488])
13, array([ -19.79965206,   91.09805783, -158.48857315,  -66.06321125,
        195.66678284, -324.50148288])
14, array([ -25.51843119,   75.90224089, -162.43352806,  -80.05245665,
        168.48437513, -333.95624472])
15, array([ -28.20319382,   58.68508295, -166.38752747,  -87.04093753,
        136.98877671, -343.74877775])
16, array([ -26.64793792,   39.04624901, -170.27012792,  -84.22906205,
        100.21453589, -353.79929328])
17, array([ -18.85227339,   18.99854877, -171.89841972,  -66.55957713,
         59.8668822 , -359.46936997])
18, array([  -9.25124778,   -0.66469446, -172.43629337,  -44.28729669,
         18.99136605, -362.53415193])
19, array([   2.72805742,  -19.90427504, -170.57339509,  -15.10070351,
        -23.99884457, -359.02275233])
20, array([  12.66280071,  -38.50666286, -167.41795484,   10.18621952,
        -66.49174357, -351.61816847])
21, array([  20.96176411,  -56.36069891, -163.37356845,   32.25564994,
       -107.97020143, -341.5037425 ])
22, array([  22.73298398,  -69.50468873, -158.81652401,   38.21487033,
       -141.458147  , -328.69450903])
23, array([  21.68450222,  -80.17032879, -154.55427069,   37.52738612,
       -169.96833829, -316.56504293])
24, array([  15.90782623,  -86.41353563, -150.97096112,   25.74505046,
       -189.34546164, -306.19029835])
25, array([   6.65230764,  -88.1553726 , -149.13275683,    6.81906456,
       -199.02172253, -299.88370223])
26, array([  -3.94347582,  -87.33969087, -148.30794913,  -14.89573199,
       -203.07262498, -296.00531774])
27, array([ -14.11527543,  -80.42521657, -149.99241088,  -36.05687417,
       -193.22311154, -298.47086488])
28, array([ -22.42220546,  -70.76215023, -152.73704163,  -53.86841401,
       -177.23974567, -303.90450416])
29, array([ -28.48983391,  -58.17736046, -156.62560745,  -67.60783069,
       -154.63967172, -312.57965613])
30, array([ -29.82993396,  -43.59127313, -161.21309679,  -72.31130796,
       -126.69849727, -324.20322547])
31, array([ -29.19411033,  -28.5618262 , -165.86617798,  -72.97124119,
        -97.79372246, -336.24110643])
32, array([ -24.57137852,  -13.99056987, -170.10201326,  -65.02855677,
        -70.17735171, -347.41129949])
33, array([ -18.41788815,   -1.94542089, -173.31072225,  -53.40259039,
        -47.98718526, -355.99863653])
34, array([ -11.17337839,    8.85828132, -175.97212726,  -39.23151719,
        -28.55645608, -363.22275715])
