0, array([ -13.10275541,   22.46850867, -171.8762415 ,  -14.25137181,
          5.23679863, -366.30434898])
1, array([   5.38388231,   23.41838935, -171.07074368,    9.42520944,
          8.86947062, -359.1444512 ])
2, array([  20.88256919,   28.30557363, -169.58966643,   32.63922919,
         21.37726597, -352.0366574 ])
3, array([  33.21675133,   36.07821476, -167.66457249,   53.9841001 ,
         40.43250519, -345.3162665 ])
4, array([  42.20987482,   45.68446599, -165.52702457,   72.0532348 ,
         63.7075088 , -339.31857741])
5, array([  47.68538576,   56.07248057, -163.40858542,   85.44004596,
         88.87459732, -334.37888903])
6, array([  49.46673026,   66.19041175, -161.54081777,   92.73794621,
        113.60609125, -330.83250027])
7, array([  46.09196083,   73.16394607, -160.24006532,   87.91618288,
        134.46115979, -331.12513887])
8, array([  38.53634259,   77.84049675, -160.50180407,   78.84842356,
        142.9196968 , -333.12000691])
9, array([  26.66429634,   82.67417646, -161.41697071,   54.62123453,
        155.02690331, -335.26487482])
10, array([  11.51952403,   79.62701746, -163.14601597,   16.32068514,
        161.00291425, -335.36750541])
11, array([  -4.10179801,   77.34573119, -164.27116678,  -22.49576038,
        151.80528566, -338.69314889])
12, array([ -16.94867286,   71.45004687, -165.77416713,  -57.0183712 ,
        137.78276138, -338.86598293])
13, array([ -26.22190577,   65.53187947, -166.87188652,  -82.42299853,
        125.37644079, -338.34416523])
14, array([ -30.97649211,   56.51631275, -167.79396922,  -98.15605321,
        111.35098312, -338.90566496])
15, array([ -29.7084426 ,   46.32529098, -167.35289893, -101.34820813,
         97.24284474, -339.7473687 ])
16, array([ -31.70042093,   36.11583338, -167.94998719, -101.81410097,
         75.94801727, -342.97807093])
17, array([ -30.82185584,   22.23167657, -167.05998741,  -97.18470613,
         53.247747  , -345.71846819])
18, array([ -32.90895235,    6.49857701, -165.39583885,  -91.05964343,
         21.286048  , -349.32137364])
19, array([ -34.14750715,   -9.27093703, -163.31101935,  -89.80960607,
         -8.78337256, -347.79025755])
20, array([ -38.08497997,  -21.61802052, -161.63493828,  -89.45762   ,
        -42.5046585 , -344.08571488])
21, array([ -41.8821862 ,  -30.35257461, -159.38111057,  -92.58624053,
        -70.36524685, -339.31586343])
22, array([ -42.86663127,  -38.37111729, -157.18349524,  -97.90197295,
        -94.62285667, -331.51672531])
23, array([ -40.03028565,  -41.70509832, -155.69881167, -102.85985986,
       -112.97289164, -330.07571945])
24, array([ -35.28893829,  -43.5121826 , -155.41740422, -102.89859435,
       -119.89786248, -327.43272083])
25, array([ -27.8769264 ,  -46.35393879, -156.33767087,  -88.29391296,
       -124.88423805, -324.96626288])
26, array([ -18.59136653,  -48.76474878, -156.42598923,  -65.08859028,
       -129.45837641, -325.69714048])
27, array([  -3.31852977,  -51.28736412, -156.0261376 ,  -39.12455761,
       -125.92889181, -323.15947343])
28, array([   9.21452246,  -50.73254282, -156.04142778,   -5.80001319,
       -124.24294116, -318.57308479])
29, array([  21.77116032,  -52.11929145, -155.88252558,   28.74655422,
       -124.38566442, -311.10502927])
30, array([  31.42558141,  -51.94095956, -155.34696055,   60.18721145,
       -127.84306287, -305.84984939])
31, array([  40.11814759,  -49.00360702, -155.72748078,   84.91547323,
       -126.86175418, -299.86226578])
32, array([  42.96705108,  -39.89876394, -156.60675597,   98.58216447,
       -124.48434471, -301.12888761])
33, array([  43.35756854,  -29.02770198, -158.32989583,  107.07908472,
       -114.63450088, -306.48787584])
34, array([  41.9532773 ,  -15.50183743, -161.24938478,  101.85794748,
        -94.08273496, -317.552963  ])
35, array([  37.86202008,   -2.04024984, -164.28819347,   88.60664813,
        -68.684839  , -330.16501523])
36, array([  30.99512671,   10.11486293, -167.11782919,   67.93859844,
        -39.44300895, -343.00864422])
37, array([  21.26392698,   19.72130307, -169.40979925,   40.46721018,
         -7.35944075, -354.76846166])
38, array([   8.5797507 ,   25.53687272, -170.83561094,    6.80589509,
         26.56366966, -364.12907924])
39, array([  -7.14607233,   26.31937404, -171.06677157,  -32.43193507,
         61.32412634, -369.77510868])
