0, array([  -4.15108795,   31.60687763, -167.0883364 ,  -40.96254148,
         28.04577168, -363.43319528])
1, array([  -8.7981901 ,   21.00862382, -168.07467114,  -43.23109332,
         11.78171718, -361.62544426])
2, array([  -7.88151892,   13.69317791, -168.43914567,  -36.47048337,
          0.8219226 , -360.23853088])
3, array([  -2.61875203,    9.42901249, -168.2513088 ,  -22.65832762,
         -5.00611877, -359.0014333 ])
4, array([   5.77243295,    7.98460009, -167.58070935,   -3.7722421 ,
         -5.87491368, -357.6431297 ])
5, array([  16.07435837,    9.12841329, -166.49689617,   18.2101572 ,
         -1.95696885, -355.89259824])
6, array([  27.06934663,   12.62892464, -165.06941805,   41.31125425,
          6.57520898, -353.47881707])
7, array([  34.2436835 ,   19.61957914, -162.99728442,   66.11691058,
         15.39059853, -349.6448186 ])
8, array([  43.64234854,   26.98702921, -161.1795847 ,   82.82253011,
         41.06565585, -343.12164282])
9, array([  50.75391975,   37.52008617, -159.01088001,   96.65536914,
         68.44200336, -333.00377647])
10, array([  54.07039885,   47.57842521, -157.38908011,   98.05118436,
         96.76758662, -325.28317253])
11, array([  47.65798983,   56.53769905, -156.01779438,   89.0078734 ,
        120.29065992, -320.57478027])
12, array([  43.15645044,   61.85653923, -155.65849236,   70.73965393,
        140.69339191, -318.80144683])
13, array([  31.49815111,   67.59463111, -155.86576548,   42.71852148,
        159.16426398, -319.08971166])
14, array([  19.7257304 ,   66.39771746, -156.65066563,    9.73582198,
        160.32926527, -320.30653288])
15, array([   5.18717108,   59.26460954, -158.35259758,  -20.48448536,
        152.39791875, -324.44350127])
16, array([  -9.98523161,   54.88469175, -160.14263713,  -56.09415724,
        136.887259  , -332.94877856])
17, array([ -22.35554502,   43.59366648, -161.43518241,  -85.80944773,
        114.57879091, -339.65388293])
18, array([ -31.86185739,   32.84563287, -162.61657376, -108.25179938,
         80.07046056, -345.37439474])
19, array([ -41.56883934,   21.80557706, -163.57701145, -123.70494527,
         45.48576902, -346.65738948])
20, array([ -44.50731315,    5.72058486, -163.9247009 , -131.5485051 ,
         12.56643229, -344.66591531])
21, array([ -45.30056567,   -3.58468416, -162.74309439, -128.33479625,
        -23.53034544, -338.3205644 ])
22, array([ -44.03428217,  -13.86035637, -162.35653109, -122.10099758,
        -57.60698935, -332.42676095])
23, array([ -39.74377972,  -23.87370561, -160.43280047, -108.22811568,
        -87.82847701, -326.87910645])
24, array([ -32.23153814,  -31.51968548, -159.18902122,  -90.4463729 ,
       -115.13741381, -318.92113766])
25, array([ -25.17218915,  -35.60669431, -157.57571459,  -66.07617146,
       -132.91133499, -310.54395768])
26, array([ -13.19551626,  -34.95723812, -156.60441045,  -35.6573908 ,
       -149.72897519, -300.45092195])
27, array([-6.69609031e-03, -3.55929038e+01, -1.56423222e+02, -5.58867603e+00,
       -1.57070499e+02, -2.96583101e+02])
28, array([  10.28054872,  -31.79586183, -156.52825364,   19.84261918,
       -142.01446414, -298.19319829])
29, array([  17.24398643,  -26.97498425, -157.77795   ,   39.24638291,
       -118.30854689, -302.13484665])
30, array([  22.2182144 ,  -20.2172492 , -159.46851819,   50.46573312,
        -98.16339976, -308.94810375])
31, array([  26.16562077,  -12.15364079, -161.43041605,   57.48042676,
        -66.1377814 , -317.67969401])
32, array([  28.41571061,   -7.94159246, -162.94177617,   49.85065638,
        -41.35677694, -328.62677715])
33, array([ 2.86307101e+01,  2.30795579e-03, -1.63817054e+02,  4.05954564e+01,
       -2.12795850e+01, -3.38497279e+02])
34, array([  26.78826118,    4.06904269, -164.90794091,   20.46626073,
         -3.2933902 , -348.31863769])
35, array([  23.20606641,    6.5979935 , -165.91130826,    0.94204641,
         10.80470584, -356.5646275 ])
36, array([  17.89298819,    7.34800572, -166.82414755,  -14.2200891 ,
         20.17906428, -362.42876467])
37, array([  10.85788898,    6.07792468, -167.64344991,  -21.26304835,
         23.99404623, -365.10456587])
38, array([   2.10963123,    2.54659568, -168.36620644,  -16.42973389,
         21.41401284, -363.78554774])
39, array([  -8.34292264,   -3.48713595, -168.98940828,    4.03695171,
         11.60332521, -357.66522695])
