0, array([  30.42995995,   36.21798735, -171.96786472,   37.70662564,
         25.47586128, -367.83666153])
1, array([  40.26482352,   44.59687245, -169.47410441,   57.13485048,
         45.01890599, -363.17426881])
2, array([  48.64959156,   53.91478238, -166.76068697,   74.37118203,
         67.78984201, -357.3643952 ])
3, array([  55.68035599,   64.31859407, -163.81021394,   89.60866622,
         94.20201354, -350.33155988])
4, array([  57.37564994,   74.17755766, -161.61370264,   95.21216276,
        122.03318471, -342.94174583])
5, array([  55.91696292,   83.19833991, -159.8430069 ,   94.46355867,
        149.19980882, -335.84859646])
6, array([  51.57375761,   91.11619592, -158.53713582,   87.7179234 ,
        174.77438323, -329.21079223])
7, array([  41.66366536,   96.53920175, -158.25210794,   68.29092047,
        196.18743248, -323.03716993])
8, array([  28.51418136,   99.84172755, -158.4818399 ,   41.53436091,
        210.27943724, -318.41154258])
9, array([  12.76548791,  101.17894559, -159.18615546,    8.98815561,
        217.81122216, -315.32843802])
10, array([  -4.26936676,   98.00625822, -160.80473999,  -26.32741093,
        210.86254069, -316.61557841])
11, array([ -18.37551412,   91.08915099, -162.7833021 ,  -55.85809688,
        194.20367961, -320.63506084])
12, array([ -29.86197966,   81.33613583, -165.01190175,  -80.40943531,
        170.40030065, -326.63181537])
13, array([ -34.82946736,   68.44084548, -167.28949233,  -92.78602868,
        139.26080155, -334.61768507])
14, array([ -34.77779305,   53.24209879, -169.35485556,  -95.30580301,
        105.32494741, -342.96640076])
15, array([ -31.33928206,   37.24322731, -171.03698329,  -90.38790591,
         70.74191125, -350.90346652])
16, array([ -23.47344715,   20.67189339, -171.81870729,  -74.06454699,
         35.28395895, -357.45222377])
17, array([ -11.77937249,    4.58082199, -171.55778345,  -48.78934041,
          0.44923721, -361.0071365 ])
18, array([   1.65111777,  -10.89667679, -170.47115519,  -19.3998065 ,
        -33.22086276, -361.90121965])
19, array([  16.94636786,  -25.96156828, -168.02365351,   14.39221147,
        -66.05885325, -358.2903395 ])
20, array([  28.10776405,  -39.98436991, -164.28262548,   40.16376677,
        -96.71244696, -348.9829053 ])
21, array([  35.20505091,  -53.54999782, -159.67492363,   57.87759244,
       -127.08642653, -336.67221667])
22, array([  35.17925296,  -65.96664403, -154.13297082,   61.16309263,
       -156.4898028 , -321.66125267])
23, array([  26.95606778,  -76.64899463, -149.34481664,   47.49116798,
       -182.12702451, -308.14462567])
24, array([  15.6630989 ,  -85.21995772, -145.72827204,   26.73257553,
       -202.22988339, -297.31295226])
25, array([   1.4173121 ,  -90.91397365, -143.84848982,   -1.40679921,
       -214.35666996, -290.43776537])
26, array([ -13.12021072,  -89.98309967, -144.86653748,  -31.73170873,
       -211.88104275, -291.01917063])
27, array([ -26.08796596,  -85.43690716, -147.34016645,  -59.26191843,
       -201.09822629, -295.75504578])
28, array([ -37.0372418 ,  -76.66272111, -151.48662119,  -82.97844192,
       -180.44618354, -305.36747991])
29, array([ -41.46381577,  -61.53163366, -157.05554166,  -92.1985565 ,
       -147.69695004, -318.91090127])
30, array([ -41.78589386,  -44.07604319, -162.76582868,  -92.92600825,
       -111.13295358, -333.21473205])
31, array([ -37.51863627,  -24.92751365, -168.30179268,  -84.27068371,
        -72.25146539, -347.56709172])
32, array([ -28.63467445,   -7.5076649 , -173.04119942,  -65.23052138,
        -37.89104399, -359.68976982])
33, array([ -19.81141562,    6.87716644, -176.90911983,  -45.94244349,
        -10.08955477, -369.22006986])
34, array([ -11.04190216,   18.46051249, -179.98134655,  -26.36918031,
         11.60046362, -376.31473697])
