0, array([  -3.65463252,   22.06969859, -171.23679056,  -12.89886941,
         12.74084531, -360.98790563])
1, array([   1.29677383,   23.86774502, -170.93787637,   -4.7448092 ,
         14.61566366, -360.61770723])
2, array([  12.34437657,   28.67668257, -170.1421575 ,   14.89084257,
         20.38553874, -359.37222298])
3, array([  28.0006783 ,   39.50162076, -167.44825901,   46.31869033,
         40.24690469, -353.96749528])
4, array([  44.36270505,   54.06180454, -163.39302575,   80.0354926 ,
         71.8637326 , -344.49448898])
5, array([  57.26563668,   69.82467886, -159.00999992,  106.11929378,
        112.71331134, -332.21407408])
6, array([  61.62458464,   81.37820938, -156.16234353,  113.38494442,
        151.31656317, -322.17394119])
7, array([  56.26024705,   84.5945947 , -156.19403999,  100.09461632,
        172.43595007, -319.61616308])
8, array([  44.19326136,   80.81870991, -158.55937665,   73.34978668,
        170.63075393, -325.49344122])
9, array([  28.36287718,   74.15440495, -161.89191577,   39.82994199,
        153.68234991, -336.70540435])
10, array([  11.71465011,   68.22154706, -164.52483145,    4.54958948,
        134.23271985, -347.73150849])
11, array([  -3.68970053,   65.25303703, -165.38880723,  -30.70765836,
        124.47611065, -351.86512178])
12, array([ -16.63990582,   65.43060005, -164.56213328,  -69.01229267,
        127.40765658, -346.89564717])
13, array([ -26.68497812,   65.09875212, -163.47012416, -108.0678798 ,
        133.64731097, -337.73161356])
14, array([ -32.80447489,   59.16353296, -163.55003016, -136.52456915,
        130.93904312, -331.6948279 ])
15, array([ -33.59121556,   47.1004504 , -164.78399848, -145.15193472,
        112.93373708, -332.62621538])
16, array([ -29.82187597,   31.76090897, -166.64482761, -131.36912419,
         83.50870297, -340.00746662])
17, array([ -24.69811914,   15.82383539, -168.22184648, -102.20932599,
         51.98367225, -350.52885447])
18, array([ -22.24042566,    0.84427691, -168.50538609,  -73.28548712,
         24.43077845, -358.92502415])
19, array([ -24.98698722,  -11.68031559, -166.88515697,  -60.70614443,
          1.39876349, -360.77950445])
20, array([ -32.63355958,  -21.81007711, -163.47068417,  -71.86053129,
        -24.64814191, -354.84057437])
21, array([ -41.94706591,  -31.29564798, -159.13010186,  -94.32925602,
        -58.40867888, -341.97051135])
22, array([ -48.18128479,  -39.66732407, -155.19931786, -113.90320161,
        -94.19293398, -326.48280733])
23, array([ -47.99780254,  -44.30140814, -153.36697056, -119.18700471,
       -122.49089283, -314.22761124])
24, array([ -41.13454928,  -43.78308389, -154.23830824, -106.32039703,
       -134.64849084, -310.04982741])
25, array([ -29.96387638,  -40.5822582 , -156.76890376,  -81.6086496 ,
       -128.96601812, -315.38371438])
26, array([ -16.94772501,  -38.12161005, -159.36666083,  -52.86694574,
       -113.14561978, -326.34089586])
27, array([  -4.28015896,  -38.77967264, -160.45093343,  -25.20315966,
       -100.38420578, -335.2795267 ])
28, array([ 6.97264903e+00, -4.31695381e+01, -1.59371191e+02,  3.25649626e-01,
       -1.01959460e+02, -3.34577612e+02])
29, array([  17.10723764,  -49.820437  , -156.54075051,   26.62733894,
       -119.43126556, -322.1536467 ])
30, array([  27.04196467,  -53.68387928, -153.84412857,   55.33969597,
       -140.46822609, -304.60047724])
31, array([  36.3882438 ,  -51.3328078 , -152.99357722,   82.87792518,
       -150.24269772, -291.33794714])
32, array([  44.03552   ,  -43.19821513, -154.49366234,  103.90658137,
       -140.67902741, -288.68124224])
33, array([  47.89616831,  -31.37708958, -157.74725409,  113.71920547,
       -113.67766625, -297.59944868])
34, array([  45.86106315,  -17.79616704, -161.92154366,  108.31898635,
        -77.36631127, -314.59829152])
35, array([  37.11737871,   -4.3162787 , -165.83101686,   87.07680598,
        -41.53945032, -333.25792792])
36, array([  24.35689373,    7.01274351, -168.68589104,   56.96773663,
        -13.31012223, -347.7181841 ])
37, array([  11.51761977,   15.63103334, -170.28150413,   27.87108547,
          6.13215981, -356.24447244])
38, array([   1.40262326,   21.3223915 , -170.88359633,    5.6747867 ,
         17.94185234, -360.14439393])
39, array([  -4.65054158,   23.99660822, -170.86067149,   -7.65983916,
         23.18713566, -361.25575958])
