0, array([  -9.5597674 ,   21.11270394, -170.33648191,  -29.44181318,
         -6.40824036, -356.6582054 ])
1, array([  -5.57074935,   23.40940774, -169.7386604 ,  -20.30307468,
         -3.03844889, -356.35089323])
2, array([   2.96703321,   28.33972762, -169.62792999,   -5.92486771,
          1.97719476, -356.70121216])
3, array([  16.58904163,   39.34462449, -167.51756831,   21.89914089,
         19.7652118 , -354.94425394])
4, array([  33.10446532,   54.00406748, -163.9718336 ,   57.65848214,
         48.64730506, -349.34749679])
5, array([  48.3621143 ,   70.67272636, -159.49761386,   92.86517019,
         88.07873931, -338.64960361])
6, array([  57.26980251,   84.82610785, -155.86022582,  112.3861405 ,
        131.6619604 , -325.51335058])
7, array([  57.58286043,   91.56588313, -154.7617066 ,  108.74347231,
        167.50100814, -315.55727945])
8, array([  49.18219137,   87.21514004, -157.12818436,   88.82100285,
        181.95965799, -314.46520607])
9, array([  34.21653452,   76.43496901, -161.57488973,   57.98206271,
        169.22119111, -323.62397866])
10, array([  16.15088508,   66.26728338, -164.83562068,   24.43316091,
        143.2465765 , -336.99788128])
11, array([  -2.44122528,   59.51651503, -166.0707734 ,   -7.14009025,
        120.65666815, -347.79341897])
12, array([ -18.52421379,   58.52651107, -165.0082773 ,  -37.09195745,
        115.02765699, -348.10521538])
13, array([ -29.81928338,   61.13584123, -162.96059106,  -77.12259703,
        123.59704643, -339.6620167 ])
14, array([ -36.44845694,   60.13428532, -161.91940586, -115.31063381,
        128.54938984, -329.10851643])
15, array([ -37.68337129,   51.22381965, -163.15514794, -140.61580787,
        119.02190988, -324.88104948])
16, array([ -32.60491548,   36.75427787, -165.72158306, -144.64155751,
         92.29946018, -329.31010008])
17, array([ -24.13166163,   21.2659735 , -168.20490873, -123.74079598,
         60.45236759, -339.98607334])
18, array([ -18.09983874,    6.26200297, -169.48880792,  -90.38833078,
         31.58915777, -351.52412241])
19, array([ -17.68769173,   -6.77821049, -168.87398962,  -64.51688276,
         10.34064164, -358.03717759])
20, array([ -23.63346939,  -17.29829308, -166.17173285,  -65.24590691,
         -9.14846068, -358.61095664])
21, array([ -33.43525877,  -26.40947435, -162.32638213,  -83.10361718,
        -35.80286872, -350.59095105])
22, array([ -42.21650445,  -35.40072513, -158.09920701, -107.20067537,
        -68.68046702, -337.6793637 ])
23, array([ -46.80876221,  -42.92316939, -154.71157874, -124.80959526,
       -102.42816084, -323.44776784])
24, array([ -44.11086021,  -44.73485923, -153.69715063, -122.1511164 ,
       -124.14318175, -314.7231628 ])
25, array([ -36.1126978 ,  -40.94989559, -155.4105028 , -103.91521201,
       -126.99534716, -315.35473278])
26, array([ -24.03389559,  -35.91918879, -158.48124782,  -79.65633444,
       -111.61431586, -324.73884717])
27, array([ -10.18985298,  -33.57825646, -161.14341163,  -51.59570189,
        -91.11124535, -337.24335356])
28, array([   2.41887665,  -35.28138536, -161.85899557,  -24.10128936,
        -81.3342053 , -344.24474107])
29, array([  13.14813548,  -42.22690871, -160.31733417,    2.59567038,
        -93.11248347, -339.80147671])
30, array([  23.42542963,  -49.96333472, -156.74059713,   34.56708825,
       -118.41495223, -325.36144643])
31, array([  34.05066263,  -51.76293026, -154.30503159,   71.99544815,
       -139.38911999, -308.47350312])
32, array([  43.22066889,  -45.25345775, -154.61848993,  102.2653197 ,
       -138.01803308, -299.47194238])
33, array([  50.91689562,  -35.12972917, -156.55406907,  121.05462772,
       -116.1376571 , -301.13524018])
34, array([  54.26761358,  -24.68337317, -159.69242971,  127.79836011,
        -85.75369975, -311.02824645])
35, array([  49.84476357,  -12.45860798, -163.28356741,  117.11634158,
        -51.82843514, -325.9491723 ])
36, array([  37.03049047,   -2.38711037, -166.46454929,   87.43784644,
        -26.26850345, -339.75658079])
37, array([  21.9461229 ,    4.44650153, -167.83063145,   54.60407305,
        -10.70013129, -348.35981341])
38, array([   8.23236956,    9.51850874, -169.08254102,   26.897762  ,
         -0.73569038, -352.76379953])
39, array([  -2.24020758,   12.05408846, -169.91594479,    6.55860391,
          4.76255211, -355.22135087])
