0, array([  15.80529278,   21.70756186, -178.81274733,    4.58233956,
        -14.13836023, -368.83166103])
1, array([  22.23482131,   29.13334285, -176.38079337,   11.32987144,
         -9.41138952, -365.64153262])
2, array([  27.81296957,   38.39689376, -172.82448238,   20.30559657,
          4.97645974, -361.22949392])
3, array([  32.23483599,   48.85694766, -168.51276253,   30.15655079,
         26.8051419 , -355.917806  ])
4, array([  35.19551897,   59.87223767, -163.814582  ,   39.52976993,
         53.85461127, -350.02872993])
5, array([  36.39011693,   70.80149687, -159.09888896,   47.07228982,
         83.90482219, -343.88452675])
6, array([  35.51372828,   81.00345838, -154.73463159,   51.43114629,
        114.73572899, -337.80745754])
7, array([  31.73714921,   91.1170775 , -151.39997445,   49.50214316,
        148.93300393, -332.80825125])
8, array([  24.63455325,   92.82465535, -149.13497292,   36.0813552 ,
        168.14771736, -326.47949996])
9, array([  12.4238753 ,   99.12423638, -149.69853712,   17.25663095,
        186.27500944, -322.02882101])
10, array([  -0.88179924,  103.45030671, -150.71269362,   -3.09709532,
        191.54684911, -321.28424577])
11, array([ -11.60202794,   97.94434862, -152.6367334 ,  -30.8060203 ,
        182.66472482, -321.40868627])
12, array([ -22.94671112,   89.62992801, -154.94172831,  -53.42379064,
        175.25386548, -325.22659687])
13, array([ -28.34141447,   80.50159254, -158.2105671 ,  -68.99354465,
        160.58443456, -331.64187541])
14, array([ -30.05964189,   67.50493912, -161.51332858,  -75.17618062,
        133.18122441, -338.99568972])
15, array([ -25.39793272,   53.60840099, -164.8763335 ,  -73.1717818 ,
        103.65164333, -345.97084711])
16, array([ -21.77840318,   37.92911968, -167.4770813 ,  -64.27783486,
         70.67139306, -350.56665509])
17, array([ -13.33959451,   19.15645447, -169.03148724,  -42.13950703,
         33.48788607, -353.91772694])
18, array([-3.07860042e+00,  5.18731004e-02, -1.69240779e+02, -1.67814866e+01,
        7.71075606e-01, -3.55170823e+02])
19, array([   9.10819834,  -16.92851676, -169.0935643 ,    6.18690834,
        -30.83047744, -351.37252533])
20, array([  16.86985607,  -35.85489777, -167.18473229,   23.95738477,
        -68.33107816, -344.98844126])
21, array([  18.74272403,  -46.70708469, -165.70264354,   38.0682545 ,
        -97.92439018, -336.59006072])
22, array([  20.51785101,  -57.61682823, -162.14645488,   40.70139273,
       -129.50144853, -326.80098329])
23, array([  20.1569075 ,  -68.57295854, -158.52583165,   35.31118559,
       -152.70387738, -317.82338636])
24, array([  12.69717765,  -75.27202562, -155.88780059,   26.87387347,
       -163.57200229, -309.08180989])
25, array([   8.51262394,  -77.39043621, -153.56470458,   12.94451772,
       -169.89228131, -304.12951128])
26, array([   0.60554285,  -77.74781545, -152.16204618,   -3.54276137,
       -168.26838802, -302.83772835])
27, array([  -7.40783465,  -76.67850121, -152.67520705,  -19.96152342,
       -167.81904387, -306.25889352])
28, array([ -14.07169919,  -72.5332227 , -155.98556955,  -41.75086716,
       -155.49591227, -311.59489881])
29, array([ -17.47293956,  -67.02520178, -159.65979583,  -58.35888458,
       -138.46073901, -320.13985668])
30, array([ -19.22093072,  -58.7705056 , -163.66440849,  -70.34211103,
       -117.02727158, -329.15590192])
31, array([ -19.18504929,  -47.46355991, -167.60246363,  -75.77361627,
        -91.89020606, -337.53352297])
32, array([ -17.23467187,  -32.79879042, -171.07701736,  -72.72647007,
        -63.74423854, -344.16320824])
33, array([ -13.23917506,  -14.47062287, -173.69112576,  -59.27374217,
        -33.2840651 , -347.93544615])
34, array([  -7.06793547,    7.82651703, -175.04784495,  -33.48850235,
         -1.20438183, -347.74072513])
