0, array([ -24.59050693,   14.89581266, -174.81494499,  -36.64177286,
         16.39181152, -368.16179904])
1, array([ 3.53438913e-01,  2.68099845e+01, -1.70999499e+02,  3.68708860e+00,
        1.52925443e+01, -3.58640912e+02])
2, array([  19.78829619,   37.76871158, -167.63086575,   37.7452353 ,
         25.87468292, -350.13097561])
3, array([  34.03765085,   47.64084231, -164.75416166,   65.01143998,
         45.07704103, -342.7932514 ])
4, array([  43.42508884,   56.29522522, -162.41450228,   84.96447535,
         69.83843236, -336.78899996])
5, array([  48.27419612,   63.60070882, -160.65700336,   97.08311413,
         97.09767064, -332.27948213])
6, array([  48.90855863,   69.4261416 , -159.52678066,  100.84612904,
        123.79356956, -329.42595873])
7, array([  45.13660173,   74.77971033, -159.33950823,   95.98791182,
        138.7086939 , -329.30620308])
8, array([  38.17734988,   76.53271261, -159.78586664,   76.75979939,
        150.98083707, -330.93401954])
9, array([  26.40481227,   77.78200904, -160.92608426,   45.69411676,
        155.46413181, -334.67391989])
10, array([  13.82859962,   76.01396524, -162.63622119,    4.29548437,
        157.40627134, -338.50909073])
11, array([-2.45587324e-01,  6.95706285e+01, -1.63847977e+02, -3.57904291e+01,
        1.53107554e+02, -3.40537354e+02])
12, array([ -13.10392457,   62.74779025, -165.04720578,  -69.15936293,
        140.12033756, -341.5785563 ])
13, array([ -21.11835786,   57.02571033, -165.26024329,  -94.37566764,
        126.30936468, -343.35539969])
14, array([ -26.7399162 ,   49.65944139, -166.41801935, -110.10042501,
        118.75595394, -344.9500586 ])
15, array([ -28.71036368,   39.42598616, -166.46241262, -116.77074444,
        100.40148808, -344.65077613])
16, array([ -30.08601919,   27.02733843, -166.31514905, -106.42878269,
         79.25585881, -348.27784398])
17, array([ -31.09698144,   12.65595371, -166.67949717, -101.63463815,
         53.83916545, -350.44316887])
18, array([ -30.18297213,   -3.94338131, -166.39882534,  -91.62890774,
         23.83062102, -352.1064693 ])
19, array([ -31.90542161,  -14.74602546, -165.51184834,  -88.03213155,
        -13.04388556, -351.61249169])
20, array([ -33.83998036,  -24.37800341, -163.49065217,  -86.67684887,
        -48.21097286, -346.41697462])
21, array([ -34.04847106,  -32.29756399, -161.80858126,  -89.23959633,
        -77.75918863, -338.96682286])
22, array([ -33.77017749,  -38.14677235, -159.72194912,  -95.95270503,
       -100.51877882, -329.40299003])
23, array([ -34.42103748,  -41.56074608, -158.6485498 ,  -98.48650852,
       -112.59380771, -324.88910501])
24, array([ -32.95688444,  -42.49317286, -158.37412175,  -97.77078641,
       -120.12589183, -318.65157681])
25, array([ -28.08886766,  -43.20718966, -157.873603  ,  -86.23090901,
       -123.20880164, -318.44801641])
26, array([ -21.1097417 ,  -43.2993312 , -157.13236493,  -69.09754437,
       -121.11323224, -320.01929107])
27, array([  -9.08725065,  -44.39261368, -156.86550395,  -43.07291699,
       -128.83811983, -321.84491688])
28, array([   4.9724504 ,  -46.0426582 , -156.58791804,  -11.37625129,
       -129.40767262, -320.3890717 ])
29, array([  17.20538396,  -49.01118318, -156.12741811,   19.37774284,
       -130.47447846, -317.91935304])
30, array([  28.18309367,  -47.99732259, -156.31755578,   47.3411112 ,
       -131.80176903, -316.00713484])
31, array([  36.68705383,  -43.34575894, -156.54346738,   70.51441084,
       -124.03572841, -313.25719622])
32, array([  42.42340201,  -38.41228092, -157.34326982,   87.91285881,
       -117.68397109, -311.55738116])
33, array([  45.75472259,  -29.68505184, -159.67330966,   96.01233311,
       -101.95577043, -313.38017452])
34, array([  44.67416044,  -18.07160732, -162.78513201,   97.11060461,
        -76.12742634, -318.63252324])
35, array([  40.7519967 ,   -6.04890516, -165.95535284,   90.53908194,
        -49.36366592, -325.69681968])
36, array([  34.14027584,    5.3988837 , -168.84573744,   75.84543403,
        -24.39997853, -334.22654212])
37, array([  24.99104234,   15.28758837, -171.1180511 ,   52.57732978,
         -3.97185354, -343.87516882])
38, array([  13.45634068,   22.63303793, -172.43405909,   20.28243813,
          9.18521967, -354.29617805])
39, array([-3.11784654e-01,  2.64510615e+01, -1.72455527e+02, -2.14915720e+01,
        1.23357518e+01, -3.65143048e+02])
