0, array([ 7.15899917,  6.87579949,  1.72280506, 10.13857779, 12.35610137,
        4.10681479])
1, array([ 9.28857067,  7.3605647 ,  1.75086052, 14.60383819, 11.0878277 ,
        3.84977005])
2, array([10.33204597,  8.88634734,  2.21304258, 18.28629663, 14.54578108,
        4.08878499])
3, array([ 9.77799738, 10.05890085,  2.76535441, 18.2753953 , 18.55508128,
        4.94388541])
4, array([ 8.09895393, 10.36724559,  3.01632452, 15.71502042, 23.05864405,
        6.41513699])
5, array([ 5.73857206,  8.90936621,  2.76463762, 11.00968094, 24.72056246,
        7.27643044])
6, array([ 5.19361017,  6.06342698,  2.47474491, 11.44077839, 19.62050708,
        6.9891224 ])
7, array([ 8.04538788,  5.57594842,  2.93991322, 17.3693989 , 11.60008301,
        7.56714329])
8, array([10.4352647 ,  6.96442659,  3.44400479, 21.55080611, 11.61857932,
        8.96977176])
9, array([10.91847144,  6.99653926,  3.20712727, 22.49274548, 16.07375656,
        8.94650177])
10, array([ 9.85412605,  6.13910517,  2.30959196, 21.60098078, 17.88625185,
        6.67949545])
11, array([ 8.15785029,  5.91710647,  1.72428146, 22.16350049, 18.06075894,
        4.33056491])
12, array([ 6.55624234,  6.44630349,  1.88251717, 22.90829742, 17.70627929,
        5.60737528])
13, array([ 5.4176789 ,  6.89603456,  2.08217031, 18.61406705, 16.85193194,
        7.97653708])
14, array([ 5.23477979,  7.57514683,  2.27610966, 11.93816474, 15.14306889,
        9.35843185])
15, array([ 6.29183879,  8.69705446,  2.26516504, 12.3325144 , 15.10096737,
        9.96288553])
16, array([ 7.08635388,  9.08889756,  2.00441917, 20.10012245, 15.91858748,
        9.50837268])
17, array([ 6.54042418,  8.48930745,  1.60961641, 22.42197629, 15.17574754,
        7.58432166])
18, array([ 5.54103373,  7.42866237,  1.5720072 , 17.17198272, 12.85955849,
        5.19376217])
19, array([ 5.61774392,  6.45217255,  2.1376656 , 12.99807271, 12.94401115,
        4.66942252])
20, array([ 6.92835198,  6.25763969,  2.914593  , 19.07706979, 17.78194421,
        7.61784171])
21, array([ 7.4355908 ,  6.74298702,  3.44180695, 20.7819736 , 22.31150583,
       10.78081932])
22, array([ 6.48953989,  6.60794485,  3.3075331 , 16.10441797, 21.12850777,
       10.48516615])
23, array([ 5.67844841,  6.2096586 ,  2.85632561, 10.73367485, 14.49741484,
        7.79190364])
24, array([ 6.42576194,  7.29519674,  2.89688427, 12.63748331, 12.67417146,
        7.44318743])
25, array([ 7.47571224,  8.25730151,  3.0404714 , 16.7610207 , 17.14259505,
       10.1542778 ])
26, array([ 7.9421502 ,  8.38800792,  2.80305278, 18.54884228, 17.91359931,
       10.46328416])
27, array([ 7.74052973,  8.0245932 ,  2.70528731, 17.58735259, 16.20099532,
        8.27897079])
28, array([ 7.27783704,  7.98159238,  3.14352611, 16.47332172, 19.39394821,
       12.08367628])
29, array([ 7.43776259,  7.8980881 ,  3.72296059, 17.30357342, 23.71226316,
       18.38756539])
30, array([ 7.61310726,  7.09721105,  3.54149882, 17.17603726, 21.59149807,
       19.45326797])
31, array([ 7.40344323,  7.28462281,  2.93044658, 14.20358705, 16.65006807,
       15.59839006])
32, array([ 6.96329185,  8.25566902,  2.5647082 , 10.66970721, 18.24166066,
       10.92266887])
33, array([ 6.59941842,  8.96969434,  2.41458181,  9.44395147, 21.96715492,
        9.24458703])
34, array([ 6.6144544 ,  8.94417967,  2.32927926, 12.93398734, 21.08741392,
        9.23361076])
35, array([ 6.53566651,  8.20735517,  1.94203986, 16.2422438 , 16.5386105 ,
        7.65234575])
36, array([ 6.17141511,  7.62639507,  1.49651589, 16.20066374, 12.43027726,
        5.22800018])
37, array([ 6.28971831,  7.63766459,  1.36276536, 15.10504736, 11.23762654,
        4.16121531])
38, array([ 7.14961394,  7.9244576 ,  1.42705179, 14.90589222, 11.75966971,
        4.10949531])
39, array([ 7.79164499,  8.40095744,  1.65055117, 14.56704722, 12.52718108,
        3.9586368 ])
