0, array([  16.39789005,   23.16210376, -175.16326028,    9.55369552,
         11.2062977 , -364.12220693])
1, array([  21.7856311 ,   27.41070947, -173.81913974,   22.32767581,
         26.74520845, -364.25798571])
2, array([  27.38948097,   35.25105664, -171.65706408,   35.8455532 ,
         46.82943809, -361.21480778])
3, array([  32.61612722,   45.62421615, -168.89238826,   48.85239067,
         70.02427682, -355.78202259])
4, array([  36.8722574 ,   57.47125885, -165.74046723,   60.09325114,
         94.89501485, -348.74897958])
5, array([  39.56455907,   69.73325562, -162.41665593,   68.31319759,
        120.0069424 , -340.90502821])
6, array([  40.09971979,   81.35127733, -159.13630931,   72.25729297,
        143.92534966, -333.03951792])
7, array([  36.41208735,   89.83652863, -156.60589145,   70.3106615 ,
        159.96155701, -327.22171605])
8, array([  25.44423719,   94.55092201, -153.39817394,   51.48326306,
        180.80149427, -322.39046051])
9, array([  15.72970469,   98.11267372, -151.89698345,   34.65893629,
        194.34337883, -319.00610205])
10, array([   4.79286876,   95.20620506, -150.92312261,    6.39003218,
        203.66555711, -320.12035255])
11, array([  -7.72380887,   91.13743449, -152.32467762,  -19.42744424,
        198.27138419, -323.23894122])
12, array([ -18.84553484,   85.68155245, -153.59667254,  -50.09373597,
        190.13668175, -327.35215005])
13, array([ -26.42528246,   74.22814659, -157.3109166 ,  -67.81560953,
        170.67576997, -336.23258096])
14, array([ -28.78104765,   67.62687925, -160.25122751,  -81.27493275,
        148.8890974 , -343.25968242])
15, array([ -27.305323  ,   58.52644506, -163.09865862,  -74.51267671,
        117.23825209, -349.66272375])
16, array([ -20.53320338,   43.54414278, -166.69043474,  -63.1600317 ,
         74.01183978, -354.45732128])
17, array([  -9.38630192,   28.07738737, -168.42641162,  -47.61749058,
         32.10082515, -356.72016477])
18, array([   1.53141806,   11.37943102, -168.88923736,  -18.08764529,
        -10.33156888, -354.52978955])
19, array([  13.32781009,   -8.38568034, -169.06169615,    2.67708661,
        -52.68626311, -347.8416307 ])
20, array([  19.70701538,  -28.89755249, -166.96290074,   15.52710872,
        -81.96877014, -340.28897878])
21, array([  23.66980667,  -44.59750188, -164.89366568,   37.25983088,
       -114.31233674, -330.22349224])
22, array([  27.51584701,  -60.91316978, -161.23228352,   49.08466137,
       -135.3536459 , -322.87157595])
23, array([  26.6615787 ,  -74.17567932, -159.20303886,   52.35811377,
       -157.94406738, -314.31510032])
24, array([  21.36557268,  -82.69224649, -156.9672325 ,   39.98256033,
       -173.47857954, -306.02954835])
25, array([  12.07559129,  -84.53208539, -155.9685337 ,   28.38509635,
       -178.30990796, -303.47175117])
26, array([   2.70300007,  -77.70077889, -155.74838644,    6.91168169,
       -174.70024386, -299.41797609])
27, array([  -6.7989793 ,  -71.65001048, -156.94558588,   -4.90436059,
       -172.43658904, -300.46600985])
28, array([ -13.16653331,  -63.51954996, -159.55484374,  -19.44444153,
       -166.7754661 , -306.59479828])
29, array([ -18.00733091,  -51.86733964, -162.47998033,  -35.69251977,
       -150.34749241, -313.05156627])
30, array([ -20.979418  ,  -39.14708468, -165.66732906,  -48.16380469,
       -129.5776547 , -321.22472377])
31, array([ -21.71659289,  -26.2593593 , -168.88223502,  -54.69800109,
       -105.50670798, -330.86375605])
32, array([ -19.85265387,  -14.10473772, -171.89004331,  -53.13481377,
        -79.17540727, -341.71814839])
33, array([ -15.02139925,   -3.58379417, -174.45609903,  -41.31394752,
        -51.62450758, -353.53738607])
34, array([  -6.8566273 ,    4.40289713, -176.34574726,  -17.07510714,
        -23.89476392, -366.07095437])
