0, array([-4.02590782e-02,  9.93375807e+00, -1.67672656e+02, -2.51017844e+01,
       -4.61362992e+00, -3.57136422e+02])
1, array([   2.79743124,    7.71545539, -168.35948977,  -21.2612468 ,
        -12.95492531, -356.26645746])
2, array([   6.65851106,    7.82919516, -168.46740874,  -13.25599775,
        -16.28949924, -355.48747382])
3, array([  11.39601975,    9.96368751, -168.09526457,   -1.64930196,
        -15.04767061, -354.76031994])
4, array([  17.35402252,   13.94458875, -167.46356432,   14.2108794 ,
         -8.31142682, -353.77638954])
5, array([  24.04209556,   19.9148282 , -166.52801279,   32.48460154,
          3.9380736 , -352.03834713])
6, array([  30.76306687,   27.36382813, -165.35066058,   51.42379968,
         20.57882493, -349.89316447])
7, array([  36.27443661,   36.33631737, -163.88760653,   68.28075628,
         42.48213948, -347.67666828])
8, array([  39.42660365,   46.51149746, -162.47103165,   78.73017378,
         70.60359173, -344.41197868])
9, array([  40.14237127,   56.06836207, -161.24068684,   82.63749398,
        100.72289209, -340.64253918])
10, array([  37.41533471,   63.75698418, -160.34343461,   77.36005778,
        131.36995611, -336.4603877 ])
11, array([  29.40943237,   66.53496506, -160.05204923,   58.35352474,
        151.12870474, -332.82360808])
12, array([  19.23867106,   66.37301636, -160.01686209,   34.27547198,
        163.43096676, -330.34519414])
13, array([   7.28547865,   63.1677949 , -160.22043632,    6.23693222,
        167.51744646, -329.33122388])
14, array([  -5.07629242,   56.40503032, -160.74772696,  -23.18160559,
        158.98190216, -331.23691249])
15, array([ -16.94745429,   48.01820766, -161.23228625,  -51.73716126,
        144.13534065, -334.20097541])
16, array([ -27.92742489,   38.29220108, -161.66525451,  -78.44422184,
        123.56682254, -337.89621954])
17, array([ -36.15954729,   26.76808789, -162.00565732,  -98.96177055,
         93.97915493, -341.24923349])
18, array([ -41.43356605,   15.61616115, -162.01868862, -112.62100339,
         60.37121113, -342.423123  ])
19, array([ -44.48184694,    4.78259836, -161.73241069, -121.25501268,
         24.4255392 , -341.861078  ])
20, array([ -44.97830744,   -5.45595917, -160.99430181, -124.4050037 ,
        -12.12186101, -339.1344934 ])
21, array([ -41.60185602,  -15.31604417, -159.58047047, -120.33242228,
        -47.85409632, -331.49005282])
22, array([ -35.98107772,  -24.67330752, -158.14146604, -110.70322708,
        -81.31386384, -321.61366999])
23, array([ -28.14847571,  -33.33164856, -157.04254659,  -94.22523535,
       -111.00912609, -310.13679448])
24, array([ -18.86503209,  -39.08765081, -156.12747565,  -71.11992224,
       -133.21313176, -300.53067434])
25, array([  -9.08135806,  -42.50271936, -155.59470675,  -44.83289309,
       -148.69526812, -293.50728652])
26, array([   0.92905915,  -43.26791055, -155.53892647,  -15.97984801,
       -156.32434837, -289.67823257])
27, array([  10.80074076,  -40.10464351, -156.338444  ,   13.04647845,
       -150.32967258, -291.62940284])
28, array([  19.55072463,  -34.79946795, -157.3529536 ,   38.88595736,
       -137.40272236, -296.61496014])
29, array([  26.95690492,  -27.67543591, -158.5674419 ,   60.72547779,
       -118.4763762 , -304.23601137])
30, array([  31.50323719,  -18.48885072, -160.19794278,   73.03977314,
        -92.482541  , -314.94213655])
31, array([  32.63219218,   -8.97425834, -162.01850983,   75.33685381,
        -64.77148013, -325.79504608])
32, array([ 3.10231695e+01,  1.44755704e-01, -1.63834177e+02,  6.95710680e+01,
       -3.71154064e+01, -3.36351587e+02])
33, array([  25.97723152,    7.25645834, -165.28876857,   53.6205242 ,
        -12.91389698, -345.51880819])
34, array([  19.71534625,   11.11773391, -166.00120996,   33.71952852,
          3.27525012, -351.2228618 ])
35, array([  13.117062  ,   13.37612065, -166.44347935,   13.31416993,
         14.89107774, -355.08084501])
36, array([   6.51782427,   14.39494531, -166.79294049,   -5.913519  ,
         22.26216113, -357.35473387])
37, array([   0.82800923,   14.57975616, -166.94463897,  -21.41791488,
         25.85389979, -358.37192595])
38, array([  -4.16427843,   14.42874412, -167.14692419,  -34.48442248,
         27.57946003, -358.9392785 ])
39, array([  -8.29392714,   13.97487371, -167.44108181,  -44.70809226,
         27.43857559, -359.10698202])
