0, array([   3.56652532,   26.35341788, -177.15291585,   -7.78741261,
         18.60369858, -365.62975434])
1, array([  11.39691915,   29.61988134, -175.43318632,    5.65706566,
         25.06670439, -364.16117553])
2, array([  19.59081722,   34.18054621, -173.14243182,   20.11416192,
         34.43596417, -361.71081329])
3, array([  28.71654745,   41.04540308, -169.82355837,   36.82247857,
         48.94359704, -357.55404909])
4, array([  36.63700892,   50.42348418, -165.65556998,   51.74959477,
         68.89430848, -351.78499443])
5, array([  43.37515376,   60.64990106, -161.24695919,   64.50871583,
         90.81126094, -345.40599352])
6, array([  45.84864977,   72.44257556, -156.48787617,   68.66232349,
        116.89700909, -337.63353496])
7, array([  44.75806398,   83.59736806, -152.13994728,   65.8493701 ,
        142.07079358, -329.82164485])
8, array([  40.51271689,   94.01292166, -148.22477986,   56.88041772,
        166.04576762, -322.09484902])
9, array([  30.1780544 ,  100.78591941, -145.87665392,   36.69288436,
        181.50111782, -316.71824423])
10, array([  18.33030374,  105.22966405, -144.51347997,   14.03196113,
        191.92448303, -312.93314564])
11, array([   4.62973505,  104.97500197, -145.12391381,  -11.26934557,
        192.3694722 , -312.40520723])
12, array([  -8.00714349,  100.80330418, -147.64347424,  -34.28543701,
        184.45736755, -314.9869158 ])
13, array([ -19.71572603,   94.35896153, -151.19035855,  -55.43650784,
        171.73688184, -319.32899714])
14, array([ -26.16660623,   83.00908755, -155.70798851,  -67.13413295,
        149.42708389, -326.65887554])
15, array([ -29.57213574,   69.67211957, -160.31681081,  -73.03316554,
        123.68441559, -334.72138558])
16, array([ -28.70673172,   53.8783895 , -164.95360384,  -70.8124137 ,
         93.75479758, -343.62297753])
17, array([ -22.16605543,   36.26832284, -168.42235592,  -56.89787065,
         60.65140145, -349.8536594 ])
18, array([ -13.7357491 ,   18.46786644, -171.18922522,  -39.11563493,
         27.09712881, -354.50924391])
19, array([-2.10925263e+00,  1.70387447e-01, -1.72332445e+02, -1.48242142e+01,
       -8.03221112e+00, -3.55442017e+02])
20, array([   8.31401193,  -17.94896219, -172.0268299 ,    6.99232775,
        -42.95699139, -352.94966595])
21, array([  17.7042045 ,  -35.66035391, -170.67506507,   26.67818062,
        -77.19609852, -348.01138901])
22, array([  22.29984119,  -52.2212037 , -167.53911293,   35.93136398,
       -110.27608616, -338.69004878])
23, array([  23.95326995,  -67.06558852, -164.23963674,   39.20406196,
       -140.40895417, -329.28656437])
24, array([  20.42533994,  -78.52454346, -160.85686832,   32.01756557,
       -164.5801589 , -320.31084946])
25, array([  12.96762692,  -86.03058625, -158.38824013,   17.20870736,
       -180.56150565, -313.71718835])
26, array([   3.8352683 ,  -91.13349342, -156.55897639,   -0.90761107,
       -191.63528357, -308.68565691])
27, array([  -6.10242676,  -89.74522842, -156.93236891,  -21.11751687,
       -189.90124334, -308.4792044 ])
28, array([ -14.99143221,  -85.08302594, -158.23722555,  -39.6114268 ,
       -181.33878638, -310.84604693])
29, array([ -22.54827146,  -76.82227364, -160.56627451,  -55.85721462,
       -165.25079222, -316.06376208])
30, array([ -25.45877778,  -64.82510604, -163.7490955 ,  -63.93821267,
       -140.97731118, -324.48888167])
31, array([ -26.41576563,  -51.81320363, -167.17147413,  -68.22597475,
       -114.65112341, -333.63057679])
32, array([ -23.32442826,  -38.16828327, -170.73748413,  -64.0689789 ,
        -87.36828635, -342.92845227])
33, array([ -18.02505643,  -25.64083312, -173.84171963,  -54.93813021,
        -63.08454844, -351.0511929 ])
34, array([ -11.24201028,  -13.48128866, -176.74173924,  -42.53580336,
        -40.02333098, -358.65985535])
