[-0.16025156688747905,-0.10093998465457299,0.34706460693981356,-0.13678379303542304,-0.03891894126662138,-0.4844540111031579] [-0.09534809837889006,-0.09422064412036416,0.06392964252030175,-0.09143682569724706,-0.040487998828011865,-0.622015744468305]
[-0.09534809837889006,-0.09422064412036416,0.06392964252030175,-0.09143682569724706,-0.040487998828011865,-0.622015744468305] [0.06025218428178793,-0.06173460542146014,-0.03415379134879082,0.03945549745487352,-0.01604535132558004,-0.6737985035361493]
[0.06025218428178793,-0.06173460542146014,-0.03415379134879082,0.03945549745487352,-0.01604535132558004,-0.6737985035361493] [0.2771870907855778,-0.005310103994927762,0.03186758638956988,0.23272349574215534,0.03559377983146465,-0.6495939792253242]
[0.2771870907855778,-0.005310103994927762,0.03186758638956988,0.23272349574215534,0.03559377983146465,-0.6495939792253242] [0.5034856296869511,0.07919817196318102,0.30025642220896387,0.44469460710883185,0.13079594849390014,-0.49457917923168715]
[0.5034856296869511,0.07919817196318102,0.30025642220896387,0.44469460710883185,0.13079594849390014,-0.49457917923168715] [0.6553109179740363,0.18104685249294683,0.632224927976087,0.5961073582794824,0.25973397366309964,-0.26933704638193046]
[0.6553109179740363,0.18104685249294683,0.632224927976087,0.5961073582794824,0.25973397366309964,-0.26933704638193046] [0.6858030130942141,0.28185749813910843,0.8490775149320422,0.6362355580269362,0.38939802022124625,-0.07748753357830296]
[0.6858030130942141,0.28185749813910843,0.8490775149320422,0.6362355580269362,0.38939802022124625,-0.07748753357830296] [0.6114232631749544,0.34444739032610194,0.8252319560036376,0.5514874698003024,0.47328157924311887,-0.03532995832975505]
[0.6114232631749544,0.34444739032610194,0.8252319560036376,0.5514874698003024,0.47328157924311887,-0.03532995832975505] [0.4777435704229508,0.37299367731789934,0.6270200037479183,0.4031936649051686,0.5032352771548972,-0.12244390981309206]
[0.4777435704229508,0.37299367731789934,0.6270200037479183,0.4031936649051686,0.5032352771548972,-0.12244390981309206] [0.30820059218732887,0.3864731318246786,0.38710911064595255,0.2348430650934879,0.5023597319944597,-0.26870262206315143]
[0.30820059218732887,0.3864731318246786,0.38710911064595255,0.2348430650934879,0.5023597319944597,-0.26870262206315143] [0.1379951945351637,0.4109729175156981,0.22781445430804226,0.07394617899958253,0.5082015181130131,-0.3588363273936217]
[0.1379951945351637,0.4109729175156981,0.22781445430804226,0.07394617899958253,0.5082015181130131,-0.3588363273936217] [-0.03451765535883379,0.46131931833685724,0.19459102603459222,-0.09137799601989535,0.5502044271113933,-0.30885002536864725]
[-0.03451765535883379,0.46131931833685724,0.19459102603459222,-0.09137799601989535,0.5502044271113933,-0.30885002536864725] [-0.21408518762123518,0.5282889959326875,0.24219403318113564,-0.2699572000242214,0.6197311118808058,-0.13082225981388795]
[-0.21408518762123518,0.5282889959326875,0.24219403318113564,-0.2699572000242214,0.6197311118808058,-0.13082225981388795] [-0.3764244337588672,0.5608404194382355,0.2876583724897692,-0.45161447786325654,0.6739800822917208,0.11298534589358145]
[-0.3764244337588672,0.5608404194382355,0.2876583724897692,-0.45161447786325654,0.6739800822917208,0.11298534589358145] [-0.49200745441675187,0.5238463125104322,0.23362687498702428,-0.5918130718631983,0.6574574031643504,0.259532774548636]
[-0.49200745441675187,0.5238463125104322,0.23362687498702428,-0.5918130718631983,0.6574574031643504,0.259532774548636] [-0.5402375214499118,0.4236366752679138,0.06926919414831367,-0.6538247377594678,0.564590982579842,0.21025484669688943]
[-0.5402375214499118,0.4236366752679138,0.06926919414831367,-0.6538247377594678,0.564590982579842,0.21025484669688943] [-0.4964114140669704,0.27227566565803196,-0.14289055270861617,-0.6039368768973865,0.40837265426278985,-0.05730522922452952]
[-0.4964114140669704,0.27227566565803196,-0.14289055270861617,-0.6039368768973865,0.40837265426278985,-0.05730522922452952] [-0.4268814561849911,0.1039985325675557,-0.34370346640395333,-0.529390262138118,0.23396718409780992,-0.3859148140300652]
[-0.4268814561849911,0.1039985325675557,-0.34370346640395333,-0.529390262138118,0.23396718409780992,-0.3859148140300652] [-0.3861064302228028,-0.057246166422260214,-0.47840212433521856,-0.5015094953675422,0.07270409222081758,-0.6458382403435943]
[-0.3861064302228028,-0.057246166422260214,-0.47840212433521856,-0.5015094953675422,0.07270409222081758,-0.6458382403435943] [-0.4121609801077212,-0.21879616110250535,-0.4833939374028162,-0.566995815603333,-0.07199554232096336,-0.6971360083989513]
[-0.4121609801077212,-0.21879616110250535,-0.4833939374028162,-0.566995815603333,-0.07199554232096336,-0.6971360083989513] [-0.48482206406640127,-0.3819164292876399,-0.3897620822314014,-0.678826540324338,-0.21241802904985566,-0.5742747080251336]
[-0.48482206406640127,-0.3819164292876399,-0.3897620822314014,-0.678826540324338,-0.21241802904985566,-0.5742747080251336] [-0.5517315798834493,-0.5452936467073248,-0.23393207003434924,-0.7684176435511029,-0.3705482191907892,-0.3646754707516102]
[-0.5517315798834493,-0.5452936467073248,-0.23393207003434924,-0.7684176435511029,-0.3705482191907892,-0.3646754707516102] [-0.5341235880321025,-0.6767174534842972,-0.10086484601554879,-0.7224631916733033,-0.5190701256204475,-0.19649448488029986]
[-0.5341235880321025,-0.6767174534842972,-0.10086484601554879,-0.7224631916733033,-0.5190701256204475,-0.19649448488029986] [-0.43084581380234865,-0.732644312585264,-0.037158896557455634,-0.5739676984284547,-0.601134233419256,-0.16942253883719172]
[-0.43084581380234865,-0.732644312585264,-0.037158896557455634,-0.5739676984284547,-0.601134233419256,-0.16942253883719172] [-0.2711713248166863,-0.7006097209302234,-0.05222722569804894,-0.37919012249072814,-0.5924691709057314,-0.2826340286518736]
[-0.2711713248166863,-0.7006097209302234,-0.05222722569804894,-0.37919012249072814,-0.5924691709057314,-0.2826340286518736] [-0.07844680848625273,-0.6359844802672343,-0.06614576918334869,-0.19420320720631012,-0.5365025448261447,-0.4143675894185961]
[-0.07844680848625273,-0.6359844802672343,-0.06614576918334869,-0.19420320720631012,-0.5365025448261447,-0.4143675894185961] [0.09808003628359836,-0.6151297068444901,0.008022622072710206,-0.04790406959897533,-0.5123642838264326,-0.44543169796866344]
[0.09808003628359836,-0.6151297068444901,0.008022622072710206,-0.04790406959897533,-0.5123642838264326,-0.44543169796866344] [0.24994811276079465,-0.6444214869704936,0.16940184652456303,0.07458879504313529,-0.5416667636527915,-0.3297583594050755]
[0.24994811276079465,-0.6444214869704936,0.16940184652456303,0.07458879504313529,-0.5416667636527915,-0.3297583594050755] [0.3796760217876762,-0.7131871999734465,0.4439591993995675,0.21701311369611184,-0.6234844096230945,-0.058053333180625444]
[0.3796760217876762,-0.7131871999734465,0.4439591993995675,0.21701311369611184,-0.6234844096230945,-0.058053333180625444] [0.49301922839272844,-0.7520978013874267,0.6542148094922515,0.3816293939261596,-0.6831815549036293,0.20840659612821]
[0.49301922839272844,-0.7520978013874267,0.6542148094922515,0.3816293939261596,-0.6831815549036293,0.20840659612821] [0.5851526894676509,-0.7080287608499809,0.7657039180089393,0.5402555146232823,-0.659649352108458,0.35128419830430246]
[0.5851526894676509,-0.7080287608499809,0.7657039180089393,0.5402555146232823,-0.659649352108458,0.35128419830430246] [0.641501851464137,-0.5759196337422319,0.7382972493912119,0.6534726915025871,-0.5405695401728251,0.29189112955062413]
[0.641501851464137,-0.5759196337422319,0.7382972493912119,0.6534726915025871,-0.5405695401728251,0.29189112955062413] [0.6466648746989861,-0.42091832012583325,0.625519278655867,0.6896830037609945,-0.39118953925450706,0.10864484807762675]
[0.6466648746989861,-0.42091832012583325,0.625519278655867,0.6896830037609945,-0.39118953925450706,0.10864484807762675] [0.5957360657117148,-0.2820853886879499,0.4388277816661956,0.6467904122721053,-0.24642632522558489,-0.13985193567167808]
[0.5957360657117148,-0.2820853886879499,0.4388277816661956,0.6467904122721053,-0.24642632522558489,-0.13985193567167808] [0.4826581632787771,-0.18309376616357254,0.23465377756501837,0.5226603510283794,-0.13950997680149954,-0.3905568410785021]
[0.4826581632787771,-0.18309376616357254,0.23465377756501837,0.5226603510283794,-0.13950997680149954,-0.3905568410785021] [0.33330183043931777,-0.13428539480516505,0.09991131095803141,0.3499789458383101,-0.0755626660459335,-0.573272904261513]
[0.33330183043931777,-0.13428539480516505,0.09991131095803141,0.3499789458383101,-0.0755626660459335,-0.573272904261513] [0.17616864198284662,-0.13224610483908503,0.046325896199142846,0.1657439285448284,-0.058783136258647825,-0.6532406105527722]
[0.17616864198284662,-0.13224610483908503,0.046325896199142846,0.1657439285448284,-0.058783136258647825,-0.6532406105527722] [0.04352893400619258,-0.1512203557131536,0.10411714931062477,0.01310710129580154,-0.06982245113803114,-0.6289470243855888]
[0.04352893400619258,-0.1512203557131536,0.10411714931062477,0.01310710129580154,-0.06982245113803114,-0.6289470243855888] [-0.05319265525867242,-0.1677406193416494,0.20496074267859576,-0.09189404655661879,-0.08351216502123235,-0.5677671259238055]
[-0.05319265525867242,-0.1677406193416494,0.20496074267859576,-0.09189404655661879,-0.08351216502123235,-0.5677671259238055] [-0.10540082577843944,-0.1727692919543788,0.31115636409397407,-0.14037312362133764,-0.09010082144129078,-0.5035235795816435]
[-0.10540082577843944,-0.1727692919543788,0.31115636409397407,-0.14037312362133764,-0.09010082144129078,-0.5035235795816435] [-0.10540082577843944,-0.1727692919543788,0.31115636409397407,-0.14037312362133764,-0.09010082144129078,-0.5035235795816435]
