[0.188855149782453,-0.11964311395061644,0.6452485890257629,-0.01267571470050883,0.00941081589793595,-0.41879026459874336] [0.20642876828204343,-0.1295447050295091,0.5070782126645179,0.004483495837581881,-0.06324501673762671,-0.4601325302409931]
[0.20642876828204343,-0.1295447050295091,0.5070782126645179,0.004483495837581881,-0.06324501673762671,-0.4601325302409931] [0.2512839824975579,-0.12064882594559409,0.4324703578128375,0.0696296157646314,-0.09290194616870626,-0.48008014939950794]
[0.2512839824975579,-0.12064882594559409,0.4324703578128375,0.0696296157646314,-0.09290194616870626,-0.48008014939950794] [0.3148946207782311,-0.0948783564991077,0.41016137438715283,0.1679039330989804,-0.085485515493195,-0.4809297892308919]
[0.3148946207782311,-0.0948783564991077,0.41016137438715283,0.1679039330989804,-0.085485515493195,-0.4809297892308919] [0.38873451183490737,-0.054156176490286256,0.4288876128002297,0.2844477358589696,-0.0469212678089853,-0.4649781172989744]
[0.38873451183490737,-0.054156176490286256,0.4288876128002297,0.2844477358589696,-0.0469212678089853,-0.4649781172989744] [0.464277484378431,-0.0004051655107774055,0.47738542247216387,0.40440231192344755,0.016865253909943104,-0.43452180055674905]
[0.464277484378431,-0.0004051655107774055,0.47738542247216387,0.40440231192344755,0.016865253909943104,-0.43452180055674905] [0.5329973669388417,0.06445179663918249,0.5443911543120574,0.512908949450247,0.09994850650374157,-0.3918575065680425]
[0.5329973669388417,0.06445179663918249,0.5443911543120574,0.512908949450247,0.09994850650374157,-0.3918575065680425] [0.584217397930539,0.1471774934489981,0.610761616676367,0.573398134746543,0.1903707578498299,-0.3223074410244182]
[0.584217397930539,0.1471774934489981,0.610761616676367,0.573398134746543,0.1903707578498299,-0.3223074410244182] [0.5947743531624039,0.24315842036989077,0.6724942956030651,0.5852343504520193,0.30347936031398687,-0.28395899530740554]
[0.5947743531624039,0.24315842036989077,0.6724942956030651,0.5852343504520193,0.30347936031398687,-0.28395899530740554] [0.6015869881052761,0.3213038739596418,0.736863026488332,0.5848768953889509,0.39896911510062816,-0.19395360190885214]
[0.6015869881052761,0.3213038739596418,0.736863026488332,0.5848768953889509,0.39896911510062816,-0.19395360190885214] [0.5424833591970056,0.398457288119617,0.7293468799383609,0.48079808676164404,0.49939857688522893,-0.11364541439592823]
[0.5424833591970056,0.398457288119617,0.7293468799383609,0.48079808676164404,0.49939857688522893,-0.11364541439592823] [0.44879107612122204,0.465066858991414,0.7341906109067908,0.3115626264839714,0.6105677925124663,-0.0611994679137835]
[0.44879107612122204,0.465066858991414,0.7341906109067908,0.3115626264839714,0.6105677925124663,-0.0611994679137835] [0.30442940267092305,0.547833364282475,0.7240379468342839,0.1221913485267269,0.639468807695909,-0.012403932592063072]
[0.30442940267092305,0.547833364282475,0.7240379468342839,0.1221913485267269,0.639468807695909,-0.012403932592063072] [0.13240913406506274,0.576466344657391,0.6350027486290966,-0.07439808744180779,0.6809545423524316,-0.006570355956415419]
[0.13240913406506274,0.576466344657391,0.6350027486290966,-0.07439808744180779,0.6809545423524316,-0.006570355956415419] [-0.04862191199712219,0.5463242927571409,0.46957314001505335,-0.2560837596650592,0.6614716452667363,-0.11432956701503283]
[-0.04862191199712219,0.5463242927571409,0.46957314001505335,-0.2560837596650592,0.6614716452667363,-0.11432956701503283] [-0.21675148776176376,0.5100482833547001,0.29499877559158705,-0.43999796856259465,0.5996163603440083,-0.1578820337930491]
[-0.21675148776176376,0.5100482833547001,0.29499877559158705,-0.43999796856259465,0.5996163603440083,-0.1578820337930491] [-0.37681931624424836,0.39965246614123895,0.10797288902108093,-0.6125490730658657,0.5328776124710989,-0.24236584294599517]
[-0.37681931624424836,0.39965246614123895,0.10797288902108093,-0.6125490730658657,0.5328776124710989,-0.24236584294599517] [-0.48384284309898795,0.24066491246905608,-0.06496605739402561,-0.7186423551155585,0.39248295266826644,-0.27044179582279515]
[-0.48384284309898795,0.24066491246905608,-0.06496605739402561,-0.7186423551155585,0.39248295266826644,-0.27044179582279515] [-0.557431997610826,0.08068805771816795,-0.2600734057781242,-0.7525374868555047,0.24853832694483896,-0.30820153703332576]
[-0.557431997610826,0.08068805771816795,-0.2600734057781242,-0.7525374868555047,0.24853832694483896,-0.30820153703332576] [-0.5579728047948286,-0.09271604431732225,-0.3972631788554075,-0.7497893066069785,0.060517943288239825,-0.30515362379702626]
[-0.5579728047948286,-0.09271604431732225,-0.3972631788554075,-0.7497893066069785,0.060517943288239825,-0.30515362379702626] [-0.47981223207694884,-0.2688531083284102,-0.5142849075823435,-0.6900671106729629,-0.12598529001328374,-0.2847223678422024]
[-0.47981223207694884,-0.2688531083284102,-0.5142849075823435,-0.6900671106729629,-0.12598529001328374,-0.2847223678422024] [-0.39328520546623963,-0.4426301296423598,-0.5053463966095091,-0.5415587266841442,-0.30624137444917615,-0.15050806058697308]
[-0.39328520546623963,-0.4426301296423598,-0.5053463966095091,-0.5415587266841442,-0.30624137444917615,-0.15050806058697308] [-0.29449146103613516,-0.5680069951954045,-0.4660472583299917,-0.3790963174708536,-0.46557160460224034,-0.04931868037222742]
[-0.29449146103613516,-0.5680069951954045,-0.4660472583299917,-0.3790963174708536,-0.46557160460224034,-0.04931868037222742] [-0.15438730724362107,-0.6536896259843203,-0.3455371451743332,-0.20715039784044112,-0.5665154454465737,0.09023749375328105]
[-0.15438730724362107,-0.6536896259843203,-0.3455371451743332,-0.20715039784044112,-0.5665154454465737,0.09023749375328105] [-0.006404195115262827,-0.7006352918060412,-0.18111969694116858,-0.0013520008527250615,-0.6538294620877468,0.22655930568678873]
[-0.006404195115262827,-0.7006352918060412,-0.18111969694116858,-0.0013520008527250615,-0.6538294620877468,0.22655930568678873] [0.14400193816141685,-0.7455929758670161,-0.06286842271616955,0.18346846297218902,-0.6597041547430518,0.20013779470293436]
[0.14400193816141685,-0.7455929758670161,-0.06286842271616955,0.18346846297218902,-0.6597041547430518,0.20013779470293436] [0.28805672124010906,-0.7159878203713699,0.027291439550989338,0.34153106013483386,-0.6468684808666623,0.14806958962856775]
[0.28805672124010906,-0.7159878203713699,0.027291439550989338,0.34153106013483386,-0.6468684808666623,0.14806958962856775] [0.3999425680999334,-0.6382511259609992,0.15363325756125867,0.4730427133562409,-0.576490732904505,0.12031285814364079]
[0.3999425680999334,-0.6382511259609992,0.15363325756125867,0.4730427133562409,-0.576490732904505,0.12031285814364079] [0.5003012430226332,-0.5638826638580718,0.16634334341223678,0.5415297498506629,-0.4926466831636121,0.02936428035949934]
[0.5003012430226332,-0.5638826638580718,0.16634334341223678,0.5415297498506629,-0.4926466831636121,0.02936428035949934] [0.5639694417917798,-0.4713989401984585,0.17012036806899467,0.558254695395593,-0.4129752714998796,-0.06344608445398947]
[0.5639694417917798,-0.4713989401984585,0.17012036806899467,0.558254695395593,-0.4129752714998796,-0.06344608445398947] [0.563769786051331,-0.35511702672087675,0.10636061271835118,0.5567899615957969,-0.317753293799328,-0.2229180684196299]
[0.563769786051331,-0.35511702672087675,0.10636061271835118,0.5567899615957969,-0.317753293799328,-0.2229180684196299] [0.5503784754671212,-0.267086838930921,0.03583178959916289,0.4987464501433506,-0.2336776151863215,-0.3676620001845228]
[0.5503784754671212,-0.267086838930921,0.03583178959916289,0.4987464501433506,-0.2336776151863215,-0.3676620001845228] [0.4967023514845682,-0.17888990479263844,-0.029817846232385037,0.41254486469381957,-0.15363716618448886,-0.4955977988133311]
[0.4967023514845682,-0.17888990479263844,-0.029817846232385037,0.41254486469381957,-0.15363716618448886,-0.4955977988133311] [0.37158509296492603,-0.09905037494377153,-0.05419547528586932,0.34984710181091444,-0.09024485718619803,-0.580722135318541]
[0.37158509296492603,-0.09905037494377153,-0.05419547528586932,0.34984710181091444,-0.09024485718619803,-0.580722135318541] [0.25248246947986125,-0.04938414356663284,-0.10458170769738118,0.24602263443072825,-0.04507644913887184,-0.6350919815604872]
[0.25248246947986125,-0.04938414356663284,-0.10458170769738118,0.24602263443072825,-0.04507644913887184,-0.6350919815604872] [0.14526773300226578,-0.018893303585260868,-0.1299848143457627,0.14227082541674607,-0.011847740401007875,-0.6664276272520491]
[0.14526773300226578,-0.018893303585260868,-0.1299848143457627,0.14227082541674607,-0.011847740401007875,-0.6664276272520491] [0.06638142391467088,-0.009415419561618177,-0.11754601132683895,0.04859233680370669,0.009355150398033016,-0.6747349663183018]
[0.06638142391467088,-0.009415419561618177,-0.11754601132683895,0.04859233680370669,0.009355150398033016,-0.6747349663183018] [0.03226408259960779,-0.022788055640489857,-0.05440651473642788,-0.025012169094666803,0.01844610487671513,-0.6600198920734917]
[0.03226408259960779,-0.022788055640489857,-0.05440651473642788,-0.025012169094666803,0.01844610487671513,-0.6600198920734917] [0.05935624943960782,-0.06084877596666127,0.07229245833697107,-0.06854203031338166,0.015339004529590194,-0.6222882984426947]
[0.05935624943960782,-0.06084877596666127,0.07229245833697107,-0.06854203031338166,0.015339004529590194,-0.6222882984426947] [0.16409846445559254,-0.12543514510209489,0.27540969279021166,-0.07199658467820694,-5.22690868337769e-05,-0.5615460791473792]
[0.16409846445559254,-0.12543514510209489,0.27540969279021166,-0.07199658467820694,-5.22690868337769e-05,-0.5615460791473792] [0.16409846445559254,-0.12543514510209489,0.27540969279021166,-0.07199658467820694,-5.22690868337769e-05,-0.5615460791473792]
