[0.30752914102629525,-0.025585894718092195,-0.024461831607398565,0.3288634624447668,0.04489271681910724,-0.6627080242169736] [0.4594692387635769,0.04612033383849906,0.09476823030136217,0.4702442544356016,0.11386181656355834,-0.5967196445462495]
[0.4594692387635769,0.04612033383849906,0.09476823030136217,0.4702442544356016,0.11386181656355834,-0.5967196445462495] [0.5870553026628226,0.12311737267507333,0.23067016262122486,0.5902275304417415,0.19025004431274453,-0.5192894559452803]
[0.5870553026628226,0.12311737267507333,0.23067016262122486,0.5902275304417415,0.19025004431274453,-0.5192894559452803] [0.6800689020221081,0.21193690935125975,0.39943146758018244,0.6801600621354447,0.2819161262557842,-0.41996024262785436]
[0.6800689020221081,0.21193690935125975,0.39943146758018244,0.6801600621354447,0.2819161262557842,-0.41996024262785436] [0.6858030130942141,0.304269956327878,0.5582737659874448,0.6896830037609945,0.3794226999884355,-0.3109808359627779]
[0.6858030130942141,0.304269956327878,0.5582737659874448,0.6896830037609945,0.3794226999884355,-0.3109808359627779] [0.6470760241963944,0.39366008564460186,0.704606079226453,0.6572286647916753,0.47505528602766867,-0.20167533420504302]
[0.6470760241963944,0.39366008564460186,0.704606079226453,0.6572286647916753,0.47505528602766867,-0.20167533420504302] [0.4962932047624431,0.4680124330270611,0.808795239568946,0.5155785688638383,0.5585008058713886,-0.09669800813807417]
[0.4962932047624431,0.4680124330270611,0.808795239568946,0.5155785688638383,0.5585008058713886,-0.09669800813807417] [0.297724787233047,0.5233238116390997,0.8490775149320422,0.33176008195636547,0.6226989054830463,-0.017278548050584597]
[0.297724787233047,0.5233238116390997,0.8490775149320422,0.33176008195636547,0.6226989054830463,-0.017278548050584597] [0.05968869983073523,0.5608404194382355,0.8318717801381492,0.11324553977317958,0.6687818016293045,0.03817611066253068]
[0.05968869983073523,0.5608404194382355,0.8318717801381492,0.11324553977317958,0.6687818016293045,0.03817611066253068] [-0.17148423087289988,0.5593253253344084,0.7011603549499776,-0.10652476727915232,0.6739800822917208,0.015839323095521607]
[-0.17148423087289988,0.5593253253344084,0.7011603549499776,-0.10652476727915232,0.6739800822917208,0.015839323095521607] [-0.3733574691747757,0.5385786802759459,0.537462327127276,-0.30517362772040046,0.6601364278347728,-0.03756454024337863]
[-0.3733574691747757,0.5385786802759459,0.537462327127276,-0.30517362772040046,0.6601364278347728,-0.03756454024337863] [-0.5036718422254631,0.4821688401245541,0.3269670473855193,-0.4499219264719993,0.6115292900115711,-0.144258788247833]
[-0.5036718422254631,0.4821688401245541,0.3269670473855193,-0.4499219264719993,0.6115292900115711,-0.144258788247833] [-0.5517315798834493,0.39809329288700235,0.11034553898410238,-0.5165543792951428,0.5380375100320949,-0.28073807591505595]
[-0.5517315798834493,0.39809329288700235,0.11034553898410238,-0.5165543792951428,0.5380375100320949,-0.28073807591505595] [-0.5498468468411442,0.29938789020889645,-0.10451492061085688,-0.5349257945277838,0.4509548661976715,-0.43047007432434636]
[-0.5498468468411442,0.29938789020889645,-0.10451492061085688,-0.5349257945277838,0.4509548661976715,-0.43047007432434636] [-0.4218839332086741,0.1850711436973438,-0.2566560456636111,-0.4210134794813643,0.3421363058283937,-0.556941257106498]
[-0.4218839332086741,0.1850711436973438,-0.2566560456636111,-0.4210134794813643,0.3421363058283937,-0.556941257106498] [-0.25734067219698464,0.06542932393466283,-0.3695267703404568,-0.25955542615353894,0.22592167374578803,-0.6498506148985923]
[-0.25734067219698464,0.06542932393466283,-0.3695267703404568,-0.25955542615353894,0.22592167374578803,-0.6498506148985923] [-0.04585335424044138,-0.05901656316227172,-0.4258603312611111,-0.035969627392522185,0.10197494428833706,-0.6945167629173623]
[-0.04585335424044138,-0.05901656316227172,-0.4258603312611111,-0.035969627392522185,0.10197494428833706,-0.6945167629173623] [0.17596876927658217,-0.1829609855476437,-0.35968860812754677,0.19858413872220002,-0.02536856855122155,-0.661370495175376]
[0.17596876927658217,-0.1829609855476437,-0.35968860812754677,0.19858413872220002,-0.02536856855122155,-0.661370495175376] [0.38294628641469974,-0.3027664107315933,-0.25142656268810804,0.4161921396007255,-0.15085088352104062,-0.5935247142543547]
[0.38294628641469974,-0.3027664107315933,-0.25142656268810804,0.4161921396007255,-0.15085088352104062,-0.5935247142543547] [0.5334345259366186,-0.4152541904944662,-0.07468599961434208,0.5685919484507249,-0.27538610669754215,-0.4482445888300326]
[0.5334345259366186,-0.4152541904944662,-0.07468599961434208,0.5685919484507249,-0.27538610669754215,-0.4482445888300326] [0.6176352617061386,-0.5183254719798037,0.11524120862585185,0.6412461459333114,-0.3912247014340612,-0.2699443442296987]
[0.6176352617061386,-0.5183254719798037,0.11524120862585185,0.6412461459333114,-0.3912247014340612,-0.2699443442296987] [0.652461725956804,-0.612981177154096,0.31181084180565044,0.6549424344637041,-0.4989734272803888,-0.07043741391235248]
[0.652461725956804,-0.612981177154096,0.31181084180565044,0.6549424344637041,-0.4989734272803888,-0.07043741391235248] [0.5681953686955404,-0.6789303972100158,0.4318290523848205,0.538560555110152,-0.578316838419434,0.10758788102759897]
[0.5681953686955404,-0.6789303972100158,0.4318290523848205,0.538560555110152,-0.578316838419434,0.10758788102759897] [0.4499841827129074,-0.7293237619618484,0.511972718892693,0.38311180074734547,-0.6419757833308318,0.2539186412025769]
[0.4499841827129074,-0.7293237619618484,0.511972718892693,0.38311180074734547,-0.6419757833308318,0.2539186412025769] [0.28052370337821764,-0.7520978013874267,0.5223040170791649,0.1682211219539089,-0.6775539111127173,0.3395232201065763]
[0.28052370337821764,-0.7520978013874267,0.5223040170791649,0.1682211219539089,-0.6775539111127173,0.3395232201065763] [0.09706552311419943,-0.7498934421253207,0.45903104409406836,-0.07453890687915705,-0.6831815549036293,0.35128419830430246]
[0.09706552311419943,-0.7498934421253207,0.45903104409406836,-0.07453890687915705,-0.6831815549036293,0.35128419830430246] [-0.08713555768520882,-0.7336805193984247,0.35864860324938697,-0.32227286153759893,-0.6722952586883353,0.32285820019406586]
[-0.08713555768520882,-0.7336805193984247,0.35864860324938697,-0.32227286153759893,-0.6722952586883353,0.32285820019406586] [-0.23483208648584597,-0.6847527978179319,0.19603869222105352,-0.5229774410531549,-0.6249863760393716,0.2091658866714381]
[-0.23483208648584597,-0.6847527978179319,0.19603869222105352,-0.5229774410531549,-0.6249863760393716,0.2091658866714381] [-0.34626425872920247,-0.6213092105006766,0.02427801871473889,-0.6745914267359722,-0.564805796141975,0.06924549884355358]
[-0.34626425872920247,-0.6213092105006766,0.02427801871473889,-0.6745914267359722,-0.564805796141975,0.06924549884355358] [-0.41501710020505644,-0.5426499867238105,-0.1547964775660713,-0.7684176435511029,-0.4912008342803604,-0.0977301666237178]
[-0.41501710020505644,-0.5426499867238105,-0.1547964775660713,-0.7684176435511029,-0.4912008342803604,-0.0977301666237178] [-0.4164689119535737,-0.4634432318614312,-0.30659449438488373,-0.7537711628715889,-0.41158976569282957,-0.2585258063978362]
[-0.4164689119535737,-0.4634432318614312,-0.30659449438488373,-0.7537711628715889,-0.41158976569282957,-0.2585258063978362] [-0.39096751967010324,-0.38510910342157545,-0.43289527476806633,-0.7007738791386603,-0.3310977901232495,-0.4130570304748282]
[-0.39096751967010324,-0.38510910342157545,-0.43289527476806633,-0.7007738791386603,-0.3310977901232495,-0.4130570304748282] [-0.3135140508401065,-0.31447633122078844,-0.4825063109156016,-0.5813899768342279,-0.2555137069326062,-0.5412813097271938]
[-0.3135140508401065,-0.31447633122078844,-0.4825063109156016,-0.5813899768342279,-0.2555137069326062,-0.5412813097271938] [-0.22422253982510018,-0.2578681998679014,-0.4833939374028162,-0.4445685174095567,-0.19302290594178942,-0.6301295138980363]
[-0.22422253982510018,-0.2578681998679014,-0.4833939374028162,-0.4445685174095567,-0.19302290594178942,-0.6301295138980363] [-0.12544359137879293,-0.20841090313388844,-0.4545090237816449,-0.2936386588756812,-0.13696527882903448,-0.6971360083989513]
[-0.12544359137879293,-0.20841090313388844,-0.4545090237816449,-0.2936386588756812,-0.13696527882903448,-0.6971360083989513] [-0.12544359137879293,-0.20841090313388844,-0.4545090237816449,-0.2936386588756812,-0.13696527882903448,-0.6971360083989513]
