[-0.1689136461059628,-0.032115029153322816,0.13361792662922412,-0.19455089349810462,0.0134393809944564,-0.5941301940602886] [-0.11210110027275917,-0.055355055916520235,0.0798206767918046,-0.1344926601878419,-0.007774066413638904,-0.6272907174166873]
[-0.11210110027275917,-0.055355055916520235,0.0798206767918046,-0.1344926601878419,-0.007774066413638904,-0.6272907174166873] [-0.034547165421832796,-0.06865683090378416,0.05948290757394403,-0.05625184649507371,-0.02263507996126572,-0.6410209435965966]
[-0.034547165421832796,-0.06865683090378416,0.05948290757394403,-0.05625184649507371,-0.02263507996126572,-0.6410209435965966] [0.06153349597535654,-0.07252241539005788,0.06897189830195671,0.038535350021006734,-0.03076835698007392,-0.6357516269593573]
[0.06153349597535654,-0.07252241539005788,0.06897189830195671,0.038535350021006734,-0.03076835698007392,-0.6357516269593573] [0.1886686486794061,-0.06339864700883285,0.10908182664996602,0.16444490194443517,-0.025586200009526557,-0.5988634102918962]
[0.1886686486794061,-0.06339864700883285,0.10908182664996602,0.16444490194443517,-0.025586200009526557,-0.5988634102918962] [0.32327542225883876,-0.03310396374186725,0.19062499134202326,0.30520835134942814,-0.000956000086143341,-0.5188508986049474]
[0.32327542225883876,-0.03310396374186725,0.19062499134202326,0.30520835134942814,-0.000956000086143341,-0.5188508986049474] [0.4583968812420958,0.015024291362611464,0.30662128069199746,0.45042959423095685,0.04210375844918182,-0.40552102024337877]
[0.4583968812420958,0.015024291362611464,0.30662128069199746,0.45042959423095685,0.04210375844918182,-0.40552102024337877] [0.5808160062159348,0.08684376162429375,0.46717253735332065,0.5836550561145272,0.11382327460619987,-0.2542579034057102]
[0.5808160062159348,0.08684376162429375,0.46717253735332065,0.5836550561145272,0.11382327460619987,-0.2542579034057102] [0.6563891581619986,0.17837955879589307,0.62469311455345,0.6626635654180792,0.21131440814881977,-0.10261359110474899]
[0.6563891581619986,0.17837955879589307,0.62469311455345,0.6626635654180792,0.21131440814881977,-0.10261359110474899] [0.6858030130942141,0.27553030562295666,0.7587731367459796,0.6896830037609945,0.31967276075832085,0.03746727653225079]
[0.6858030130942141,0.27553030562295666,0.7587731367459796,0.6896830037609945,0.31967276075832085,0.03746727653225079] [0.6514005392819506,0.37293449051275684,0.8490775149320422,0.6456413661132545,0.4352348609722888,0.15544777330469994]
[0.6514005392819506,0.37293449051275684,0.8490775149320422,0.6456413661132545,0.4352348609722888,0.15544777330469994] [0.5362157783631722,0.4549372611798326,0.8447450749464718,0.5209054390659824,0.5374448447957566,0.22605914647578107]
[0.5362157783631722,0.4549372611798326,0.8447450749464718,0.5209054390659824,0.5374448447957566,0.22605914647578107] [0.38278531712561736,0.5189701023076568,0.7749317993213101,0.3589329044178156,0.6189173756824905,0.24869234144277286]
[0.38278531712561736,0.5189701023076568,0.7749317993213101,0.3589329044178156,0.6189173756824905,0.24869234144277286] [0.19541361089955273,0.5608404194382355,0.6363951179271083,0.1644829039168036,0.6739800822917208,0.2160999426198993]
[0.19541361089955273,0.5608404194382355,0.6363951179271083,0.1644829039168036,0.6739800822917208,0.2160999426198993] [-0.012887227938185725,0.5348615497526028,0.38820637989183115,-0.06772871764723742,0.6595963921779657,0.08093617487632265]
[-0.012887227938185725,0.5348615497526028,0.38820637989183115,-0.06772871764723742,0.6595963921779657,0.08093617487632265] [-0.20811474002547475,0.46495631016507977,0.1365412112045199,-0.2949153396088179,0.597979471024355,-0.07683485493040632]
[-0.20811474002547475,0.46495631016507977,0.1365412112045199,-0.2949153396088179,0.597979471024355,-0.07683485493040632] [-0.38319496232670397,0.35631792862212464,-0.10932275848364803,-0.5076303357032387,0.49369107161697523,-0.24529347099976206]
[-0.38319496232670397,0.35631792862212464,-0.10932275848364803,-0.5076303357032387,0.49369107161697523,-0.24529347099976206] [-0.49946867503576253,0.1984378350012681,-0.3167855456456987,-0.6611337290509285,0.32964192755394905,-0.37738737360375474]
[-0.49946867503576253,0.1984378350012681,-0.3167855456456987,-0.6611337290509285,0.32964192755394905,-0.37738737360375474] [-0.5517315798834493,0.02345362242276494,-0.4361342578711014,-0.7435179502498206,0.14479090970057262,-0.4474195016241165]
[-0.5517315798834493,0.02345362242276494,-0.4361342578711014,-0.7435179502498206,0.14479090970057262,-0.4474195016241165] [-0.5509678907684343,-0.15900666362057575,-0.4833939374028162,-0.7684176435511029,-0.049863284556984536,-0.4632268516980833]
[-0.5509678907684343,-0.15900666362057575,-0.4833939374028162,-0.7684176435511029,-0.049863284556984536,-0.4632268516980833] [-0.4795662120073328,-0.33531657561356115,-0.43578653023010006,-0.7192855568864402,-0.23980497812450383,-0.40086398788515076]
[-0.4795662120073328,-0.33531657561356115,-0.43578653023010006,-0.7192855568864402,-0.23980497812450383,-0.40086398788515076] [-0.35272984509765193,-0.4916899572632663,-0.3055713326977276,-0.6141787808945859,-0.40834706271982474,-0.2909395796070955]
[-0.35272984509765193,-0.4916899572632663,-0.3055713326977276,-0.6141787808945859,-0.40834706271982474,-0.2909395796070955] [-0.1968841288982795,-0.6241113187610454,-0.13805876459747068,-0.4747262451185488,-0.5500689842707964,-0.15348005769824358]
[-0.1968841288982795,-0.6241113187610454,-0.13805876459747068,-0.4747262451185488,-0.5500689842707964,-0.15348005769824358] [-0.014960102887518534,-0.7217851498817409,0.05596559961162839,-0.29902352752175143,-0.6522783322368169,0.011654762936450958]
[-0.014960102887518534,-0.7217851498817409,0.05596559961162839,-0.29902352752175143,-0.6522783322368169,0.011654762936450958] [0.17084634703561763,-0.7520978013874267,0.253195563307238,-0.09860308385923477,-0.6831815549036293,0.16579006437286203]
[0.17084634703561763,-0.7520978013874267,0.253195563307238,-0.09860308385923477,-0.6831815549036293,0.16579006437286203] [0.34621781701556104,-0.7411551075038798,0.42245902168764804,0.1037530813563017,-0.675953078373681,0.28285012783583774]
[0.34621781701556104,-0.7411551075038798,0.42245902168764804,0.1037530813563017,-0.675953078373681,0.28285012783583774] [0.5039630980403954,-0.6874424572184581,0.5516412826749413,0.30073307958247475,-0.6305295499198673,0.35128419830430246]
[0.5039630980403954,-0.6874424572184581,0.5516412826749413,0.30073307958247475,-0.6305295499198673,0.35128419830430246] [0.6058272557262309,-0.5898305122479086,0.5801836717543098,0.4370324885664597,-0.5384739334520517,0.2958173176425678]
[0.6058272557262309,-0.5898305122479086,0.5801836717543098,0.4370324885664597,-0.5384739334520517,0.2958173176425678] [0.6657313541561926,-0.48271220632159784,0.5545857697677921,0.5289808819079307,-0.4367308167606417,0.18956924446989465]
[0.6657313541561926,-0.48271220632159784,0.5545857697677921,0.5289808819079307,-0.4367308167606417,0.18956924446989465] [0.6848202208694755,-0.36981107717873085,0.48231294552392967,0.5777521967361109,-0.32925522300682325,0.04243827264137412]
[0.6848202208694755,-0.36981107717873085,0.48231294552392967,0.5777521967361109,-0.32925522300682325,0.04243827264137412] [0.6413744621551453,-0.2560689813988245,0.36618124108753314,0.5638568871541986,-0.2232370811251634,-0.13225499161695797]
[0.6413744621551453,-0.2560689813988245,0.36618124108753314,0.5638568871541986,-0.2232370811251634,-0.13225499161695797] [0.5662059729710167,-0.15682884454548704,0.2555252955191838,0.5082822081635809,-0.1286416583821342,-0.30145306449057596]
[0.5662059729710167,-0.15682884454548704,0.2555252955191838,0.5082822081635809,-0.1286416583821342,-0.30145306449057596] [0.4689739515555332,-0.07203565659159517,0.15191347271148992,0.42370904442560564,-0.047786030405763485,-0.45654852942654944]
[0.4689739515555332,-0.07203565659159517,0.15191347271148992,0.42370904442560564,-0.047786030405763485,-0.45654852942654944] [0.3522479613090546,-0.012604565419475189,0.06421324840366438,0.31289018696068127,0.004964415880579609,-0.5713276508072864]
[0.3522479613090546,-0.012604565419475189,0.06421324840366438,0.31289018696068127,0.004964415880579609,-0.5713276508072864] [0.24178764530930447,0.02003531988329682,0.023522893816640078,0.19657664046279597,0.03580864326841414,-0.6456792220536078]
[0.24178764530930447,0.02003531988329682,0.023522893816640078,0.19657664046279597,0.03580864326841414,-0.6456792220536078] [0.14236804634995592,0.03591497956958206,0.010305022113637818,0.08804910980921819,0.05232928638804489,-0.6895510494933594]
[0.14236804634995592,0.03591497956958206,0.010305022113637818,0.08804910980921819,0.05232928638804489,-0.6895510494933594] [0.06038826090203771,0.034487180626969094,0.023720629454272668,-0.002597896446538869,0.053493898366163056,-0.6971360083989513]
[0.06038826090203771,0.034487180626969094,0.023720629454272668,-0.002597896446538869,0.053493898366163056,-0.6971360083989513] [0.01005318809029792,0.020134922814538214,0.06705390381286236,-0.06321070661669838,0.045501416530250804,-0.677410528542115]
[0.01005318809029792,0.020134922814538214,0.06705390381286236,-0.06321070661669838,0.045501416530250804,-0.677410528542115] [-0.025525708727257748,0.00600956016617521,0.11368955391329472,-0.10715163905858585,0.03651344134291777,-0.6476279741541404]
[-0.025525708727257748,0.00600956016617521,0.11368955391329472,-0.10715163905858585,0.03651344134291777,-0.6476279741541404] [-0.046176691344092746,-0.005545444911192965,0.15904706316736394,-0.13326964841256933,0.027830123964916798,-0.6096433768615297]
[-0.046176691344092746,-0.005545444911192965,0.15904706316736394,-0.13326964841256933,0.027830123964916798,-0.6096433768615297] [-0.046176691344092746,-0.005545444911192965,0.15904706316736394,-0.13326964841256933,0.027830123964916798,-0.6096433768615297]
