[0.2790531625980803,0.0032450883802928043,0.05814283927515618,0.12847722384939525,-0.027255201276458516,-0.6005617022381298] [0.4648542673875434,0.046533542004014605,0.11280118143179507,0.38693274324934046,0.05997719909925246,-0.5851580236252296]
[0.4648542673875434,0.046533542004014605,0.11280118143179507,0.38693274324934046,0.05997719909925246,-0.5851580236252296] [0.5883552575057093,0.10899984231985066,0.20550948724014617,0.5473909494251116,0.15388542009880346,-0.5344230035536475]
[0.5883552575057093,0.10899984231985066,0.20550948724014617,0.5473909494251116,0.15388542009880346,-0.5344230035536475] [0.6548332268690212,0.18446195257172138,0.322507934294463,0.6224589128403099,0.25066123997293205,-0.45616098517139925]
[0.6548332268690212,0.18446195257172138,0.322507934294463,0.6224589128403099,0.25066123997293205,-0.45616098517139925] [0.6695652692131179,0.2667378360035467,0.45003670068532564,0.6247437039585365,0.3464964369723758,-0.3581763106084468]
[0.6695652692131179,0.2667378360035467,0.45003670068532564,0.6247437039585365,0.3464964369723758,-0.3581763106084468] [0.6378284786352469,0.349645455859247,0.5743359645033213,0.5668523933828847,0.4375827894098285,-0.24827332301280602]
[0.6378284786352469,0.349645455859247,0.5743359645033213,0.5668523933828847,0.4375827894098285,-0.24827332301280602] [0.5648999490518521,0.42700277517415386,0.681645903839037,0.4613920516467017,0.5201120755360277,-0.13425636471804747]
[0.5648999490518521,0.42700277517415386,0.681645903839037,0.4613920516467017,0.5201120755360277,-0.13425636471804747] [0.4518593189955774,0.502618743085088,0.7669017490713044,0.33336328740197135,0.6085589984554612,-0.019042996439990745]
[0.4518593189955774,0.502618743085088,0.7669017490713044,0.33336328740197135,0.6085589984554612,-0.019042996439990745] [0.28975877900991637,0.5240484605150426,0.7524888382007182,0.17837479887159327,0.6625918110385286,0.08699316236379495]
[0.28975877900991637,0.5240484605150426,0.7524888382007182,0.17837479887159327,0.6625918110385286,0.08699316236379495] [0.08223719712687931,0.555820012148569,0.6829053963172749,-0.018513946133441553,0.6564117327733038,0.18274630327208996]
[0.08223719712687931,0.555820012148569,0.6829053963172749,-0.018513946133441553,0.6564117327733038,0.18274630327208996] [-0.08516530792828092,0.5280744827961866,0.5757691302087116,-0.254169806760985,0.6395381480031966,0.17517770572496527]
[-0.08516530792828092,0.5280744827961866,0.5757691302087116,-0.254169806760985,0.6395381480031966,0.17517770572496527] [-0.22200868157359702,0.47812658652191764,0.38637700237659267,-0.3998514231628436,0.615100425840284,0.14794160774994047]
[-0.22200868157359702,0.47812658652191764,0.38637700237659267,-0.3998514231628436,0.615100425840284,0.14794160774994047] [-0.35544067656781525,0.4086169758789192,0.2080160419365562,-0.44796786714798603,0.5323448252050617,0.06516218197088985]
[-0.35544067656781525,0.4086169758789192,0.2080160419365562,-0.44796786714798603,0.5323448252050617,0.06516218197088985] [-0.3615680144953241,0.31896859928082044,0.006267112881833015,-0.48296163511260365,0.47364918024845093,-0.04565861581484132]
[-0.3615680144953241,0.31896859928082044,0.006267112881833015,-0.48296163511260365,0.47364918024845093,-0.04565861581484132] [-0.32450190379791893,0.20672213837474662,-0.15131023880154615,-0.4554427821305892,0.42587136701305156,-0.2118694024337877]
[-0.32450190379791893,0.20672213837474662,-0.15131023880154615,-0.4554427821305892,0.42587136701305156,-0.2118694024337877] [-0.1921727057250911,0.09909703391791969,-0.31105650806849106,-0.38751445704191584,0.35231342049941394,-0.3624484694758614]
[-0.1921727057250911,0.09909703391791969,-0.31105650806849106,-0.38751445704191584,0.35231342049941394,-0.3624484694758614] [-0.07441682124093353,-0.025980770032024147,-0.36166585084275127,-0.24050721184995189,0.24874245577230086,-0.4910597299992059]
[-0.07441682124093353,-0.025980770032024147,-0.36166585084275127,-0.24050721184995189,0.24874245577230086,-0.4910597299992059] [0.0885780518367737,-0.13914425940617536,-0.29661191303875434,-0.046467837871296845,0.1320903419323213,-0.5552669484896215]
[0.0885780518367737,-0.13914425940617536,-0.29661191303875434,-0.046467837871296845,0.1320903419323213,-0.5552669484896215] [0.2548332018817915,-0.25338316941492656,-0.2521859928120449,0.17955412430166537,0.012136176751438493,-0.572241117569396]
[0.2548332018817915,-0.25338316941492656,-0.2521859928120449,0.17955412430166537,0.012136176751438493,-0.572241117569396] [0.3864877125676406,-0.3531128726692107,-0.07094247521326835,0.36498736206715326,-0.1043509187913494,-0.5224268354092105]
[0.3864877125676406,-0.3531128726692107,-0.07094247521326835,0.36498736206715326,-0.1043509187913494,-0.5224268354092105] [0.5019460158505531,-0.45978881391624604,0.06311432188904398,0.4778132380781488,-0.24276785679588264,-0.414175132108487]
[0.5019460158505531,-0.45978881391624604,0.06311432188904398,0.4778132380781488,-0.24276785679588264,-0.414175132108487] [0.5359583084650507,-0.5271313742875317,0.21233333868483584,0.5080026175211366,-0.38936721920719686,-0.25065597627932945]
[0.5359583084650507,-0.5271313742875317,0.21233333868483584,0.5080026175211366,-0.38936721920719686,-0.25065597627932945] [0.580576551351095,-0.6267543690400977,0.34741767764700526,0.44372216164546235,-0.5138578775310692,-0.11227242020202066]
[0.580576551351095,-0.6267543690400977,0.34741767764700526,0.44372216164546235,-0.5138578775310692,-0.11227242020202066] [0.5119164325670155,-0.6806726522197805,0.4314029457101647,0.3775771902609703,-0.6144378360488042,0.03697598742702635]
[0.5119164325670155,-0.6806726522197805,0.4314029457101647,0.3775771902609703,-0.6144378360488042,0.03697598742702635] [0.37135196880097676,-0.7181367292758289,0.43957392534899764,0.23159877093768502,-0.6949180910983872,0.1532139909711283]
[0.37135196880097676,-0.7181367292758289,0.43957392534899764,0.23159877093768502,-0.6949180910983872,0.1532139909711283] [0.2570102987111274,-0.7350471501528346,0.38765781996758797,0.007380950069908618,-0.7047232844897253,0.19659758693072416]
[0.2570102987111274,-0.7350471501528346,0.38765781996758797,0.007380950069908618,-0.7047232844897253,0.19659758693072416] [0.08396971002661759,-0.7256466147432703,0.2770225195305098,-0.2083272371725562,-0.6756852577942728,0.1875194437349874]
[0.08396971002661759,-0.7256466147432703,0.2770225195305098,-0.2083272371725562,-0.6756852577942728,0.1875194437349874] [-0.10241539785188766,-0.6847221058835269,0.09176305709454802,-0.4165777001598708,-0.641178991683327,0.15671110815875267]
[-0.10241539785188766,-0.6847221058835269,0.09176305709454802,-0.4165777001598708,-0.641178991683327,0.15671110815875267] [-0.2216904355728095,-0.6337487386424752,-0.043132831699775664,-0.565629018021453,-0.5838510305579173,0.06445052375725702]
[-0.2216904355728095,-0.6337487386424752,-0.043132831699775664,-0.565629018021453,-0.5838510305579173,0.06445052375725702] [-0.3507353362120731,-0.5594037938606513,-0.18138017154197783,-0.6855136220585939,-0.5024006856625262,-0.07610435965322537]
[-0.3507353362120731,-0.5594037938606513,-0.18138017154197783,-0.6855136220585939,-0.5024006856625262,-0.07610435965322537] [-0.44014126867007547,-0.4787886519360428,-0.3072836600863251,-0.7529819795489492,-0.4114674576485569,-0.2313466573769194]
[-0.44014126867007547,-0.4787886519360428,-0.3072836600863251,-0.7529819795489492,-0.4114674576485569,-0.2313466573769194] [-0.4756933821425201,-0.39828722855005266,-0.41137609132548825,-0.755225830014731,-0.31750466889072343,-0.38737851118428424]
[-0.4756933821425201,-0.39828722855005266,-0.41137609132548825,-0.755225830014731,-0.31750466889072343,-0.38737851118428424] [-0.44317682546350057,-0.3242834394758629,-0.4841902736459023,-0.6794369128386596,-0.22696564182569584,-0.5303020575518973]
[-0.44317682546350057,-0.3242834394758629,-0.4841902736459023,-0.6794369128386596,-0.22696564182569584,-0.5303020575518973] [-0.32837674656308613,-0.26316120032812823,-0.5162589573625915,-0.5128069680311693,-0.14630369827058132,-0.6462194529102048]
[-0.32837674656308613,-0.26316120032812823,-0.5162589573625915,-0.5128069680311693,-0.14630369827058132,-0.6462194529102048] [-0.11707829517939472,-0.221304426855,-0.49811497915319336,-0.24252773469599626,-0.08197216109574412,-0.7212328239624597]
[-0.11707829517939472,-0.221304426855,-0.49811497915319336,-0.24252773469599626,-0.08197216109574412,-0.7212328239624597] [-0.11707829517939472,-0.221304426855,-0.49811497915319336,-0.24252773469599626,-0.08197216109574412,-0.7212328239624597]
