0, array([  19.80111279,   24.06074504, -165.23248859,   40.78713398,
         22.70503542, -370.44486383])
1, array([  25.99917233,   33.11603961, -162.33095173,   56.63258645,
         45.79004898, -364.56932555])
2, array([  31.3532991 ,   43.00911201, -159.15017958,   70.21625747,
         71.45970483, -357.61736478])
3, array([  35.87301868,   54.22913402, -155.53095303,   81.53857267,
        101.06408527, -349.14929311])
4, array([  37.20845834,   65.72633052, -151.96578706,   83.93702816,
        132.75078563, -339.64465423])
5, array([  36.07154371,   76.92698248, -148.66168644,   80.3262385 ,
        163.72409538, -329.99826115])
6, array([  31.06217228,   87.21806501, -145.91543916,   67.53462756,
        192.1448197 , -320.5578574 ])
7, array([  21.9917904 ,   94.25208504, -144.95027642,   44.95172987,
        212.24255452, -312.6972811 ])
8, array([  11.2446013 ,   99.33379669, -145.05826728,   18.48516949,
        227.28334363, -306.25428503])
9, array([  -1.17716621,  100.750989  , -147.04485471,  -11.55819084,
        232.67448475, -303.06440269])
10, array([ -12.89204517,   97.90388299, -150.54765487,  -39.83117857,
        226.784107  , -304.99280001])
11, array([ -23.82887835,   92.56398977, -154.869395  ,  -66.19084809,
        214.42815275, -309.96326077])
12, array([ -31.29124773,   83.5044776 , -159.96086198,  -84.11351724,
        192.62459736, -319.77134224])
13, array([ -34.75159803,   71.9854388 , -165.08349795,  -92.41508528,
        166.15529433, -331.62551159])
14, array([ -35.15812564,   58.92476137, -169.98304747,  -93.39519357,
        136.68687076, -344.50326808])
15, array([ -29.38433501,   44.28214163, -172.97378463,  -79.70354661,
        103.2173482 , -356.43756838])
16, array([ -20.46298147,   28.62575057, -174.55344671,  -58.2769467 ,
         67.45903247, -365.77661497])
17, array([  -8.95623883,   12.30474972, -174.89389875,  -30.50416849,
         30.18878529, -372.73700916])
18, array([   5.10054747,   -3.55548463, -172.62775715,    1.74936566,
         -8.2401812 , -372.27767554])
19, array([  18.05394383,  -19.26636831, -169.46742489,   31.36365725,
        -47.06890085, -368.11604546])
20, array([  29.27253941,  -34.29219206, -165.34177902,   56.87258542,
        -85.1222059 , -359.66979157])
21, array([  35.01502043,  -47.77258134, -161.0440555 ,   68.39806261,
       -120.79020918, -344.94855821])
22, array([  37.34775881,  -59.75607617, -157.27968215,   71.56024512,
       -153.69754722, -329.23690474])
23, array([  34.87852827,  -69.34352764, -154.4943313 ,   63.07544428,
       -181.97141242, -313.17919892])
24, array([  27.28328426,  -75.10429519, -153.94955592,   41.66582936,
       -202.18861174, -301.7178277 ])
25, array([  17.92417924,  -78.30033637, -154.64654856,   15.79995114,
       -216.45711817, -293.79972334])
26, array([   6.36373262,  -77.12610464, -157.36341673,  -15.78713026,
       -220.52303538, -292.12226794])
27, array([  -4.59212771,  -72.14953097, -161.58173641,  -45.28056512,
       -213.60734508, -296.86960171])
28, array([ -14.39100043,  -65.18069498, -166.2812076 ,  -71.47191564,
       -200.8657529 , -304.95236086])
29, array([ -20.73921985,  -55.01319125, -171.00564829,  -88.29766431,
       -179.17139808, -317.99062364])
30, array([ -23.33251953,  -44.38120748, -174.84975464,  -94.4734936 ,
       -154.15484892, -331.91731815])
31, array([ -23.35745473,  -33.73418785, -177.98297775,  -93.5049009 ,
       -127.74166562, -345.94462477])
32, array([ -18.77571258,  -23.81943772, -179.45193325,  -80.7219288 ,
       -101.75023449, -358.24549789])
33, array([ -13.24157703,  -15.59241597, -179.73383281,  -65.19998417,
        -78.62911566, -368.02326397])
34, array([  -6.75998577,   -8.55028994, -179.03153218,  -46.96405033,
        -57.27302163, -375.96056432])
