0, array([  14.05638251,   11.29003283, -172.16467591,   17.15337262,
        -12.69675604, -374.23659352])
1, array([ 2.34619504e+01,  1.73881306e+01, -1.69155838e+02,  3.93407640e+01,
       -2.59161737e-01, -3.69866795e+02])
2, array([  33.18051242,   25.00943952, -165.34665746,   61.81425453,
         17.39132705, -363.75942939])
3, array([  42.12390754,   34.08763639, -160.95778449,   82.50014535,
         40.01590312, -355.95283418])
4, array([  49.19091562,   45.24872901, -155.98045975,   99.51875855,
         69.17260662, -345.84447351])
5, array([  51.90363284,   57.60936656, -150.71013418,  106.41212059,
        103.42361446, -333.73322178])
6, array([  50.85757653,   70.30289484, -145.74989802,  104.72336349,
        139.22442632, -321.05050058])
7, array([  46.08289573,   82.48118316, -141.58438362,   94.38884654,
        173.91003537, -308.8885828 ])
8, array([  36.84418141,   93.22401319, -139.03841384,   73.35239599,
        204.42792997, -298.73357324])
9, array([  24.67779829,  100.58299269, -138.70622263,   44.96739316,
        225.12827182, -292.01545538])
10, array([  11.0244462 ,  104.91664173, -140.10437435,   13.61452664,
        237.89372673, -288.37994807])
11, array([  -3.71975221,  105.97218213, -143.26977656,  -19.5917356 ,
        242.39040739, -288.23818455])
12, array([ -17.41714992,  102.44006784, -148.34598453,  -50.1913725 ,
        235.73173361, -293.78484179])
13, array([ -28.08267849,   94.58019051, -154.35067676,  -74.03654903,
        218.58729273, -304.59176394])
14, array([ -34.98627845,   83.48019428, -160.79930523,  -89.72474769,
        193.66462329, -318.66578358])
15, array([ -37.74438531,   69.09551856, -167.67228914,  -96.43813834,
        160.95637037, -335.61706808])
16, array([ -34.79773987,   52.56513785, -173.59399564,  -88.62092918,
        122.76064457, -352.32414514])
17, array([ -27.72656059,   35.04719185, -177.66291528,  -70.93310976,
         81.55296364, -365.95878651])
18, array([ -17.60185959,   17.10791766, -179.69022959,  -46.2013225 ,
         39.0921093 , -375.10538167])
19, array([  -4.82930966,   -1.44801372, -179.4114349 ,  -15.65555957,
         -4.69378433, -378.38863337])
20, array([   8.45223755,  -19.59165486, -176.01486928,   14.61587192,
        -49.51756968, -373.0547274 ])
21, array([  19.08267919,  -36.62461661, -171.44360138,   37.86751591,
        -92.88242466, -362.4542024 ])
22, array([  26.55041287,  -52.7640964 , -166.03488586,   52.93712128,
       -134.91706463, -347.45823842])
23, array([  28.92177619,  -67.00353532, -160.53834127,   55.34756017,
       -172.40646571, -329.80816429])
24, array([  24.91218788,  -78.0342333 , -156.47869323,   41.66393317,
       -201.26972067, -314.04220225])
25, array([  17.27324039,  -85.55463068, -154.2900423 ,   19.22775051,
       -221.72974949, -302.77520693])
26, array([   6.69035583,  -89.38128819, -154.11191732,  -10.1870243 ,
       -233.59819866, -296.6567867 ])
27, array([  -6.12042961,  -87.50290894, -156.90395587,  -44.54763973,
       -232.3918028 , -298.69870426])
28, array([ -17.74488155,  -80.51181034, -161.69021737,  -74.46408422,
       -218.78315416, -307.81536119])
29, array([ -26.96406501,  -69.94106435, -167.24592965,  -97.57025241,
       -196.85073336, -321.02103191])
30, array([ -32.60928534,  -56.65053363, -172.89176486, -111.2096918 ,
       -168.59045454, -336.78762181])
31, array([ -31.57449284,  -41.92117229, -177.64963755, -108.4428491 ,
       -136.10145787, -352.76449154])
32, array([ -26.33746632,  -28.25134168, -180.66696676,  -95.37770282,
       -105.90803086, -366.12652147])
33, array([ -18.61834476,  -15.86811724, -182.23780414,  -75.96780818,
        -78.16102181, -376.66874146])
34, array([  -9.65992068,   -5.59989426, -182.34556901,  -53.0810012 ,
        -54.43589348, -383.50881515])
