0, array([  -8.33249221,   15.55130309, -160.97655157,  -26.46873031,
         13.99870874, -351.8268804 ])
1, array([  -4.80284005,   14.20066572, -160.94488375,  -20.31992001,
          9.53951778, -354.07485378])
2, array([   0.5591884 ,   14.50242573, -160.85586067,   -8.2790792 ,
          8.34498137, -354.87018002])
3, array([   7.48367763,   16.19019105, -160.53808969,    8.53045545,
         10.43772003, -354.33985821])
4, array([  16.19459133,   19.04156145, -159.51506732,   29.73601804,
         16.68707426, -352.48085572])
5, array([  25.28087128,   24.45492993, -157.70568776,   52.39572346,
         30.34442324, -348.46657184])
6, array([  33.45800178,   31.61983266, -155.31522936,   72.82622671,
         49.66100904, -342.95612638])
7, array([  40.3708125 ,   40.52893731, -152.36164543,   89.96976493,
         74.81454882, -335.98922765])
8, array([  42.76543533,   51.48886267, -149.80604388,   94.8296091 ,
        107.45157787, -328.21906654])
9, array([  40.74267703,   61.87862701, -148.08800878,   87.86606926,
        138.94139724, -321.70705475])
10, array([  34.79822301,   71.25084612, -147.39482136,   70.76721336,
        167.59901902, -316.56456983])
11, array([  24.08002289,   78.3195094 , -148.50058576,   42.02889976,
        189.08458483, -313.63181565])
12, array([  10.37771166,   81.14538964, -151.59137926,    8.94296526,
        196.85728024, -314.64083447])
13, array([  -3.94706778,   80.53659446, -155.81337561,  -25.34017257,
        194.27617849, -318.29075978])
14, array([ -18.48757732,   76.16555453, -161.05905731,  -60.39328636,
        180.70451332, -324.50842418])
15, array([ -31.41795086,   65.92213708, -166.38120941,  -92.49063148,
        151.6825797 , -332.38807473])
16, array([ -41.29365451,   52.05331781, -171.24636365, -119.0283984 ,
        114.33625323, -339.72158115])
17, array([ -48.28680349,   35.66646629, -175.39680517, -139.74661663,
         70.95183632, -345.85785474])
18, array([ -51.42386913,   18.08428418, -178.12435738, -151.65646756,
         24.45475403, -349.38934951])
19, array([ -49.83422369,    0.42602547, -178.5261395 , -153.43708475,
        -21.47782128, -347.55967302])
20, array([ -45.51917094,  -16.60711804, -177.75647605, -148.9954478 ,
        -65.52160197, -342.58102084])
21, array([ -38.8557658 ,  -32.1865999 , -175.93097559, -138.57104779,
       -105.73748088, -334.91371578])
22, array([ -29.63790797,  -44.73841456, -172.56809401, -119.02107648,
       -139.04913462, -324.60118636])
23, array([ -19.14137504,  -53.68133063, -168.9333428 ,  -91.93889756,
       -164.31868933, -313.70601658])
24, array([  -8.0499504 ,  -59.18931923, -165.4785373 ,  -60.0833315 ,
       -180.80930724, -304.17236554])
25, array([   3.61839108,  -60.90044593, -162.48863264,  -23.5318167 ,
       -186.69032278, -297.55971352])
26, array([  14.79234688,  -57.82053719, -160.29445219,   12.48528963,
       -179.26990576, -296.83932033])
27, array([  24.04187781,  -51.99219137, -159.21357349,   43.02168198,
       -163.31907977, -299.83723667])
28, array([  31.26916182,  -43.68686274, -159.23228454,   67.49980498,
       -139.71766918, -306.33121509])
29, array([  35.18305352,  -32.66727753, -160.67492136,   80.77433335,
       -108.47707933, -317.46477447])
30, array([  35.69922605,  -21.53465405, -162.31203043,   83.90881043,
        -77.18073966, -329.47744324])
31, array([  34.01342147,  -10.99140128, -163.88912868,   79.88507999,
        -47.80748905, -340.91395456])
32, array([  30.2599942 ,   -1.5517734 , -165.24741883,   68.60762876,
        -21.87589066, -350.81908944])
33, array([  24.72958637,    4.87178176, -165.7397049 ,   52.37522228,
         -4.64052711, -356.67543684])
34, array([  19.05475444,    9.45419389, -165.54447124,   36.14394726,
          7.22313399, -360.0534765 ])
35, array([  13.32413812,   12.3838039 , -164.75934324,   20.0873245 ,
         14.08839562, -361.18323761])
36, array([   8.05374608,   13.60118023, -163.62163682,    5.43092819,
         15.2957602 , -360.10610219])
37, array([   4.48535543,   13.62986349, -162.34295975,   -4.25311466,
         14.36887768, -357.98408262])
38, array([   2.09352383,   13.13140718, -161.02827003,  -10.73348899,
         12.36575284, -355.49703289])
39, array([   0.8751326 ,   12.34029017, -159.76217836,  -14.16247194,
          9.67490858, -352.97346694])
