0, array([  -0.95942222,    4.13505734, -154.99052069,   -7.11105467,
          0.55630157, -340.73407344])
1, array([   2.83785924,    3.78382143, -156.6053796 ,   -0.38997119,
         -5.67486763, -344.39848048])
2, array([   7.22807185,    4.55340483, -157.81595239,    8.3765717 ,
         -6.85895022, -347.25897302])
3, array([  12.29775084,    6.50308406, -158.62274647,   19.39350825,
         -2.80878535, -349.32274368])
4, array([  17.9176142 ,   10.46147573, -158.74071802,   32.19623867,
          8.1457058 , -349.94140139])
5, array([  23.06548136,   15.4910444 , -158.40577105,   44.26323483,
         22.85636756, -349.57336274])
6, array([  27.74345242,   21.58702397, -157.61992079,   55.59777028,
         41.30648724, -348.22301794])
7, array([  30.06098351,   29.02413068, -156.44386484,   60.39130877,
         65.48764384, -345.11680026])
8, array([  30.34862018,   36.7655336 , -155.24491142,   59.6704614 ,
         91.10034191, -340.94690172])
9, array([  28.59188868,   44.58242779, -154.05986299,   53.44080417,
        117.38473786, -335.8330447 ])
10, array([  22.48603898,   50.81611917, -153.43287481,   36.065091  ,
        138.69164455, -329.325905  ])
11, array([  14.91446048,   55.59484366, -153.4268035 ,   14.97481252,
        154.15139802, -323.64740976])
12, array([   5.86402235,   58.90556688, -154.04721161,   -9.86330847,
        163.71161612, -318.80498244])
13, array([  -3.41610575,   59.13518139, -155.98253024,  -36.26158291,
        159.35250855, -317.1997698 ])
14, array([ -12.10818856,   57.28662681, -158.39531617,  -61.33676908,
        148.43345217, -316.96606657])
15, array([ -20.35021615,   53.41095623, -161.29807405,  -85.47080853,
        131.07092634, -318.04166926])
16, array([ -26.3377904 ,   45.3310729 , -164.48252124, -104.25425347,
        102.52937955, -321.14731565])
17, array([ -30.92576079,   35.93887717, -167.38238102, -118.12031904,
         70.46003099, -324.31851096])
18, array([ -34.1162777 ,   25.04783843, -170.02395173, -127.04401932,
         34.26909569, -327.59569804])
19, array([ -33.98984606,   12.91886011, -171.56322183, -125.03687069,
         -3.66641215, -329.57231167])
20, array([ -32.20711278,    0.71703084, -172.60217039, -118.52556409,
        -40.29008259, -330.55234228])
21, array([ -28.7680779 ,  -11.55764938, -173.14079742, -107.51009953,
        -75.60191562, -330.53578985])
22, array([ -22.43087043,  -21.56730454, -172.64664019,  -87.8184757 ,
       -103.54586247, -327.88836148])
23, array([ -15.10582219,  -29.66777486, -171.77149035,  -64.99088768,
       -125.29394346, -324.78558928])
24, array([  -6.73762757,  -36.04596299, -170.52095231,  -38.85513995,
       -141.39117044, -321.21396928])
25, array([   2.23572955,  -37.55421268, -168.98215223,  -10.49195408,
       -143.56125737, -319.65467599])
26, array([  10.78237457,  -36.49938844, -167.51268118,   15.63907033,
       -139.31679938, -319.70969523])
27, array([  18.99642289,  -32.7738442 , -166.10024306,   39.78963477,
       -128.35669815, -321.44716413])
28, array([  24.4593042 ,  -26.10257712, -165.75478856,   54.06645565,
       -108.79427593, -326.41038027])
29, array([  27.90867031,  -18.75313547, -165.5146128 ,   62.56699245,
        -87.15556463, -332.10623724])
30, array([  29.36239929,  -10.73154077, -165.37878103,   65.34253292,
        -63.45899969, -338.52822989])
31, array([  26.86468662,   -3.48841665, -165.24294925,   59.20718146,
        -41.92204159, -344.41579902])
32, array([  23.12368928,    3.07746164, -164.95884365,   50.08629406,
        -22.57017679, -349.23269152])
33, array([  18.25657298,    8.77169286, -164.53328845,   38.26601804,
         -5.97484757, -352.83485417])
34, array([  13.04890501,   11.41641737, -163.62805664,   26.27090863,
          2.05260258, -353.4209685 ])
35, array([   8.13128766,   12.73000409, -162.56337904,   15.26989476,
          6.0786562 , -352.74742169])
36, array([   3.50501728,   12.70650379, -161.33854305,    5.26741931,
          6.08542994, -350.80858393])
37, array([   0.51928628,   10.57959504, -159.99969364,   -0.95493474,
          2.91690287, -348.07153617])
38, array([-1.60100545e+00,  8.35283094e+00, -1.58716197e+02, -5.10789886e+00,
       -1.02785812e-01, -3.45571318e+02])
39, array([  -2.9221927 ,    6.00938035, -157.46880046,   -7.33637602,
         -3.00374463, -343.26945363])
