0, array([ -13.54265795,    9.95499958, -156.52959879,  -33.54733439,
         -4.80564475, -346.00548722])
1, array([  -7.11310424,    8.31389728, -161.12465846,  -25.03592355,
         -3.55840474, -353.70652713])
2, array([ 4.48090019e+00,  8.97274504e+00, -1.64689365e+02, -2.59905533e+00,
        6.21851710e-03, -3.59859167e+02])
3, array([  20.17399978,   12.15935381, -166.4578675 ,   30.05475667,
          9.6773934 , -363.04603251])
4, array([  35.76486247,   19.92625653, -164.77912862,   68.96580275,
         27.71291628, -358.16614984])
5, array([  47.87148401,   32.50045436, -158.68436661,  104.54593323,
         57.12969629, -343.04465074])
6, array([  53.27150614,   47.90048398, -151.99668105,  124.84478999,
         98.183117  , -322.59597618])
7, array([  49.19064869,   61.27242245, -149.27494008,  118.61320354,
        136.44925449, -309.82921335])
8, array([  39.80635695,   69.732228  , -149.82283938,   94.22323183,
        159.89781564, -309.75009232])
9, array([  26.46132462,   73.99234454, -153.76644224,   55.29765271,
        166.29774838, -320.57296246])
10, array([  11.23767031,   75.32157293, -158.21758384,   10.70149058,
        163.4878322 , -334.4363099 ])
11, array([  -4.04388249,   78.27633029, -160.53066973,  -29.08335421,
        164.81588866, -339.5486283 ])
12, array([ -19.0699313 ,   83.7811543 , -159.43741927,  -66.88135086,
        177.8679764 , -329.22170526])
13, array([ -33.91722918,   88.01862001, -158.62576646, -102.40661229,
        196.67586882, -306.54952796])
14, array([ -44.30220113,   85.10273508, -160.07660615, -127.41134014,
        199.15430706, -292.28970528])
15, array([ -47.86812589,   74.75805143, -164.29412661, -135.90997973,
        175.66000104, -296.16639503])
16, array([ -43.86620601,   56.0998214 , -170.78268524, -123.91704068,
        126.5674182 , -319.1087853 ])
17, array([ -37.86437093,   34.1187129 , -176.08752788, -105.94983506,
         69.55765771, -347.1802316 ])
18, array([ -35.2408201 ,   12.37471337, -178.85226101,  -99.44101803,
         18.12044656, -368.84620465])
19, array([ -41.07192284,   -7.82492302, -177.79346468, -116.67524933,
        -23.44814596, -370.33675641])
20, array([ -50.2969138 ,  -27.60466912, -174.6703933 , -142.51159732,
        -63.06342319, -357.60452484])
21, array([ -56.25876175,  -46.84266069, -170.48165703, -162.83489203,
       -105.80849462, -340.41959191])
22, array([ -51.90906145,  -60.17370319, -167.34634609, -156.59277001,
       -142.34307106, -329.06741451])
23, array([ -39.88637477,  -65.21086222, -166.53986336, -130.0933308 ,
       -163.28505175, -327.54060841])
24, array([ -23.23469182,  -60.3523031 , -167.77772716,  -93.92421921,
       -160.22369369, -336.42837373])
25, array([  -5.59926083,  -50.30651855, -169.52723827,  -57.33241456,
       -141.53240562, -347.77948375])
26, array([   9.30823954,  -43.81928332, -168.80616358,  -24.44633247,
       -130.72849607, -351.45586829])
27, array([  22.62861305,  -45.02560141, -163.95424885,    9.54503397,
       -135.98696734, -342.33017065])
28, array([  36.10724415,  -51.11998293, -157.65101721,   48.50520834,
       -153.45128063, -321.20236773])
29, array([  48.60092192,  -53.68485078, -152.51436847,   88.4717274 ,
       -164.30786043, -300.18712504])
30, array([  57.62607337,  -47.83107055, -150.16628148,  122.13563266,
       -153.31213781, -288.62543773])
31, array([  61.61480349,  -31.43912717, -151.65091698,  140.18991119,
       -115.35096123, -294.41850422])
32, array([  59.72410805,  -12.80153789, -155.79820226,  139.37165663,
        -71.43018693, -310.79055579])
33, array([  52.06429212,    3.70278377, -160.2540342 ,  122.63839786,
        -31.95093883, -331.17872808])
34, array([  39.42811414,   14.40098127, -164.23002616,   94.57991079,
         -5.10580872, -349.13938186])
35, array([  25.85259427,   20.26880384, -166.86129519,   60.96392129,
          9.56439514, -360.81247807])
36, array([  13.42148006,   21.79258821, -166.76491144,   29.24023057,
         13.76302389, -364.52083583])
37, array([   4.22918195,   19.85154816, -163.73813008,    5.06919647,
         10.45475617, -361.27246611])
38, array([  -1.29116878,   17.27527033, -159.78579697,  -11.23199491,
          5.02067305, -355.84892065])
39, array([  -3.91346064,   15.06027749, -156.61697833,  -20.4701276 ,
          0.92061635, -350.29015437])
