0, array([-3.24972520e-01,  1.19408324e+01, -1.60378961e+02, -8.07613485e+00,
        5.33119017e+00, -3.38495161e+02])
1, array([   0.88937857,    9.27090412, -160.93940695,  -14.90738282,
         -4.29878976, -346.20571449])
2, array([   4.50514876,    8.37549549, -160.75490667,  -11.85128961,
         -7.28942014, -350.50140056])
3, array([   9.75295312,    9.1288024 , -159.98128301,   -1.30391221,
         -4.37876415, -351.91202672])
4, array([  15.86340676,   11.40502076, -158.77435898,   14.33869238,
          3.69511504, -350.96740004])
5, array([  22.06712476,   15.07834651, -157.28995761,   32.68046719,
         16.19415423, -348.19732757])
6, array([  27.59472221,   20.02297555, -155.6839019 ,   51.32535521,
         32.38029027, -344.13161634])
7, array([  30.07615023,   26.40159588, -154.30954181,   68.52597549,
         52.69989802, -338.86079829])
8, array([  32.4916487 ,   34.48239644, -152.3231478 ,   79.03460662,
         77.11813351, -333.7615181 ])
9, array([  30.76279489,   42.73612452, -151.86731094,   81.24441454,
        102.35398753, -330.85778786])
10, array([  24.56195178,   53.70863052, -151.29099469,   66.15179159,
        119.35357316, -328.65888788])
11, array([  16.13242893,   61.22805721, -151.43996549,   48.5822682 ,
        138.93013393, -325.31017073])
12, array([   7.19952262,   65.78196251, -152.48360286,   22.11998809,
        159.70503822, -321.91837804])
13, array([  -4.14965213,   66.26864637, -154.32632126,   -5.55714469,
        166.3836305 , -320.19204998])
14, array([ -15.51242418,   65.15595884, -157.27796857,  -38.24603113,
        164.73827615, -324.02280133])
15, array([ -23.85815155,   58.79321718, -160.51274278,  -73.18496526,
        146.00148535, -326.33841468])
16, array([ -30.40281244,   47.84220777, -164.50047934,  -99.16326212,
        114.8541637 , -329.58504604])
17, array([ -37.42683037,   33.56731732, -168.57553755, -121.52578215,
         77.35803141, -331.97559815])
18, array([ -42.4237084 ,   18.36278655, -171.44355606, -130.52584537,
         41.33076111, -333.52306492])
19, array([ -43.66488127,    6.79495212, -173.2517553 , -138.36577737,
          2.67658112, -335.75531848])
20, array([ -39.75033292,   -7.00231297, -174.153707  , -130.32297593,
        -36.4728489 , -334.45528431])
21, array([ -34.86815539,  -19.18085744, -174.25825894, -116.43417395,
        -73.40392005, -333.70901684])
22, array([ -26.28117607,  -27.72289742, -172.65375457,  -98.69268445,
       -107.75334762, -329.30793153])
23, array([ -18.32307494,  -37.57663876, -170.78989846,  -71.30730396,
       -133.36602507, -325.50371613])
24, array([  -7.28734988,  -43.00134098, -167.73691295,  -37.97365116,
       -142.00114364, -321.13741922])
25, array([   3.58738122,  -44.36124051, -165.28186333,   -5.45277055,
       -151.5547478 , -318.88335236])
26, array([  15.25278738,  -40.98721431, -162.96784577,   20.77045479,
       -153.04029035, -320.35837291])
27, array([  23.36035056,  -36.30739841, -161.76948323,   45.12380193,
       -150.8144119 , -320.8567132 ])
28, array([  29.27497146,  -31.35681317, -161.79573298,   70.01854444,
       -139.63554882, -324.49950461])
29, array([  32.01296749,  -24.31596643, -162.4607271 ,   79.46517123,
       -116.12780687, -327.99866608])
30, array([  31.54087047,  -15.07121591, -163.48544994,   77.15458462,
        -86.75630327, -334.76971643])
31, array([  28.68920272,   -3.70265201, -164.62262238,   69.51446931,
        -59.76803746, -341.21521965])
32, array([  24.62065205,    2.05035733, -166.4687417 ,   60.2324617 ,
        -35.42324903, -344.33785187])
33, array([  19.43203354,    7.28329829, -167.61294069,   45.72054506,
        -11.18171568, -348.7375718 ])
34, array([  12.58771151,    9.86012956, -168.34240889,   27.80496197,
          3.86896596, -352.12706464])
35, array([   5.92535455,   11.38358363, -168.35357711,    9.68668178,
         13.88838242, -354.60848045])
36, array([ 2.25122910e-01,  1.21299908e+01, -1.67421933e+02, -6.88313370e+00,
        1.83196508e+01, -3.55974153e+02])
37, array([  -3.73282317,   12.37568124, -165.32296285,  -20.15332267,
         16.60588807, -356.01641418])
38, array([  -5.16832345,   12.39698533, -161.83215503,  -28.37272331,
          8.19021137, -354.52759872])
39, array([  -3.30121769,   12.47023328, -156.7249965 ,  -29.79017384,
         -7.48426226, -351.30003945])
