0, array([  -7.98880114,   12.83789973, -159.62671056,  -36.03994366,
         -7.16813573, -346.82624468])
1, array([ 1.95067785e+00,  1.06089516e+01, -1.61112044e+02, -4.28160683e+00,
       -2.96264093e-01, -3.54673918e+02])
2, array([  12.33355156,   12.80899357, -161.59103928,   25.04654852,
         13.1764454 , -356.47222687])
3, array([  22.45980209,   18.45551175, -161.2974477 ,   50.83502768,
         31.61331379, -353.60754652])
4, array([  31.6294115 ,   26.56599242, -160.4650207 ,   71.97433595,
         53.37766209, -347.46625226])
5, array([  39.1423619 ,   36.15792183, -159.32750967,   87.35497862,
         76.83281136, -339.43471939])
6, array([  44.29863535,   46.24878622, -158.11866602,   95.86746097,
        100.34208261, -330.89932321])
7, array([  44.63399558,   53.20902238, -156.61555006,   95.29662721,
        119.49366627, -328.2959301 ])
8, array([  41.47895643,   60.54063666, -157.10818962,   83.75182696,
        133.27815997, -323.38161566])
9, array([  33.4523185 ,   66.58543591, -157.83410173,   58.81445755,
        146.99493227, -320.88405594])
10, array([  22.00919634,   74.0028069 , -157.9614999 ,   25.35717354,
        163.5985848 , -320.64332877])
11, array([   9.0369645 ,   75.00764735, -158.32269591,  -12.44181786,
        169.63983998, -317.84716743])
12, array([  -4.00707229,   74.22902933, -159.36104146,  -42.53624163,
        172.81424459, -318.83874552])
13, array([ -16.13891072,   75.77728139, -161.50801833,  -68.27750021,
        178.75921958, -316.28451781])
14, array([ -24.07512421,   73.46854105, -163.5980711 ,  -85.67764614,
        171.02280706, -317.02325642])
15, array([ -31.04433224,   68.66490313, -165.88490312,  -97.29332058,
        159.693453  , -320.5185994 ])
16, array([ -35.66812088,   60.97809518, -168.36014189, -108.6866391 ,
        142.56400157, -327.11545435])
17, array([ -38.14191575,   47.46751161, -171.25631491, -113.82263821,
        116.51862708, -334.86621489])
18, array([ -39.38713001,   28.87606819, -173.83148694, -122.82172064,
         77.64253654, -345.55669963])
19, array([ -40.07323189,    7.97813949, -174.814168  , -124.79303327,
         28.47031168, -352.12840858])
20, array([ -40.00836764,  -10.11465021, -176.10889653, -125.48543776,
        -21.47535649, -348.78780157])
21, array([ -39.57702242,  -26.65344593, -174.95263892, -131.67812745,
        -63.8290195 , -349.71530835])
22, array([ -37.17018645,  -35.19070402, -173.65508705, -121.26577151,
        -98.83004818, -350.21751945])
23, array([ -32.78141127,  -46.99602749, -171.55137891, -113.62617183,
       -124.74171996, -346.97195825])
24, array([ -26.21525976,  -48.97253417, -170.4400329 , -101.2026588 ,
       -145.59371742, -348.11546732])
25, array([ -14.47228288,  -49.02915169, -169.56908263,  -79.40306958,
       -153.95116971, -341.31416689])
26, array([  -2.26869875,  -48.9308791 , -166.88975884,  -45.31100942,
       -167.40816231, -336.11639687])
27, array([  12.02749836,  -49.96945124, -164.46751555,   -8.69227627,
       -169.89242453, -331.88847513])
28, array([  25.36660149,  -46.20381432, -160.88946788,   30.23541339,
       -165.36001156, -325.27778909])
29, array([  38.30832069,  -44.44977829, -158.27561049,   62.92876064,
       -153.9843741 , -319.8859145 ])
30, array([  46.55016179,  -40.38107839, -156.62495726,   89.84257965,
       -139.40173769, -315.29817536])
31, array([  53.67683813,  -35.35453418, -155.31509249,  109.39507058,
       -121.11828349, -313.20269724])
32, array([  54.82611787,  -28.08915271, -155.54041437,  114.1092666 ,
        -96.6941376 , -312.73517023])
33, array([  52.4368452 ,  -18.76867391, -156.74812186,  104.70422028,
        -69.91768144, -322.64625588])
34, array([  46.32266067,   -5.31406482, -159.72275162,   88.6600438 ,
        -36.54098264, -337.07705551])
35, array([  37.55997381,    6.90881891, -162.30246589,   66.80362418,
         -7.71017471, -351.07958734])
36, array([  26.58602083,   16.17666964, -163.75427816,   40.79503944,
         12.48109317, -362.32665792])
37, array([  13.83803794,   20.76617972, -163.34520192,   12.29436757,
         19.9391718 , -368.49107377])
38, array([-2.46738642e-01,  1.89540415e+01, -1.60342251e+02, -1.70383134e+01,
        1.05704120e+01, -3.67245641e+02])
39, array([ -15.23107271,    9.01694731, -154.01243795,  -45.54292546,
        -19.71883542, -356.26316746])
