0, array([-9.30254747e+00,  1.73551238e+01, -1.51843384e+02, -2.28422446e+01,
       -6.93349912e-02, -3.40283087e+02])
1, array([  -4.24415078,   14.82232504, -159.92144158,   -9.8918835 ,
          0.44542829, -351.73226487])
2, array([   3.28543716,   15.96565655, -163.71709033,    8.11241003,
          5.21091767, -357.68793334])
3, array([  13.96340103,   19.31281182, -165.91639076,   33.76621599,
         14.64338146, -361.1642764 ])
4, array([  26.25236868,   26.62221859, -164.67322874,   66.33554078,
         31.39638416, -357.26471889])
5, array([  37.25487667,   38.09345556, -159.61591889,   96.77221064,
         60.10715494, -344.25751819])
6, array([  43.01123277,   50.92077506, -154.80341373,  112.73996721,
         96.47511157, -329.05463497])
7, array([  42.43236163,   61.88888988, -152.16306964,  111.65312675,
        130.91470718, -318.56784739])
8, array([  35.92804335,   69.16877982, -152.76790842,   92.38411832,
        153.89144864, -317.34494839])
9, array([  24.60313128,   71.48415425, -156.36147316,   56.69152445,
        161.21844951, -325.33731344])
10, array([  11.39582803,   71.77211873, -160.88429087,   17.19003659,
        161.94943472, -335.09809987])
11, array([  -1.91991421,   73.89830658, -163.66658123,  -18.03647603,
        165.09566041, -338.34426744])
12, array([ -14.4912113 ,   78.41412836, -163.97509594,  -51.14877995,
        177.29229578, -329.88968406])
13, array([ -26.08491142,   82.51826887, -163.70204323,  -82.33057453,
        193.353661  , -311.2815624 ])
14, array([ -34.80045157,   82.62854083, -164.1249041 , -106.64032497,
        199.10392012, -294.47388718])
15, array([ -39.07551214,   76.66160767, -166.41303932, -122.14454919,
        184.17185749, -291.43874818])
16, array([ -37.6372003 ,   64.08034637, -170.31302358, -121.91702585,
        147.31603767, -305.42458543])
17, array([ -32.20893465,   46.77168503, -174.35730546, -104.93606906,
         98.00530102, -329.94777485])
18, array([ -26.60860425,   27.34569998, -177.02441654,  -86.02126423,
         45.53145053, -354.74690964])
19, array([ -24.3509509 ,    7.81371238, -178.11806494,  -79.95029807,
         -0.68801638, -371.00994361])
20, array([ -28.03044848,  -11.10420193, -177.55191315,  -93.22764083,
        -38.98611788, -371.24626155])
21, array([ -34.65789142,  -28.71174565, -174.98938939, -116.03532024,
        -75.37183164, -357.75076363])
22, array([ -38.73854954,  -43.98468178, -171.76990731, -132.53722152,
       -112.80409513, -341.72096186])
23, array([ -36.42407009,  -53.62753852, -168.9174352 , -131.07009868,
       -143.20222727, -330.20222572])
24, array([ -27.63598891,  -55.55679093, -167.70413272, -109.3803571 ,
       -155.69203177, -328.61024228])
25, array([ -13.94310048,  -52.76071977, -167.32735245,  -77.86887142,
       -152.54286415, -335.66636163])
26, array([   1.07624942,  -48.93180212, -166.373663  ,  -46.37861886,
       -142.3539909 , -344.01591221])
27, array([  13.67764743,  -47.80420414, -164.32254194,  -19.8842762 ,
       -136.52758775, -346.38701875])
28, array([  24.25397208,  -50.57397486, -159.93094333,    5.92456365,
       -144.79893664, -337.916104  ])
29, array([  34.40205013,  -54.94568924, -154.64261539,   38.93902511,
       -161.96593655, -320.82415365])
30, array([  44.14089836,  -54.86962933, -151.32939847,   74.37124782,
       -170.40256914, -305.71698291])
31, array([  51.19126998,  -46.9649466 , -151.45089699,  103.63906074,
       -156.72563843, -300.9734412 ])
32, array([  53.73909883,  -32.54884257, -154.13062123,  118.01191991,
       -120.4083789 , -310.07300826])
33, array([  50.23931088,  -17.78710574, -157.50302999,  114.62208773,
        -78.16149691, -326.05057265])
34, array([  40.65732106,   -5.70957216, -160.59542415,   94.47404985,
        -39.84298188, -342.31221391])
35, array([  27.52771547,    3.17277374, -161.23761554,   63.88856164,
        -11.34038366, -353.41867335])
36, array([  14.15601455,    8.06728884, -159.28043154,   33.60563693,
          3.14322405, -354.4093741 ])
37, array([   3.67934785,   11.06324895, -156.63409785,    9.2938768 ,
          9.75501875, -350.86621325])
38, array([  -2.65617391,   12.84222717, -154.29689038,   -6.06042101,
         11.27194725, -346.2080551 ])
39, array([  -5.48269146,   14.08935786, -152.60921056,  -14.45094907,
          8.8836756 , -342.45495436])
