0, array([   6.20220439,   12.91803439, -174.59223412,   -2.23210947,
          4.69634019, -360.88972502])
1, array([  12.08077046,   14.74930109, -172.77728104,   14.89321476,
         10.77016783, -359.43245815])
2, array([  18.12320069,   16.97680384, -170.08401706,   32.70840596,
         18.90308762, -356.05956318])
3, array([  24.38435509,   19.09823777, -166.78034848,   51.3688104 ,
         27.6117491 , -350.94798994])
4, array([  28.69678193,   21.04377534, -163.60484821,   64.53059896,
         36.66855665, -345.10861211])
5, array([  31.01611973,   22.77296995, -161.07348809,   71.4017122 ,
         45.17591621, -340.0914213 ])
6, array([  31.34270687,   25.33303283, -158.75468097,   72.05217091,
         56.24248013, -335.67486003])
7, array([  27.19179044,   31.24016522, -155.46627606,   59.21553788,
         77.30400191, -330.3659791 ])
8, array([  20.50494963,   37.28903104, -152.0368981 ,   38.41053467,
         98.39078914, -324.52376321])
9, array([  11.76000025,   41.66686864, -149.35382239,   11.33631884,
        113.16344069, -319.26826421])
10, array([   1.27858814,   41.9492038 , -149.25200127,  -19.89412452,
        112.75739362, -318.23545661])
11, array([  -8.42955015,   38.27143699, -151.61790574,  -48.66168091,
         98.91193955, -321.22860374])
12, array([ -17.18435413,   31.77003584, -155.39679293,  -74.39323267,
         75.64930337, -326.57385632])
13, array([ -22.33954671,   25.19894099, -159.13850638,  -88.90723231,
         52.97192749, -332.29143212])
14, array([ -23.4139932 ,   21.17086503, -161.67777699,  -91.13186272,
         40.14106005, -336.87355284])
15, array([ -21.59528782,   18.50644977, -163.94971254,  -84.56570215,
         31.90773369, -341.92269324])
16, array([ -15.75469901,   15.31225145, -166.27236941,  -65.50440109,
         22.05574192, -348.05107313])
17, array([  -7.4120458 ,   10.64113838, -168.22715983,  -37.97167553,
          7.10118793, -352.65657272])
18, array([   1.87146055,    5.30758971, -169.13322512,   -7.23638436,
        -10.08475498, -354.08481937])
19, array([  11.85505387,    0.56292918, -168.07485797,   25.87927609,
        -24.81840405, -350.4521202 ])
20, array([  19.37282962,   -2.85945515, -165.76896815,   51.50182276,
        -34.12965112, -343.52755556])
21, array([  24.60588317,   -5.10045337, -163.24424959,   70.06754207,
        -37.60541099, -336.82366093])
22, array([  25.85271464,   -7.78378682, -160.6264913 ,   76.11495852,
        -42.85174335, -331.19597357])
23, array([  22.31327193,  -12.37343669, -158.00238089,   67.47365485,
        -59.81287671, -324.82803959])
24, array([  16.4479134 ,  -17.02901392, -155.54381762,   50.98854503,
        -80.49160782, -317.40405155])
25, array([   7.88182195,  -20.24278396, -154.06237526,   24.94930123,
        -98.6794546 , -310.80629515])
26, array([  -1.35642194,  -19.55312796, -154.89158584,   -4.84305626,
       -102.87969974, -309.89629077])
27, array([  -9.81799117,  -15.97132904, -156.97388772,  -33.11108761,
        -94.92737972, -313.38721933])
28, array([ -17.23432052,  -10.13633014, -159.84685972,  -59.1939848 ,
        -76.67964282, -320.57963404])
29, array([ -20.92176882,   -4.75340769, -162.40395415,  -73.44929187,
        -57.38005828, -328.30791389])
30, array([ -22.13458566,   -0.83556737, -164.60322241,  -79.61764645,
        -41.98447959, -334.87591644])
31, array([ -20.52237891,    1.85510523, -167.15522332,  -76.43779838,
        -31.07560454, -341.27367179])
32, array([ -15.8467113 ,    4.29141052, -170.26222721,  -62.55460845,
        -22.36846728, -348.30869528])
33, array([ -10.86519444,    7.28559636, -173.07458999,  -47.32032641,
        -12.6322138 , -354.89763668])
34, array([  -5.56514888,   10.32328338, -175.31615898,  -30.72899475,
         -3.21807032, -360.38173117])
