0, array([   4.06534612,    9.03678397, -174.9380531 ,   -0.75338539,
          0.39069921, -357.66839836])
1, array([   5.53847902,    9.00386388, -175.83283902,    1.51863609,
          2.40641178, -360.3775987 ])
2, array([  10.24368064,   11.69397253, -174.40093359,   12.17619522,
         12.13476545, -360.56438125])
3, array([  17.00183832,   16.26349554, -170.07874637,   27.4433821 ,
         27.6510764 , -357.91006265])
4, array([  24.30461203,   21.60651565, -163.6823677 ,   43.99175717,
         46.79810743, -351.9960893 ])
5, array([  30.08171121,   25.24675114, -158.13868598,   56.60109693,
         65.27375985, -344.93614097])
6, array([  31.34270687,   28.58365165, -154.82207295,   57.87375839,
         83.73898945, -340.70729866])
7, array([  27.91285917,   33.5045807 , -152.83510733,   48.6082858 ,
         97.8365807 , -340.93078932])
8, array([  21.09933197,   36.65807386, -153.88388819,   33.13174275,
         98.03319799, -344.27526933])
9, array([  12.1100201 ,   36.00527021, -158.86369773,   14.93811797,
         85.37681439, -349.87129966])
10, array([   2.82114749,   32.74127299, -163.77035237,   -3.47456257,
         72.25865866, -354.00087789])
11, array([  -5.37670802,   29.85406263, -164.9438627 ,  -23.92361678,
         69.00765791, -352.18732965])
12, array([ -12.29934604,   28.03587101, -163.08035251,  -48.90354723,
         69.77009567, -347.04318975])
13, array([ -17.54507287,   26.33343506, -160.48276809,  -71.46042905,
         67.89892641, -340.98695844])
14, array([ -20.71823768,   23.46655902, -159.8879974 ,  -87.48088553,
         57.8417293 , -338.51853093])
15, array([ -20.83552701,   19.78606908, -161.25479324,  -91.13186272,
         46.41283675, -339.41239562])
16, array([ -18.0852362 ,   15.20754132, -164.35850561,  -79.93124057,
         38.21467493, -344.26365946])
17, array([ -14.68370079,    8.74523265, -167.83163799,  -58.78923352,
         25.69212642, -352.11466206])
18, array([ -12.97203148,    1.85618225, -169.11598022,  -41.69095728,
          9.96712757, -357.5030798 ])
19, array([ -13.64973647,   -3.7807183 , -167.86459849,  -38.15666379,
         -8.31635674, -358.60284075])
20, array([ -17.0692411 ,   -6.6450032 , -163.8898823 ,  -46.3799154 ,
        -29.27969266, -350.7284911 ])
21, array([ -21.34173294,   -6.56918422, -159.99551959,  -59.43173222,
        -51.01253072, -336.26227566])
22, array([ -23.4139932 ,   -6.12783749, -158.14934545,  -68.46517969,
        -69.24937729, -323.2035916 ])
23, array([ -21.4827    ,   -7.93254911, -158.16613712,  -67.11982241,
        -84.10809751, -314.89878661])
24, array([ -16.00462952,  -10.14345154, -160.70114544,  -55.04153066,
        -92.11426508, -313.44882345])
25, array([  -8.62359752,  -11.34457812, -164.9262252 ,  -37.53404893,
        -85.88016711, -322.33547127])
26, array([  -0.61891181,  -12.45203192, -167.75520431,  -18.47350076,
        -74.39488714, -335.6852642 ])
27, array([   6.6841959 ,  -14.16515455, -167.4961021 ,   -0.89794747,
        -68.6182942 , -343.61990023])
28, array([  12.81309519,  -16.52701705, -163.68690226,   15.81292417,
        -73.63685286, -339.43696766])
29, array([  18.60620966,  -17.42380602, -158.93569515,   35.30389488,
        -81.47448855, -327.38544908])
30, array([  23.6245021 ,  -14.31188006, -156.87897154,   55.34105561,
        -77.63448223, -318.39887319])
31, array([  27.16905228,   -8.822872  , -157.75139531,   69.83955516,
        -60.76112145, -317.96162912])
32, array([  28.82111871,   -3.76453947, -160.42409628,   76.11495852,
        -41.70093757, -322.99100468])
33, array([ 2.77612549e+01, -5.52904630e-02, -1.64001330e+02,  7.30959376e+01,
       -2.79341284e+01, -3.30065630e+02])
34, array([  23.28232587,    3.12798324, -168.6048076 ,   59.82435304,
        -15.44436138, -340.05038309])
35, array([  15.774275  ,    6.51738752, -172.79263634,   38.7764042 ,
         -2.76850379, -350.27791346])
36, array([   7.72628164,    9.8902132 , -174.99123281,   17.3459341 ,
          8.11138721, -357.20648572])
37, array([   0.53994283,   12.22437113, -175.05866758,   -1.0825524 ,
         14.00837364, -359.97460234])
38, array([  -4.97078378,   12.71367394, -173.99302135,  -14.82600255,
         14.2331661 , -360.19788702])
39, array([  -7.8956572 ,   11.58067294, -172.94917562,  -22.12710092,
         10.49846596, -359.30138122])
