0, array([  -1.88126915,   11.35868141, -175.50020903,   -4.01306843,
         18.4500556 , -359.09799148])
1, array([   8.14423436,   11.82977828, -172.97502596,   12.9908901 ,
          9.95236911, -357.35097753])
2, array([  15.75983286,   13.56860034, -170.0562314 ,   28.22693029,
          9.78841225, -353.69943329])
3, array([  21.10493715,   16.29382226, -166.91297123,   40.94560165,
         16.3415868 , -348.73648967])
4, array([  24.31895804,   19.72411872, -163.71439134,   50.39745373,
         27.99529457, -343.05527755])
5, array([  25.54130636,   23.5781644 , -160.6296376 ,   55.83303606,
         43.13293734, -337.24892784])
6, array([  24.91139291,   27.57463398, -157.8278559 ,   56.50289816,
         60.13791691, -331.91057144])
7, array([  21.62583473,   32.19702922, -156.10994975,   48.55119218,
         80.86327794, -329.91478683])
8, array([  17.87258556,   35.19127052, -154.2655553 ,   31.11488049,
         92.41689711, -328.13425424])
9, array([  12.38503696,   37.33922159, -152.84307741,   14.66729048,
        104.24254959, -327.29537197])
10, array([   4.15861529,   37.4092625 , -152.5742463 ,  -10.57729396,
        106.62918892, -327.4478678 ])
11, array([  -2.46112847,   36.39615248, -154.21290088,  -38.90625981,
        102.9346532 , -329.77420362])
12, array([  -9.20155383,   34.26733148, -155.91219366,  -59.35500765,
         91.75051682, -332.51716518])
13, array([ -14.32786648,   31.64338167, -158.01231445,  -70.35395606,
         76.57790791, -337.3641961 ])
14, array([ -15.56207028,   27.43538419, -160.57824545,  -74.53040622,
         59.01663307, -342.91340466])
15, array([ -13.44785204,   22.94598503, -163.34159874,  -65.35955871,
         37.09436885, -344.5711989 ])
16, array([  -9.67164207,   18.04910647, -165.81192595,  -54.65710094,
         20.2335504 , -346.22328012])
17, array([  -5.83432545,   12.72883334, -167.25390158,  -37.33596342,
          2.7175431 , -346.60606109])
18, array([   2.20304566,    8.72885801, -168.45970503,  -15.32703171,
        -12.0449204 , -348.06366328])
19, array([   7.25502615,    4.69611769, -168.2377496 ,    6.22156961,
        -21.26018391, -347.87060618])
20, array([ 1.38459227e+01,  3.13251905e-02, -1.65908908e+02,  2.46674245e+01,
       -3.52919739e+01, -3.43261551e+02])
21, array([  18.92035779,   -4.93173542, -161.81792117,   45.71490403,
        -48.25383272, -337.50710297])
22, array([  20.06352123,   -9.88545087, -159.20211647,   51.80963209,
        -61.02473626, -331.31392025])
23, array([  20.89280649,  -13.36055966, -157.09296728,   44.72748746,
        -73.13157329, -323.75528161])
24, array([  17.16262118,  -16.8323088 , -154.94927024,   37.07354986,
        -82.18652794, -318.01186737])
25, array([  12.68477058,  -18.28835243, -154.13476265,   24.56989098,
        -87.82576677, -313.61100852])
26, array([   8.31849922,  -18.63512364, -154.10555035,    2.12985349,
        -89.32592153, -311.30715743])
27, array([   1.98601607,  -17.12756547, -156.27352581,  -18.77382495,
        -90.07433806, -310.46568268])
28, array([  -3.99648663,  -15.12675171, -158.54539281,  -39.6168293 ,
        -83.02247288, -315.07140927])
29, array([ -10.25504046,  -11.99572056, -162.1638362 ,  -57.98365867,
        -73.59038125, -322.23115366])
30, array([ -14.71410657,   -8.31633618, -165.74101713,  -71.4517064 ,
        -61.66120054, -330.54965966])
31, array([ -16.415516  ,   -4.32166692, -168.81573193,  -77.99100568,
        -47.7185683 , -339.24302047])
32, array([-1.44010998e+01, -2.44781128e-01, -1.70926777e+02, -7.55715897e+01,
       -3.22461221e+01, -3.47527329e+02])
33, array([  -7.7126891 ,    3.68125285, -171.61294833,  -62.16349152,
        -15.72749937, -354.61867933])
34, array([   4.60788511,    7.22336667, -170.41304256,  -35.73674441,
          1.35366225, -359.73316379])
