0, array([   0.67181993,   13.70157019, -170.48658742,   17.78997007,
          8.70826625, -356.55861357])
1, array([  13.47352021,   13.41473461, -170.60713546,   22.56949635,
          6.73215221, -358.03680726])
2, array([  22.42538268,   14.79796648, -169.30372294,   29.08129445,
         11.18666233, -356.42288676])
3, array([  27.9248168 ,   17.47415782, -166.93068194,   36.16564856,
         20.58307099, -352.46457638])
4, array([  30.36923199,   21.06620062, -163.84234453,   42.66284283,
         33.43265262, -346.90960044])
5, array([  30.1560377 ,   25.1969869 , -160.39304281,   47.41316143,
         48.24668162, -340.50568326])
6, array([  27.68264338,   29.48940864, -156.93710886,   49.25688855,
         63.53643239, -334.00054914])
7, array([  23.66265372,   33.10742885, -154.20218324,   42.07628899,
         76.7015727 , -330.1786845 ])
8, array([  17.0571416 ,   37.18263621, -152.3945352 ,   32.6851845 ,
         85.11208582, -327.63231509])
9, array([   9.98462762,   39.47766533, -151.39452377,   15.31551242,
         91.66464291, -325.1269695 ])
10, array([   1.15132769,   40.10102564, -151.77120938,   -3.24442183,
         95.86931038, -322.36826974])
11, array([  -5.35432978,   37.47555716, -152.11715448,  -25.13421854,
         93.86061307, -323.02603853])
12, array([ -10.56032379,   34.01891335, -154.20965368,  -41.78496229,
         85.86208735, -325.9403347 ])
13, array([ -15.95095072,   28.74294374, -157.76365523,  -62.81595193,
         76.70078005, -330.08645681])
14, array([ -18.36827758,   24.0424502 , -161.22546273,  -80.98444996,
         66.68179618, -335.33223427])
15, array([ -18.52137044,   18.88865319, -164.44178189,  -84.14753111,
         48.14737338, -341.97462749])
16, array([ -14.77442252,   12.46706342, -168.06833099,  -75.08811483,
         32.17931073, -345.96533774])
17, array([  -9.74624065,    8.17736721, -168.66934137,  -54.48074414,
         19.63579822, -348.54361842])
18, array([-1.75481336e+00,  4.47739063e+00, -1.69753459e+02, -3.96992546e+01,
        1.10378296e-01, -3.49219411e+02])
19, array([   4.55385557,    0.60925624, -169.15080122,  -14.60202507,
        -17.13018218, -348.88511302])
20, array([   8.96425635,   -2.11705917, -167.59857058,   13.21486667,
        -33.6251147 , -344.98644701])
21, array([  13.57040344,   -5.70385358, -165.16165224,   41.39355782,
        -47.92390187, -338.44168082])
22, array([  15.39771543,   -9.56452144, -163.32125953,   54.82422335,
        -60.6692605 , -330.12832497])
23, array([  14.00409407,  -14.69783149, -160.82969622,   62.12365394,
        -75.99803832, -323.18700583])
24, array([  10.26102097,  -16.87635908, -159.23128797,   51.43148757,
        -83.18713516, -317.05105782])
25, array([   2.73131769,  -18.64583784, -157.89436627,   24.77102917,
        -85.00618187, -313.67145607])
26, array([  -2.83543582,  -18.59283075, -157.52244259,   -4.1552587 ,
        -83.95187814, -313.44016698])
27, array([  -9.17506984,  -18.08693866, -157.91646876,  -30.48037951,
        -82.06681149, -315.5344705 ])
28, array([ -12.29035138,  -16.3963125 , -159.38861276,  -53.50081217,
        -75.68840051, -317.73841132])
29, array([ -14.87258114,  -12.49360732, -161.00594137,  -75.00667793,
        -64.7916704 , -322.79037938])
30, array([ -16.09190376,   -8.067581  , -163.07767344,  -89.41535039,
        -52.5105949 , -329.12177605])
31, array([ -15.72556294,   -3.55149041, -165.56749386,  -93.95471268,
        -39.88694466, -336.47098426])
32, array([ -13.55080241,    0.62140759, -168.43908751,  -85.85264795,
        -27.96249029, -344.57638694])
33, array([  -9.34486587,    4.01785615, -171.65613929,  -62.33703935,
        -17.77900245, -353.17636701])
34, array([  -2.88499704,    6.20459841, -175.18233408,  -20.63577001,
        -10.37825175, -362.0093074 ])
