0, array([-1.52521900e+00,  1.39696278e+01, -1.75673231e+02, -2.34904788e+01,
        1.45575558e-01, -3.60722308e+02])
1, array([   7.80415224,   15.24344184, -173.76820135,    3.16356351,
          4.04583756, -359.66252536])
2, array([  15.93526589,   16.74616204, -171.05961178,   26.97227457,
         10.02061524, -356.90540289])
3, array([  22.44168651,   18.62253573, -167.99261765,   47.1083909 ,
         18.33293743, -352.87489189])
4, array([  27.37343928,   20.3642109 , -165.0339521 ,   62.94831534,
         26.93997724, -348.15046321])
5, array([  31.1656505 ,   21.23631394, -162.71684782,   75.35528903,
         32.46921432, -343.72549641])
6, array([  31.34270687,   23.73802691, -160.93851795,   76.11495852,
         42.5804417 , -340.9754684 ])
7, array([  28.65605022,   28.46759719, -158.94428024,   67.34515573,
         60.31338715, -339.05350226])
8, array([  23.46241848,   34.70331318, -156.52972231,   50.23036152,
         84.06531429, -336.63743022])
9, array([  14.66167794,   40.15656403, -155.02254236,   22.47148039,
        104.83492898, -335.28552871])
10, array([   5.42556482,   42.4655576 , -154.77874202,   -6.51399219,
        114.95307184, -334.71798218])
11, array([  -3.76296569,   40.43214223, -156.48849279,  -35.19851209,
        109.62394254, -336.09120104])
12, array([ -11.1530511 ,   35.46495919, -159.08341158,  -58.18613582,
         93.16942385, -338.62476089])
13, array([ -17.31899397,   29.32432043, -161.6920864 ,  -77.22748881,
         71.77389713, -340.98242654])
14, array([ -19.1263104 ,   24.24579106, -164.00312521,  -81.13899607,
         56.2122733 , -344.03518248])
15, array([ -18.55266973,   20.1009097 , -165.98843682,  -76.90138851,
         44.36739535, -347.5380913 ])
16, array([ -14.7085137 ,   15.85015308, -167.96312402,  -61.51828449,
         31.34636569, -351.97499239])
17, array([  -7.62480971,   10.48073982, -169.07332812,  -34.90627706,
         12.73667294, -354.48031003])
18, array([ 9.93732804e-02,  4.28776522e+00, -1.69133236e+02, -6.30089368e+00,
       -9.52984802e+00, -3.54069522e+02])
19, array([   8.01662831,   -1.76397648, -166.90168868,   22.15665035,
        -30.76943697, -348.55501722])
20, array([  13.51718873,   -6.74950907, -163.66113201,   41.1447564 ,
        -46.59448395, -341.1696442 ])
21, array([  17.18027652,  -10.84999684, -160.03255195,   52.97247597,
        -58.35567967, -333.60648943])
22, array([  15.46279382,  -14.69534079, -156.05052944,   44.83345287,
        -74.14701161, -325.74027944])
23, array([  11.88376151,  -18.25640335, -152.34088034,   30.80311053,
        -90.25002825, -317.84896283])
24, array([   5.33444494,  -20.42442398, -149.66124257,    7.71565793,
       -102.16311951, -311.63378816])
25, array([  -2.15976756,  -19.92051252, -149.21760169,  -18.00800361,
       -103.53950051, -309.66386787])
26, array([  -9.84657714,  -17.00986519, -150.42271479,  -44.16290491,
        -95.15192123, -311.18831408])
27, array([ -16.11885788,  -11.59688756, -153.67853405,  -65.63639578,
        -76.46355761, -317.48953217])
28, array([ -20.73621611,   -5.92622547, -157.10905186,  -81.61161968,
        -55.85682368, -324.43182327])
29, array([ -23.4139932 ,   -1.13398961, -160.20074213,  -91.13186272,
        -37.97855551, -330.75248635])
30, array([ -22.19490648,    0.80497659, -162.73539026,  -87.45673735,
        -31.53607482, -335.73570908])
31, array([ -19.55785394,    2.67073742, -165.76035976,  -79.00558772,
        -25.80327192, -341.75229286])
32, array([ -14.4470227 ,    4.52003681, -169.25030196,  -62.23314164,
        -20.66093998, -348.96080327])
33, array([  -9.1893095 ,    6.52328023, -172.32234622,  -44.98651842,
        -15.08755628, -355.09520659])
34, array([  -3.70938793,    8.54812272, -174.96942352,  -27.01566325,
         -9.5881498 , -360.12902493])
