0, array([  -5.00893193,   19.69941366, -170.87862737,  -22.33895512,
        -18.0667008 , -358.08690513])
1, array([  -4.52279897,   16.26667393, -174.24227808,  -24.28291829,
         -5.78368565, -358.69497775])
2, array([  -1.98783655,   13.82743452, -175.72907084,  -20.03530198,
          1.21160204, -358.22768846])
3, array([   2.08007029,   12.33511901, -175.64477804,  -10.99048215,
          4.31035818, -356.87335038])
4, array([   7.16503653,   11.74315098, -174.29517207,    1.45716528,
          4.90377868, -354.82027664])
5, array([  12.75117713,   12.00495403, -171.98602533,   15.91326436,
          4.38305943, -352.25678036])
6, array([  18.32260706,   13.07395174, -169.02311022,   30.98343916,
          4.13939634, -349.37117464])
7, array([  22.73110303,   14.41357077, -165.45642984,   44.55879272,
          8.7367184 , -347.53326594])
8, array([  26.13835805,   18.31583077, -162.76951157,   56.89613912,
         16.79455768, -343.78367866])
9, array([  28.46377193,   21.66860684, -159.88669628,   61.65867267,
         26.89837848, -340.2472217 ])
10, array([  28.89950065,   24.64821131, -158.04181512,   65.42526063,
         41.4777793 , -337.34658218])
11, array([  27.51050756,   29.25612861, -157.06344564,   63.36998063,
         60.07419731, -334.89468963])
12, array([  23.6723641 ,   33.93586705, -157.22198581,   55.53282447,
         75.65738121, -332.24516474])
13, array([  18.22178362,   36.21542817, -158.24131028,   37.50994994,
         80.0082435 , -331.91071878])
14, array([  11.06263615,   36.81221821, -158.54400518,   16.86995952,
         85.03451161, -331.82450486])
15, array([   4.37855187,   35.88512159, -160.22044704,   -4.46628748,
         80.38673346, -333.02958596])
16, array([  -2.7908228 ,   35.0279002 , -161.7033088 ,  -26.52037471,
         75.98624945, -334.28632517])
17, array([  -8.95811056,   31.24333231, -163.78137973,  -46.32498254,
         57.29065249, -336.89487272])
18, array([ -14.22744124,   24.55105521, -162.86292518,  -67.15934372,
         41.14771232, -340.95908783])
19, array([ -18.43706606,   19.20922845, -162.63362444,  -78.55643277,
         28.43100424, -343.82673745])
20, array([ -20.36304676,   12.68875775, -162.54502828,  -79.80763789,
         10.4854293 , -342.92093296])
21, array([ -22.65496687,    6.40319736, -161.46884124,  -78.39606338,
         -6.31326624, -340.72557495])
22, array([-2.29844003e+01, -9.23953690e-02, -1.61249866e+02, -7.27101019e+01,
       -2.24785649e+01, -3.36061478e+02])
23, array([ -20.35541069,   -4.62993819, -161.34959362,  -64.12848669,
        -35.50760158, -329.22625607])
24, array([ -15.7557822 ,   -9.87071817, -159.74547895,  -50.52974912,
        -54.57193789, -323.33513365])
25, array([ -10.18426126,  -14.11339522, -158.23294103,  -35.75090561,
        -73.6640665 , -319.63183573])
26, array([  -4.5062126 ,  -14.92325816, -157.43388783,  -21.56331425,
        -79.41930393, -317.16143502])
27, array([   1.82502838,  -14.21423665, -157.83435921,   -3.5730945 ,
        -80.77099814, -316.47936161])
28, array([   9.33602909,  -11.40784178, -158.56666596,   14.102676  ,
        -77.46913845, -317.78998369])
29, array([  14.28117152,  -11.25923923, -159.78049288,   27.95221395,
        -70.42030595, -321.49313083])
30, array([  18.24238306,   -7.98228148, -159.70144211,   36.35355378,
        -52.87437363, -328.30981001])
31, array([  19.87072479,   -2.14845271, -161.56085854,   42.88267692,
        -34.96487276, -334.462652  ])
32, array([  19.15427129,    2.88846281, -163.52568018,   45.63408819,
        -18.73206721, -340.0762326 ])
33, array([  17.38531327,    6.34290319, -166.28206688,   45.3696371 ,
         -6.10730952, -345.44676921])
34, array([  14.97499026,    8.8701822 , -169.51476637,   35.26743948,
          2.11700058, -349.67184464])
35, array([  12.36550505,   10.55653766, -172.45013244,   22.7162178 ,
          7.84178714, -353.34957959])
36, array([   9.95649602,   11.29138693, -174.72597031,    9.18573356,
         11.02384339, -356.41455069])
37, array([   8.14760154,   10.96414741, -175.9800852 ,   -3.85425172,
         11.61996262, -358.80133459])
38, array([   7.33845999,    9.46423644, -175.85028234,  -14.93397653,
          9.58693807, -360.44450793])
39, array([   7.92870974,    6.68107142, -173.97436694,  -22.58367934,
          4.88156302, -361.27864735])
