0, array([  13.79403554,   12.35536341, -174.59503844,   30.25838393,
         27.86226876, -357.44455568])
1, array([  20.11415286,   12.41320121, -173.56488551,   35.31200521,
         18.61937923, -357.47710099])
2, array([  25.09780798,   14.16542236, -171.42551701,   41.57604557,
         17.7917841 , -355.10155733])
3, array([  28.65274599,   17.18288331, -168.47406522,   47.96818189,
         23.60036471, -350.94465585])
4, array([  30.686712  ,   21.0364405 , -165.00766241,   53.40609109,
         34.26600236, -345.63312766])
5, array([  31.1074511 ,   25.29695035, -161.32344087,   56.80745006,
         48.00957838, -339.79370391])
6, array([  29.82270842,   29.5352693 , -157.71853287,   57.0899357 ,
         63.05197406, -334.05311571])
7, array([  25.76077853,   33.08971349, -154.54945153,   49.70643575,
         76.28511498, -329.74879389])
8, array([  18.70529707,   34.6834216 , -151.98017914,   36.96340366,
         84.65602404, -327.78442202])
9, array([  13.30777249,   35.59716309, -151.40082091,   19.03114134,
         91.77226987, -326.69640832])
10, array([   3.7292861 ,   36.03376687, -151.75208497,   -3.12935242,
         93.1221397 , -327.1961998 ])
11, array([  -4.52629422,   34.66845432, -152.81434535,  -36.41114659,
         93.24978936, -329.50545752])
12, array([ -14.34056701,   32.31957271, -154.90197594,  -55.87915789,
         91.52133862, -332.91474463])
13, array([ -20.05568402,   28.23690691, -158.05660394,  -66.55314723,
         77.52912993, -336.7881215 ])
14, array([ -19.46194802,   23.83750443, -161.6211284 ,  -71.47195239,
         58.53169169, -341.90964897])
15, array([ -16.5766737 ,   18.97197909, -165.01316383,  -69.14372291,
         40.49832019, -346.47738883])
16, array([ -12.34438385,   14.055039  , -166.85051867,  -59.01428171,
         23.9196668 , -349.72669361])
17, array([  -3.66339934,    9.43648138, -167.84742081,  -36.09741891,
          6.34275405, -350.46824955])
18, array([   4.14200068,    6.85290876, -168.90920969,  -14.67411201,
         -6.84498887, -348.87517182])
19, array([  11.56231215,    2.43229508, -167.34306287,   11.6852969 ,
        -21.47821033, -347.14795823])
20, array([  17.63463257,   -2.3611533 , -166.88683153,   32.47548035,
        -34.77818284, -343.20253929])
21, array([  22.83960158,   -6.3787076 , -165.18914763,   43.25838375,
        -48.13863826, -337.09341747])
22, array([  21.74422951,   -9.39958687, -162.30746772,   50.34210999,
        -60.00856072, -330.94786427])
23, array([  18.48410845,  -12.7816518 , -160.52743193,   41.02946503,
        -69.49300167, -322.88831151])
24, array([  11.04520078,  -15.02996531, -157.98337394,   37.3585038 ,
        -75.38175739, -318.52321398])
25, array([   6.73305994,  -15.94591381, -156.8009351 ,   24.18013746,
        -80.82060847, -315.30861732])
26, array([   0.46304432,  -15.94542718, -156.24366775,    1.99901096,
        -83.39351609, -315.28414094])
27, array([  -6.86294402,  -14.79353907, -156.8506781 ,  -19.52494385,
        -81.13779013, -315.86993572])
28, array([ -12.11806265,  -12.97732613, -157.81340413,  -39.91209089,
        -77.67052342, -319.33801435])
29, array([ -15.80900682,   -9.62982407, -159.96028876,  -54.4387495 ,
        -67.48896428, -324.37744769])
30, array([ -17.68617745,   -5.82040398, -162.64471976,  -64.59531237,
        -55.32072313, -330.17712332])
31, array([ -17.31614298,   -1.84004986, -165.72176771,  -69.18227263,
        -42.13849371, -336.27242111])
32, array([ -14.26547183,    2.02025429, -169.04650322,  -67.00012344,
        -28.91496975, -342.19872087])
33, array([  -8.10073244,    5.46952447, -172.47399685,  -56.84935796,
        -16.62284499, -347.49140246])
34, array([   1.61150678,    8.21677667, -175.8593192 ,  -37.53046934,
         -6.23481315, -351.68584572])
