0, array([   3.42651645,   22.14330414, -169.57418898,   -3.22354422,
          8.55800439, -360.21926145])
1, array([   0.8675324 ,   25.18749119, -169.21130121,  -11.17590392,
         17.25028719, -360.34625051])
2, array([ 2.13228564e-01,  2.47276207e+01, -1.69927117e+02, -1.40750815e+01,
        1.66755388e+01, -3.60531941e+02])
3, array([   1.24418941,   21.55772158, -171.40071131,  -12.34831845,
          8.83378976, -360.76934978])
4, array([ 3.97798740e+00,  1.78860301e+01, -1.72116328e+02, -4.95599532e+00,
       -3.18277684e-01, -3.60346602e+02])
5, array([   9.32252012,   14.54867147, -170.66680241,   10.79675059,
         -7.60189057, -358.01376822])
6, array([  15.83477314,   12.26548588, -167.74339302,   30.30388504,
        -10.70374401, -354.16373188])
7, array([  21.79397007,   12.68095304, -164.12253996,   48.10896987,
         -5.27395404, -349.83196885])
8, array([  26.68738434,   14.85875609, -160.72188427,   62.71551917,
          5.36489089, -344.59313022])
9, array([  30.12925134,   17.37401918, -158.20009298,   72.86261696,
         16.62889785, -339.70243545])
10, array([  31.34270687,   20.71056712, -156.10112409,   76.11495852,
         29.80418748, -335.31386118])
11, array([  28.76531011,   26.61721935, -153.67271219,   67.98572795,
         50.76675842, -330.47840419])
12, array([  24.29062632,   33.47122382, -151.62498653,   53.92934228,
         76.27475535, -324.97652407])
13, array([  18.03571585,   39.71087204, -150.98288511,   34.24196108,
        101.78417933, -319.8494743 ])
14, array([  10.07617202,   41.58355296, -152.83557076,    9.6523758 ,
        113.47194506, -319.17539245])
15, array([   2.1105408 ,   39.78596861, -156.09138865,  -14.94662816,
        111.82281995, -321.55468544])
16, array([  -5.65228102,   35.00126078, -159.94501785,  -38.86059537,
         98.22083669, -326.32298871])
17, array([ -12.71278109,   28.21486488, -163.06286414,  -60.17368881,
         74.53635377, -332.77254416])
18, array([ -18.0716261 ,   21.36196408, -164.45346047,  -76.24545504,
         49.38645286, -337.59542931])
19, array([ -21.90331709,   15.45704328, -164.77493682,  -87.48426813,
         27.1532383 , -340.61630618])
20, array([ -23.40877335,   10.84140889, -164.55784697,  -91.13186272,
          9.58481664, -342.31498957])
21, array([ -23.4139932 ,    7.07356561, -163.9969427 ,  -89.1090024 ,
         -6.08494161, -342.42219538])
22, array([ -22.30397318,    3.06088894, -163.12471157,  -83.40301131,
        -23.49523607, -340.99003058])
23, array([ -19.85629452,   -1.83348883, -161.6357449 ,  -73.68847893,
        -43.61908995, -336.63097701])
24, array([ -15.72947469,   -7.7341903 , -160.13795124,  -57.94965389,
        -65.06824227, -328.88116804])
25, array([ -10.44718002,  -13.72341566, -158.509285  ,  -38.48945019,
        -85.30051369, -320.10374613])
26, array([  -4.03506366,  -18.85885448, -156.92670893,  -15.53474813,
       -100.73452895, -312.03468445])
27, array([   2.72672108,  -20.42906803, -156.62705998,    8.15302237,
       -102.85709798, -309.82427691])
28, array([   9.14450001,  -19.27386469, -156.98630788,   29.40050071,
        -94.86198021, -311.45232488])
29, array([  14.97746806,  -15.86239119, -157.98407312,   47.5906882 ,
        -79.507462  , -315.97844332])
30, array([  18.97136677,  -10.68455602, -160.23322105,   58.72489106,
        -61.06792571, -322.34633628])
31, array([  20.9546723 ,   -5.72906368, -162.65796202,   62.75034774,
        -46.65982133, -328.37218105])
32, array([  21.43028448,   -1.22864861, -165.21752165,   61.70339058,
        -35.29701072, -334.37813985])
33, array([  20.21082204,    2.54175128, -167.9986536 ,   55.56910114,
        -26.40122589, -340.8199395 ])
34, array([  18.06064793,    5.81071448, -170.69581837,   46.55946751,
        -18.54367393, -347.2880857 ])
35, array([  15.51887113,    8.59372511, -172.99456737,   36.42184642,
        -11.4009528 , -353.26157874])
36, array([  12.72997602,   10.49116473, -174.43501716,   25.66487728,
         -6.30208369, -357.75557287])
37, array([  10.24214958,   11.36931901, -175.35648222,   17.09881991,
         -3.97906874, -359.68550198])
38, array([   8.18258552,   12.06021008, -175.74469145,   10.15553806,
         -2.42521784, -360.65475268])
39, array([   6.67210505,   12.64478759, -175.54062252,    5.11362911,
         -1.54086897, -360.83423141])
