0, array([   3.80913422,   17.51813673, -173.86475184,   -7.3699588 ,
         16.75833638, -360.63494394])
1, array([   0.50350698,   19.57352191, -173.81702037,  -14.20972331,
         24.02648102, -360.63158297])
2, array([   0.48215516,   18.81908549, -174.6192363 ,  -15.5320745 ,
         22.43281932, -360.81620791])
3, array([   2.73048529,   16.74714661, -175.5389183 ,  -12.25323634,
         16.38836343, -360.99847853])
4, array([   6.6668886 ,   14.47383288, -175.8051271 ,   -4.57841563,
          9.35615759, -360.86600834])
5, array([  13.84573571,   12.62067402, -174.2736824 ,   11.96490109,
          3.49257424, -359.69412724])
6, array([  19.53490693,   13.03361337, -172.06121604,   27.19980879,
          4.76536908, -357.49809473])
7, array([  24.56202132,   14.68655892, -169.21730998,   42.20435511,
         10.46866757, -354.31193256])
8, array([  28.95445514,   16.83501135, -166.04206509,   56.4775591 ,
         18.94279264, -350.32580097])
9, array([  31.34270687,   19.3843634 , -163.22891412,   65.64786669,
         29.64577857, -346.6069222 ])
10, array([  30.30575835,   23.75731585, -160.900664  ,   65.95644916,
         44.50167173, -343.789688  ])
11, array([  26.99875253,   29.71525668, -158.38650872,   59.57785185,
         63.60081969, -341.44940218])
12, array([  21.81715942,   36.0777654 , -155.96339829,   46.62113298,
         86.37649827, -339.06026504])
13, array([  15.42273408,   40.67781047, -154.62889776,   27.71480973,
        107.18310277, -336.78834266])
14, array([   7.80979292,   41.46955367, -154.64653639,    5.20995452,
        114.14427642, -336.12143931])
15, array([ 8.29427095e-02,  3.92476972e+01, -1.54889142e+02, -1.69706666e+01,
        1.08676747e+02, -3.37392420e+02])
16, array([  -7.04596458,   34.52337683, -155.74613273,  -37.85765489,
         93.90856188, -340.09522534])
17, array([ -13.31449039,   28.18368303, -157.31370577,  -57.33039331,
         73.30508397, -343.33904703])
18, array([ -18.01995196,   21.83276245, -158.81801826,  -71.99091279,
         51.49656419, -345.68754005])
19, array([ -20.94004861,   16.66910701, -159.73715864,  -81.360998  ,
         32.22954128, -346.85081509])
20, array([ -22.67386372,   12.41697906, -159.98693503,  -87.47023372,
         16.18577416, -346.79290644])
21, array([ -23.4139932 ,    8.4727443 , -159.54591691,  -91.00091177,
          2.34181665, -345.70767403])
22, array([ -22.90131298,    4.01011851, -158.14311179,  -91.13186272,
        -10.73106626, -343.59394205])
23, array([ -21.44535984,   -1.15051289, -156.06925659,  -87.08867676,
        -25.59340137, -340.04293865])
24, array([ -18.74686682,   -6.96199429, -153.74435377,  -78.91383978,
        -43.72414645, -334.87771006])
25, array([ -14.84991449,  -12.90714042, -151.56239221,  -65.86177537,
        -65.2939322 , -327.75309691])
26, array([ -10.11498854,  -17.66295534, -150.1894849 ,  -47.78867427,
        -87.36911044, -319.63130875])
27, array([  -4.23488033,  -19.31823343, -150.41058925,  -25.21123482,
       -101.22214682, -313.68231163])
28, array([   2.26394505,  -18.11322748, -152.49757885,   -1.56268342,
       -103.91609785, -310.33243953])
29, array([   8.94581842,  -14.06345993, -155.7468235 ,   21.67784426,
        -94.8672443 , -310.557612  ])
30, array([  15.67836182,   -7.59526202, -159.43493678,   44.00292253,
        -75.64384191, -314.43629124])
31, array([ 2.16285298e+01,  2.27317061e-01, -1.63020924e+02,  6.15110638e+01,
       -5.20209441e+01, -3.20928637e+02])
32, array([  26.22391972,    6.76117982, -165.11026897,   72.17969555,
        -32.35035935, -327.23206847])
33, array([  29.26038782,   11.24089433, -165.99610942,   76.11495852,
        -19.18853762, -332.26254243])
34, array([  30.64851573,   14.20450596, -166.3086526 ,   73.6689    ,
        -10.37173665, -336.95729103])
35, array([  29.96035873,   16.50818383, -166.74803458,   65.2622235 ,
         -3.37177129, -342.12189992])
36, array([  28.61513198,   18.38028086, -167.25756521,   55.24369526,
          3.46706981, -347.19661951])
37, array([  26.82540169,   19.99789555, -168.05606411,   44.94396064,
          9.73858675, -351.78113389])
38, array([  24.7674324 ,   21.26914249, -169.02312233,   34.87302503,
         14.82513093, -355.55431227])
39, array([  22.7677831 ,   22.01249355, -169.85764027,   26.1023049 ,
         18.04196456, -358.12663386])
