0, array([  -3.87572006,   11.5400749 , -175.49006802,  -20.54823574,
        -13.13026674, -359.2005465 ])
1, array([  -1.78335423,   12.54095323, -174.70554783,  -14.92743647,
        -10.92875518, -359.05361681])
2, array([   2.69498213,   14.72547207, -174.69540889,   -6.06165557,
         -7.51954496, -359.41390413])
3, array([   9.84015538,   19.434112  , -171.16718693,   11.06620723,
          4.65364681, -357.50215478])
4, array([  18.50301624,   24.58009528, -165.27945958,   33.0690547 ,
         22.86896413, -351.56789717])
5, array([  26.50613457,   27.79886522, -159.36573611,   54.72190783,
         42.22753217, -341.96950536])
6, array([  31.17849811,   28.31048767, -156.40109196,   66.7321571 ,
         58.54804784, -333.07870204])
7, array([  31.34270687,   29.9054751 , -155.40069735,   64.51060476,
         77.75507842, -326.73950298])
8, array([  26.93629087,   32.93421698, -156.57757334,   52.26018062,
         95.28732331, -324.86253747])
9, array([  19.08633162,   33.29421738, -161.78436234,   33.27770395,
         98.22804328, -330.96537265])
10, array([   9.61032844,   31.10518176, -166.90956791,   12.60944274,
         86.96911642, -342.11728337])
11, array([-1.41820098e-01,  2.82938607e+01, -1.68917446e+02, -6.85746743e+00,
        7.31557168e+01, -3.51634417e+02])
12, array([  -8.57785506,   26.80458689, -166.91464455,  -25.30927276,
         68.40239329, -351.64773746])
13, array([ -14.50247547,   26.2680881 , -163.70597858,  -49.86891163,
         69.18253506, -343.73946258])
14, array([ -17.97968618,   24.5805462 , -162.30338807,  -73.25694776,
         62.24077621, -335.34129548])
15, array([ -18.62743772,   21.35464563, -163.80354398,  -88.72362571,
         47.31426218, -333.03057514])
16, array([ -15.9636274 ,   17.03915362, -167.28339841,  -91.13186272,
         34.39985373, -335.4642933 ])
17, array([ -11.51913839,   11.55669369, -171.32767235,  -78.28325401,
         24.97171536, -342.35087055])
18, array([  -8.35525695,    5.43398931, -173.67119776,  -57.85433368,
         11.43430655, -352.49256125])
19, array([-8.13907284e+00,  6.29330407e-02, -1.72772438e+02, -4.20499814e+01,
       -1.81430531e+00, -3.59144659e+02])
20, array([ -11.25782084,   -3.60924986, -168.42794904,  -42.55419323,
        -14.33897085, -359.53489078])
21, array([ -16.39916866,   -5.32332321, -162.82540726,  -53.55752217,
        -29.6948283 , -352.09450022])
22, array([ -21.0052091 ,   -5.58613392, -158.10151265,  -68.36123494,
        -44.55761119, -341.34871791])
23, array([ -23.4139932 ,   -5.53164432, -155.35217119,  -79.16094479,
        -56.02562185, -331.6861641 ])
24, array([ -21.99885847,   -7.47083972, -153.6788829 ,  -77.51059057,
        -68.1845175 , -325.98021661])
25, array([ -17.80356991,   -9.59842488, -154.1993279 ,  -66.29418169,
        -78.09648828, -325.39869644])
26, array([ -11.46785702,  -10.8579274 , -157.33254086,  -51.35893127,
        -76.76526557, -331.86497274])
27, array([  -4.20621983,  -11.78455481, -161.05557751,  -34.08435447,
        -68.69525401, -342.17429488])
28, array([   2.40745672,  -13.18657163, -162.16962355,  -17.16783474,
        -64.31468732, -348.43880833])
29, array([   8.03529153,  -16.06811828, -159.70149193,   -0.75698092,
        -72.50050461, -344.59768611])
30, array([  13.4260566 ,  -18.46343474, -154.24308   ,   18.87061743,
        -86.79124556, -332.13888175])
31, array([  18.99932658,  -17.24985415, -151.24672341,   41.83434209,
        -91.12262607, -319.46622824])
32, array([  23.80928422,  -12.28914691, -152.69918877,   60.41178453,
        -77.06147789, -315.70930674])
33, array([  27.84619799,   -6.28786285, -156.11109492,   71.96317409,
        -55.3721555 , -319.51059035])
34, array([  29.60375529,   -1.94651295, -159.9400183 ,   76.11495852,
        -38.32076164, -325.89288159])
35, array([  27.2838309 ,    0.62097189, -163.91986661,   69.54734059,
        -28.23355169, -333.49333502])
36, array([  20.56234031,    2.46236105, -168.69954593,   51.29491449,
        -21.36354225, -343.03893142])
37, array([  12.65011354,    4.45736729, -171.49694132,   31.09297158,
        -14.82413042, -350.95854999])
38, array([   5.45681719,    6.46688207, -173.81307581,   14.03607917,
         -9.24210335, -355.54642506])
39, array([-3.63799736e-02,  7.59969210e+00, -1.75081162e+02,  1.51062126e+00,
       -5.77247104e+00, -3.58050622e+02])
