0, array([  -1.01145645,   13.7399858 , -174.73825997,   -7.56799143,
          6.46897874, -359.00847523])
1, array([   1.44025949,   14.52778929, -174.40023141,   -2.39745512,
          7.71625066, -358.72600653])
2, array([   6.84875316,   16.58460069, -173.31733901,    9.81705457,
         11.3112255 , -357.61490137])
3, array([  14.48205303,   20.72556251, -169.53603939,   29.31846093,
         22.83976919, -353.17435282])
4, array([  22.45041872,   24.82743628, -164.34670761,   50.22123982,
         37.73842189, -346.06153493])
5, array([  28.70557991,   27.18635612, -160.00069941,   66.36789854,
         51.84308893, -338.62368107])
6, array([  30.78902684,   29.08374398, -157.71867428,   70.82543398,
         66.28598881, -333.7406873 ])
7, array([  28.15341833,   32.47352777, -157.24250061,   62.50253175,
         83.61733908, -332.22997052])
8, array([  22.26714763,   35.09161267, -159.01155813,   45.85692754,
         94.4238172 , -335.18928475])
9, array([  14.57257829,   35.44886053, -162.68775556,   25.0311685 ,
         93.45519549, -342.30772169])
10, array([   6.49384821,   34.16216559, -166.11169897,    3.1352332 ,
         85.35418591, -349.97815824])
11, array([  -0.99037696,   32.72174192, -167.23222374,  -18.71948383,
         79.01485316, -352.76913296])
12, array([  -7.29273935,   31.80504953, -166.01123376,  -42.36322035,
         76.64552966, -348.73926436])
13, array([ -12.18334498,   30.26426392, -164.53125168,  -66.33370786,
         71.09161496, -341.89031447])
14, array([ -15.14788484,   26.8461497 , -164.54280565,  -83.71431222,
         58.99127095, -337.79103739])
15, array([ -15.52220222,   22.17085514, -165.90968802,  -88.85666649,
         47.09017019, -338.07284791])
16, array([ -13.67999582,   16.81651382, -168.15016872,  -80.21940037,
         38.62042728, -342.15795707])
17, array([ -11.16253166,   10.87295752, -170.2815736 ,  -62.21193672,
         27.58201955, -349.31070959])
18, array([  -9.92868882,    4.89737858, -170.81811605,  -44.50300639,
         13.33022771, -356.03120829])
19, array([-1.12309413e+01,  1.05731004e-01, -1.68866691e+02, -3.69677225e+01,
       -7.80645285e-01, -3.58009294e+02])
20, array([ -14.91461367,   -2.80508938, -164.87070916,  -44.05766727,
        -16.18442872, -353.98104402])
21, array([ -19.42010479,   -4.11298611, -160.56268108,  -58.04421694,
        -33.39069053, -345.51843153])
22, array([ -22.4568616 ,   -4.67233281, -157.40630932,  -70.16492618,
        -48.76414406, -336.32460576])
23, array([ -22.39389194,   -6.09318453, -155.71324664,  -73.3812832 ,
        -62.21050654, -329.47524791])
24, array([ -19.07862352,   -8.43746294, -155.59217664,  -65.33887291,
        -73.84427936, -326.4695676 ])
25, array([ -13.65258729,  -10.26826318, -157.36115209,  -49.98473773,
        -77.92409711, -328.84655128])
26, array([  -7.31664206,  -11.43473625, -160.00792314,  -32.15766425,
        -73.28284207, -335.61564015])
27, array([  -1.14972015,  -12.80551031, -161.33838401,  -15.0100191 ,
        -67.19143076, -341.9936176 ])
28, array([   4.31299849,  -15.01092976, -160.01903983,    0.80943659,
        -68.04297965, -342.30748817])
29, array([   9.22376573,  -17.57588935, -156.45394301,   17.07244266,
        -76.91619699, -334.84064798])
30, array([  14.04597416,  -18.25987155, -153.18925174,   34.78599339,
        -84.37972176, -324.4112392 ])
31, array([  18.6020482 ,  -15.76613278, -152.50615383,   51.77498731,
        -81.1109597 , -317.78068427])
32, array([  22.33799849,  -10.96910363, -154.69052423,   64.76524875,
        -66.54794176, -317.97823159])
33, array([  24.24137563,   -5.7586277 , -158.40611196,   70.86028018,
        -48.61450244, -323.09634702])
34, array([  23.27551442,   -1.19461277, -162.7753278 ,   67.57227106,
        -33.98429574, -330.54144921])
35, array([  19.01221671,    3.05750974, -167.36186994,   54.46021028,
        -21.50331411, -339.63966301])
36, array([  12.7632903 ,    7.25226522, -171.34036277,   35.82091928,
         -8.73645607, -348.80347491])
37, array([   6.47028296,   10.91115865, -173.71270232,   17.77385637,
          2.4411886 , -355.24388849])
38, array([   1.51198819,   13.40762363, -174.4958067 ,    3.98946375,
          9.95711614, -358.34070466])
39, array([  -1.45831083,   14.55432968, -174.34082198,   -4.3001198 ,
         13.35874389, -359.21940242])
