[0.16511763786990646,-0.11020028908078483,0.6299203808885805,0.08210005950494108,-0.0428415287341092,-0.2611640147745167] [0.23633487453355148,-0.1213081173399991,0.6097955183405084,0.18145703075657316,-0.03392193068151433,-0.3292791674349802]
[0.23633487453355148,-0.1213081173399991,0.6097955183405084,0.18145703075657316,-0.03392193068151433,-0.3292791674349802] [0.3058347708977504,-0.11697252184211554,0.5974459298850077,0.26764305014314305,-0.014438636022279253,-0.36681274375248574]
[0.3058347708977504,-0.11697252184211554,0.5974459298850077,0.26764305014314305,-0.014438636022279253,-0.36681274375248574] [0.37554220808255284,-0.09538751562674957,0.5933085294353022,0.3400338778221651,0.01666982752551943,-0.37234469179352647]
[0.37554220808255284,-0.09538751562674957,0.5933085294353022,0.3400338778221651,0.01666982752551943,-0.37234469179352647] [0.44353424898161725,-0.053829909093962625,0.5854747873581498,0.4056938692100937,0.06245967845457813,-0.36099270622445]
[0.44353424898161725,-0.053829909093962625,0.5854747873581498,0.4056938692100937,0.06245967845457813,-0.36099270622445] [0.5024595710432829,-0.012752069052768655,0.5716053529297911,0.45893182326685594,0.10710062797281783,-0.34393994435059305]
[0.5024595710432829,-0.012752069052768655,0.5716053529297911,0.45893182326685594,0.10710062797281783,-0.34393994435059305] [0.5453968027476606,0.031233404010237775,0.5626295174258455,0.49021108454979445,0.15763109758864427,-0.32442705709059094]
[0.5453968027476606,0.031233404010237775,0.5626295174258455,0.49021108454979445,0.15763109758864427,-0.32442705709059094] [0.5620495537783673,0.0795328488172864,0.5658711167204178,0.4815305102604619,0.22495727749754696,-0.29962047587687923]
[0.5620495537783673,0.0795328488172864,0.5658711167204178,0.4815305102604619,0.22495727749754696,-0.29962047587687923] [0.5591797711628166,0.13955982566575348,0.5866703035054464,0.44750832548879593,0.3112528350759942,-0.264091746059016]
[0.5591797711628166,0.13955982566575348,0.5866703035054464,0.44750832548879593,0.3112528350759942,-0.264091746059016] [0.5092180166040421,0.241873728012996,0.6432977454749311,0.3623367793497237,0.42815426315030747,-0.19083506073013723]
[0.5092180166040421,0.241873728012996,0.6432977454749311,0.3623367793497237,0.42815426315030747,-0.19083506073013723] [0.42875901760306534,0.3604149801172837,0.6830580015341585,0.25188740081818073,0.5414257471010256,-0.07060575310268113]
[0.42875901760306534,0.3604149801172837,0.6830580015341585,0.25188740081818073,0.5414257471010256,-0.07060575310268113] [0.326741056828233,0.47750456636337,0.6833839141779334,0.12336670024533862,0.639506115236062,0.08313203080887543]
[0.326741056828233,0.47750456636337,0.6833839141779334,0.12336670024533862,0.639506115236062,0.08313203080887543] [0.1955059669190988,0.5465352642678935,0.6197685154220656,-0.019622381329426612,0.6737311691624356,0.2034827530485961]
[0.1955059669190988,0.5465352642678935,0.6197685154220656,-0.019622381329426612,0.6737311691624356,0.2034827530485961] [0.06250554025600316,0.5575337201404476,0.5064014677927435,-0.1586801422561433,0.6511446674276462,0.2612712195848239]
[0.06250554025600316,0.5575337201404476,0.5064014677927435,-0.1586801422561433,0.6511446674276462,0.2612712195848239] [-0.07599973187147538,0.5111373932415896,0.3579780134508894,-0.2981607914095608,0.5761353583542681,0.256330860402449]
[-0.07599973187147538,0.5111373932415896,0.3579780134508894,-0.2981607914095608,0.5761353583542681,0.256330860402449] [-0.193630391461457,0.39509540378887464,0.18397777278112137,-0.4184593617586694,0.44475998979549203,0.1761310649550616]
[-0.193630391461457,0.39509540378887464,0.18397777278112137,-0.4184593617586694,0.44475998979549203,0.1761310649550616] [-0.2939749014092734,0.26231280710276517,0.04202829806776087,-0.5195810852336739,0.30663615097209046,0.082773221347332]
[-0.2939749014092734,0.26231280710276517,0.04202829806776087,-0.5195810852336739,0.30663615097209046,0.082773221347332] [-0.37347550671469903,0.12430841000450299,-0.06033566788646638,-0.5969481590496677,0.17203946731067052,-0.014920994715660996]
[-0.37347550671469903,0.12430841000450299,-0.06033566788646638,-0.5969481590496677,0.17203946731067052,-0.014920994715660996] [-0.4131373047623006,0.00418317365841131,-0.1257806094377436,-0.6226075788477916,0.057657564242580464,-0.06556234073649847]
[-0.4131373047623006,0.00418317365841131,-0.1257806094377436,-0.6226075788477916,0.057657564242580464,-0.06556234073649847] [-0.42797812056760254,-0.09862199717271025,-0.17880563408357375,-0.6181245650600351,-0.04806990039144379,-0.09261162060924288]
[-0.42797812056760254,-0.09862199717271025,-0.17880563408357375,-0.6181245650600351,-0.04806990039144379,-0.09261162060924288] [-0.3989637859458823,-0.21750757564808013,-0.2516955792461033,-0.5607673195191579,-0.1819654709528696,-0.08971175083114691]
[-0.3989637859458823,-0.21750757564808013,-0.2516955792461033,-0.5607673195191579,-0.1819654709528696,-0.08971175083114691] [-0.32304247456041957,-0.36459174124082383,-0.33433095848956107,-0.45459671420844394,-0.3404598894463046,-0.04447593042869613]
[-0.32304247456041957,-0.36459174124082383,-0.33433095848956107,-0.45459671420844394,-0.3404598894463046,-0.04447593042869613] [-0.22077817676507558,-0.533607721207115,-0.38323970876736446,-0.32053013009514353,-0.5084046008704042,0.031057956039131085]
[-0.22077817676507558,-0.533607721207115,-0.38323970876736446,-0.32053013009514353,-0.5084046008704042,0.031057956039131085] [-0.08375349889041159,-0.6729075435884095,-0.34711122786012716,-0.15076751480286732,-0.6272222044136255,0.14806910931042694]
[-0.08375349889041159,-0.6729075435884095,-0.34711122786012716,-0.15076751480286732,-0.6272222044136255,0.14806910931042694] [0.05594685204801639,-0.7393861091418068,-0.24900056246976554,0.020251921174261805,-0.6721563643865013,0.2519691070325294]
[0.05594685204801639,-0.7393861091418068,-0.24900056246976554,0.020251921174261805,-0.6721563643865013,0.2519691070325294] [0.20018073245210177,-0.736719932645266,-0.11121517226783517,0.19523279588753886,-0.6470888774343769,0.3234022634152547]
[0.20018073245210177,-0.736719932645266,-0.11121517226783517,0.19523279588753886,-0.6470888774343769,0.3234022634152547] [0.32544696946422047,-0.6436209902754106,0.007715141394191605,0.3410782325094141,-0.5381792958341791,0.2596530190089865]
[0.32544696946422047,-0.6436209902754106,0.007715141394191605,0.3410782325094141,-0.5381792958341791,0.2596530190089865] [0.4277125079424202,-0.5230560552208718,0.09056790972553053,0.45488281815552595,-0.4097954749827923,0.13600091808160375]
[0.4277125079424202,-0.5230560552208718,0.09056790972553053,0.45488281815552595,-0.4097954749827923,0.13600091808160375] [0.5082887019327362,-0.3906655066388825,0.13831782563092965,0.5375687983604213,-0.280664421509492,-0.016982368491211375]
[0.5082887019327362,-0.3906655066388825,0.13831782563092965,0.5375687983604213,-0.280664421509492,-0.016982368491211375] [0.5348648891678216,-0.28918426034189126,0.1616091122942862,0.5438729390576831,-0.20353794641191356,-0.14351205377873288]
[0.5348648891678216,-0.28918426034189126,0.1616091122942862,0.5438729390576831,-0.20353794641191356,-0.14351205377873288] [0.5358163777454853,-0.210024941028998,0.17535988598292818,0.5211720143980111,-0.1432814812682237,-0.27015483902330484]
[0.5358163777454853,-0.210024941028998,0.17535988598292818,0.5211720143980111,-0.1432814812682237,-0.27015483902330484] [0.49946546629215416,-0.1392734493780359,0.17951304264593304,0.4575676109618162,-0.08504438525356892,-0.42649785184124767]
[0.49946546629215416,-0.1392734493780359,0.17951304264593304,0.4575676109618162,-0.08504438525356892,-0.42649785184124767] [0.43595123532521945,-0.08103657984883156,0.19486741617283165,0.37607222463783685,-0.03400349422217007,-0.5485968242042478]
[0.43595123532521945,-0.08103657984883156,0.19486741617283165,0.37607222463783685,-0.03400349422217007,-0.5485968242042478] [0.3655782249449386,-0.027296887929411262,0.2211239616262084,0.2929031109630553,0.01566660946333908,-0.6395273036252291]
[0.3655782249449386,-0.027296887929411262,0.2211239616262084,0.2929031109630553,0.01566660946333908,-0.6395273036252291] [0.29014759386545846,0.004691671351619575,0.26965932414420557,0.21308371448199845,0.052682284294836346,-0.6633423243330947]
[0.29014759386545846,0.004691671351619575,0.26965932414420557,0.21308371448199845,0.052682284294836346,-0.6633423243330947] [0.2256093516889357,0.013735793098218763,0.32850304217412507,0.15202849772275398,0.06540297714026044,-0.6277298760200436]
[0.2256093516889357,0.013735793098218763,0.32850304217412507,0.15202849772275398,0.06540297714026044,-0.6277298760200436] [0.1684351158856558,0.008227956606346454,0.3965985634635709,0.10216776674900004,0.06401046804154037,-0.5581846690400072]
[0.1684351158856558,0.008227956606346454,0.3965985634635709,0.10216776674900004,0.06401046804154037,-0.5581846690400072] [0.13868380371450748,-0.01592162301828487,0.48744193865179053,0.0800917479368464,0.04904276098468409,-0.46423195701264675]
[0.13868380371450748,-0.01592162301828487,0.48744193865179053,0.0800917479368464,0.04904276098468409,-0.46423195701264675] [0.11885532458277041,-0.035867610559857765,0.5655409797537141,0.06594433937357942,0.03436176925631877,-0.38202248052811694]
[0.11885532458277041,-0.035867610559857765,0.5655409797537141,0.06594433937357942,0.03436176925631877,-0.38202248052811694] [0.10628687258437686,-0.05282858079689007,0.6355623872881662,0.057643776787135434,0.019589125396089625,-0.30734309856358966]
[0.10628687258437686,-0.05282858079689007,0.6355623872881662,0.057643776787135434,0.019589125396089625,-0.30734309856358966] [0.10628687258437686,-0.05282858079689007,0.6355623872881662,0.057643776787135434,0.019589125396089625,-0.30734309856358966]
