[0.0751747931259018,-0.0957347503486071,0.18679667821321821,0.1233095695817682,-0.02109961142238107,-0.6594409148747316] [0.19513297574210065,-0.051771247296509115,0.24663553227006396,0.24604685981454386,0.022604118666282487,-0.5863398420361099]
[0.19513297574210065,-0.051771247296509115,0.24663553227006396,0.24604685981454386,0.022604118666282487,-0.5863398420361099] [0.3104428395117837,-0.006161259976227018,0.3104227831931814,0.3581261090318341,0.066771301909325,-0.500554341805457]
[0.3104428395117837,-0.006161259976227018,0.3104227831931814,0.3581261090318341,0.066771301909325,-0.500554341805457] [0.4228993878289081,0.038784048106250246,0.37549167463379085,0.4573913547420764,0.11094200172966942,-0.4041288986367624]
[0.4228993878289081,0.038784048106250246,0.37549167463379085,0.4573913547420764,0.11094200172966942,-0.4041288986367624] [0.5034918267730601,0.0779154674555933,0.42261257639692396,0.5134920303351509,0.15448202203807462,-0.3214574819311222]
[0.5034918267730601,0.0779154674555933,0.42261257639692396,0.5134920303351509,0.15448202203807462,-0.3214574819311222] [0.5620495537783673,0.10191995452249669,0.44713613841101907,0.5438729390576831,0.1956044314789961,-0.2547585431384718]
[0.5620495537783673,0.10191995452249669,0.44713613841101907,0.5438729390576831,0.1956044314789961,-0.2547585431384718] [0.5517783468650095,0.16619001803570987,0.5180161372233041,0.5011982925371123,0.28316653431879574,-0.1987784571001363]
[0.5517783468650095,0.16619001803570987,0.5180161372233041,0.5011982925371123,0.28316653431879574,-0.1987784571001363] [0.4889473965777914,0.27548645508564684,0.6319972865542365,0.40799693400269377,0.4033550703715041,-0.1300993022126784]
[0.4889473965777914,0.27548645508564684,0.6319972865542365,0.40799693400269377,0.4033550703715041,-0.1300993022126784] [0.3803121791194805,0.4104397646506025,0.7573785329394696,0.271267661419788,0.5350643973580855,-0.045321696766086106]
[0.3803121791194805,0.4104397646506025,0.7573785329394696,0.271267661419788,0.5350643973580855,-0.045321696766086106] [0.21499512380991276,0.5167744576684467,0.807782223999677,0.08435702397179946,0.6324988265796178,0.006032421220074191]
[0.21499512380991276,0.5167744576684467,0.807782223999677,0.08435702397179946,0.6324988265796178,0.006032421220074191] [0.040544135822920685,0.5602384913674786,0.767532834923581,-0.10257172185242365,0.6714252078740225,0.0197750326445556]
[0.040544135822920685,0.5602384913674786,0.767532834923581,-0.10257172185242365,0.6714252078740225,0.0197750326445556] [-0.13840660005223449,0.5155055364866048,0.6180457039101857,-0.27350974256777016,0.6348816878964667,-0.03255963965958841]
[-0.13840660005223449,0.5155055364866048,0.6180457039101857,-0.27350974256777016,0.6348816878964667,-0.03255963965958841] [-0.27777165852815505,0.40893616085810003,0.4397385796392488,-0.388481050811679,0.5571655909796331,-0.11965509818181896]
[-0.27777165852815505,0.40893616085810003,0.4397385796392488,-0.388481050811679,0.5571655909796331,-0.11965509818181896] [-0.3903271108931415,0.2743853056736629,0.28027312336821364,-0.467573497882409,0.46997539368261687,-0.212662585031417]
[-0.3903271108931415,0.2743853056736629,0.28027312336821364,-0.467573497882409,0.46997539368261687,-0.212662585031417] [-0.4063542977671873,0.198017710037954,0.17950935684848623,-0.436739441679071,0.41462237140268404,-0.31938910516185537]
[-0.4063542977671873,0.198017710037954,0.17950935684848623,-0.436739441679071,0.41462237140268404,-0.31938910516185537] [-0.37866753267414827,0.14753859972957684,0.09380448360949778,-0.3637731312498467,0.35465452723918184,-0.43186680364590835]
[-0.37866753267414827,0.14753859972957684,0.09380448360949778,-0.3637731312498467,0.35465452723918184,-0.43186680364590835] [-0.29129855593228576,0.09245971688537252,0.009850031116002356,-0.23426576538893373,0.27207638820327623,-0.5446828580609244]
[-0.29129855593228576,0.09245971688537252,0.009850031116002356,-0.23426576538893373,0.27207638820327623,-0.5446828580609244] [-0.15000852014813731,-0.0050725872910318826,-0.03958147999292372,-0.05947953627846708,0.1542283817674554,-0.5965593369919677]
[-0.15000852014813731,-0.0050725872910318826,-0.03958147999292372,-0.05947953627846708,0.1542283817674554,-0.5965593369919677] [0.0031392008211392477,-0.1336788744479084,-0.05170956373538438,0.12074179342032935,0.02283589988892344,-0.5922730440658563]
[0.0031392008211392477,-0.1336788744479084,-0.05170956373538438,0.12074179342032935,0.02283589988892344,-0.5922730440658563] [0.16663744598182428,-0.26780494313111836,0.009158571345638578,0.29459371992681627,-0.10262397048398096,-0.490700550780244]
[0.16663744598182428,-0.26780494313111836,0.009158571345638578,0.29459371992681627,-0.10262397048398096,-0.490700550780244] [0.29476664311942097,-0.37782861805863516,0.09622696728125923,0.4244148549938196,-0.19315376816768828,-0.35387554481508054]
[0.29476664311942097,-0.37782861805863516,0.09622696728125923,0.4244148549938196,-0.19315376816768828,-0.35387554481508054] [0.3952711581240741,-0.45623147602325,0.18714199911683416,0.5203028440034575,-0.24382939549495347,-0.22210391349081426]
[0.3952711581240741,-0.45623147602325,0.18714199911683416,0.5203028440034575,-0.24382939549495347,-0.22210391349081426] [0.3987693565503224,-0.533619994560024,0.24588024358080318,0.501853608429696,-0.3255580600833663,-0.09617769470452586]
[0.3987693565503224,-0.533619994560024,0.24588024358080318,0.501853608429696,-0.3255580600833663,-0.09617769470452586] [0.3651536179620106,-0.6182189485691751,0.2862585179357229,0.44069801162068467,-0.43370887639313765,0.045515706609401185]
[0.3651536179620106,-0.6182189485691751,0.2862585179357229,0.44069801162068467,-0.43370887639313765,0.045515706609401185] [0.2707303998347645,-0.7047475854955769,0.2897637043594914,0.3101644841902082,-0.5612900462663655,0.2044892852684317]
[0.2707303998347645,-0.7047475854955769,0.2897637043594914,0.3101644841902082,-0.5612900462663655,0.2044892852684317] [0.13827995602081944,-0.7477318823225962,0.23179935079358316,0.13492770954508215,-0.6509042178379292,0.3103540784092891]
[0.13827995602081944,-0.7477318823225962,0.23179935079358316,0.13492770954508215,-0.6509042178379292,0.3103540784092891] [-0.00843125760425293,-0.7390529264078047,0.13917461222797556,-0.0570326887480857,-0.6829823209951462,0.35113029431320975]
[-0.00843125760425293,-0.7390529264078047,0.13917461222797556,-0.0570326887480857,-0.6829823209951462,0.35113029431320975] [-0.14835127648674448,-0.6612395252104615,0.010833487344175552,-0.2414333093193557,-0.630476175006117,0.26254141653384266]
[-0.14835127648674448,-0.6612395252104615,0.010833487344175552,-0.2414333093193557,-0.630476175006117,0.26254141653384266] [-0.26968715008549926,-0.550668805208857,-0.09222384778827575,-0.4041157785499349,-0.5292087086808104,0.12396477256342919]
[-0.26968715008549926,-0.550668805208857,-0.09222384778827575,-0.4041157785499349,-0.5292087086808104,0.12396477256342919] [-0.36804096576838535,-0.425877502908376,-0.15508303516467947,-0.5395794546512296,-0.39786971943298777,-0.034522251147698135]
[-0.36804096576838535,-0.425877502908376,-0.15508303516467947,-0.5395794546512296,-0.39786971943298777,-0.034522251147698135] [-0.4107622186707847,-0.3330021264200294,-0.18283042413976247,-0.5974606270805259,-0.3001421155056012,-0.16228826983536138]
[-0.4107622186707847,-0.3330021264200294,-0.18283042413976247,-0.5974606270805259,-0.3001421155056012,-0.16228826983536138] [-0.42797812056760254,-0.26476470825380277,-0.2078435723262686,-0.6226075788477916,-0.22923527522687973,-0.2675800080044546]
[-0.42797812056760254,-0.26476470825380277,-0.2078435723262686,-0.6226075788477916,-0.22923527522687973,-0.2675800080044546] [-0.38946746611489413,-0.23035133930840707,-0.2669076897270628,-0.5792463178248933,-0.19990209525131794,-0.3832027303205283]
[-0.38946746611489413,-0.23035133930840707,-0.2669076897270628,-0.5792463178248933,-0.19990209525131794,-0.3832027303205283] [-0.32904227039884154,-0.19817403446573778,-0.3011341626588031,-0.5017981002684899,-0.17307366674167346,-0.5045998053734202]
[-0.32904227039884154,-0.19817403446573778,-0.3011341626588031,-0.5017981002684899,-0.17307366674167346,-0.5045998053734202] [-0.2536945990918469,-0.1603072110051382,-0.2971807810815488,-0.40155520596979216,-0.1349323386074512,-0.6278713129149773]
[-0.2536945990918469,-0.1603072110051382,-0.2971807810815488,-0.40155520596979216,-0.1349323386074512,-0.6278713129149773] [-0.2536945990918469,-0.1603072110051382,-0.2971807810815488,-0.40155520596979216,-0.1349323386074512,-0.6278713129149773]
