[-0.032485246342165305,-0.11510990996170786,0.3966034871251223,-0.10162668275072431,-0.0647119771661673,-0.4753908054147775] [0.0008397062345270219,-0.1211355499097615,0.04614500524152021,-0.07068131980242139,-0.04813043373542493,-0.6299228093215623]
[0.0008397062345270219,-0.1211355499097615,0.04614500524152021,-0.07068131980242139,-0.04813043373542493,-0.6299228093215623] [0.0794976977826913,-0.10286604251063736,-0.14551260250831355,0.030102766879914245,-0.02241394883972711,-0.675886859218962]
[0.0794976977826913,-0.10286604251063736,-0.14551260250831355,0.030102766879914245,-0.02241394883972711,-0.675886859218962] [0.20281756321072175,-0.055874413357731634,-0.16557161356482375,0.18350202588745057,0.023493081019833446,-0.620262246477373]
[0.20281756321072175,-0.055874413357731634,-0.16557161356482375,0.18350202588745057,0.023493081019833446,-0.620262246477373] [0.33510967296622013,0.021859053561314012,0.04087749144756714,0.3448033498669384,0.09334615074160596,-0.4466121210339624]
[0.33510967296622013,0.021859053561314012,0.04087749144756714,0.3448033498669384,0.09334615074160596,-0.4466121210339624] [0.42569446604045336,0.10775640211214216,0.3114033770467408,0.45194457427095297,0.17323399476152568,-0.2543153261624127]
[0.42569446604045336,0.10775640211214216,0.3114033770467408,0.45194457427095297,0.17323399476152568,-0.2543153261624127] [0.4416992114169686,0.18438301680702618,0.4705317406864573,0.45964466653854313,0.26437659688477916,-0.13275427245048999]
[0.4416992114169686,0.18438301680702618,0.4705317406864573,0.45964466653854313,0.26437659688477916,-0.13275427245048999] [0.39548091940899577,0.2641027959437061,0.5344291972510549,0.38854471891202047,0.36328765246022116,-0.09090401448182739]
[0.39548091940899577,0.2641027959437061,0.5344291972510549,0.38854471891202047,0.36328765246022116,-0.09090401448182739] [0.30169423161395204,0.3218632190859786,0.4245591390424259,0.2528320440412995,0.4261249360958887,-0.17222814429650857]
[0.30169423161395204,0.3218632190859786,0.4245591390424259,0.2528320440412995,0.4261249360958887,-0.17222814429650857] [0.19061869674924029,0.3530425232454256,0.23744241687234613,0.10685173976126322,0.43387981647292756,-0.32604258262626384]
[0.19061869674924029,0.3530425232454256,0.23744241687234613,0.10685173976126322,0.43387981647292756,-0.32604258262626384] [0.07373799306136344,0.39009017611700647,0.11209129962291087,-0.022337946372020467,0.44463300522817767,-0.395976042223813]
[0.07373799306136344,0.39009017611700647,0.11209129962291087,-0.022337946372020467,0.44463300522817767,-0.395976042223813] [-0.0496833131065234,0.45321675549424323,0.15441081787764865,-0.14521702962725924,0.5016999201373421,-0.29406301620297537]
[-0.0496833131065234,0.45321675549424323,0.15441081787764865,-0.14521702962725924,0.5016999201373421,-0.29406301620297537] [-0.18547768343075335,0.4810276047822165,0.2525232120092591,-0.2733926968388158,0.5731704714315693,-0.053935467811978555]
[-0.18547768343075335,0.4810276047822165,0.2525232120092591,-0.2733926968388158,0.5731704714315693,-0.053935467811978555] [-0.31035459662168746,0.42460550942512354,0.29863349153941243,-0.401547703108195,0.5843221420059082,0.164045174847689]
[-0.31035459662168746,0.42460550942512354,0.29863349153941243,-0.401547703108195,0.5843221420059082,0.164045174847689] [-0.3918956388597649,0.31339446186119646,0.24668198046515144,-0.5002374761116662,0.5138038332415159,0.23325563164240748]
[-0.3918956388597649,0.31339446186119646,0.24668198046515144,-0.5002374761116662,0.5138038332415159,0.23325563164240748] [-0.4072538920994578,0.21855134776098017,0.10870772664677908,-0.5295059475401105,0.41014723401152475,0.13158017130040456]
[-0.4072538920994578,0.21855134776098017,0.10870772664677908,-0.5295059475401105,0.41014723401152475,0.13158017130040456] [-0.3631046372771488,0.14627413587741384,-0.08334179314677215,-0.482701388188434,0.316440464584051,-0.06806892035950085]
[-0.3631046372771488,0.14627413587741384,-0.08334179314677215,-0.482701388188434,0.316440464584051,-0.06806892035950085] [-0.2971059542600113,0.04594427025482656,-0.2768967055841127,-0.39815235783923414,0.19499158763524674,-0.3506888595434665]
[-0.2971059542600113,0.04594427025482656,-0.2768967055841127,-0.39815235783923414,0.19499158763524674,-0.3506888595434665] [-0.27082119243480407,-0.08027414035143049,-0.3753136331460247,-0.35757553922200985,0.05081878363355437,-0.5839241414968583]
[-0.27082119243480407,-0.08027414035143049,-0.3753136331460247,-0.35757553922200985,0.05081878363355437,-0.5839241414968583] [-0.30837513051852106,-0.20703027566760057,-0.3453704484579436,-0.40340680960158665,-0.0753628197614386,-0.6271066110045336]
[-0.30837513051852106,-0.20703027566760057,-0.3453704484579436,-0.40340680960158665,-0.0753628197614386,-0.6271066110045336] [-0.3773262268588743,-0.3054013932209818,-0.22685299622539468,-0.5021869237570985,-0.17054147755913643,-0.5076599098130918]
[-0.3773262268588743,-0.3054013932209818,-0.22685299622539468,-0.5021869237570985,-0.17054147755913643,-0.5076599098130918] [-0.42797812056760254,-0.3674821590287428,-0.1096428307317101,-0.6013444531095447,-0.22493440893371155,-0.356444630137597]
[-0.42797812056760254,-0.3674821590287428,-0.1096428307317101,-0.6013444531095447,-0.22493440893371155,-0.356444630137597] [-0.41429691110883254,-0.4590615422473139,-0.06279594016429435,-0.6226075788477916,-0.2889191929625176,-0.26152065924123225]
[-0.41429691110883254,-0.4590615422473139,-0.06279594016429435,-0.6226075788477916,-0.2889191929625176,-0.26152065924123225] [-0.3343858968826492,-0.5952060547610434,-0.08759463062835593,-0.5459873367393984,-0.42362689437271994,-0.21385863380895653]
[-0.3343858968826492,-0.5952060547610434,-0.08759463062835593,-0.5459873367393984,-0.42362689437271994,-0.21385863380895653] [-0.21355858518918222,-0.6568254686955242,-0.1875280836695996,-0.41675839313509777,-0.5319615259617334,-0.24645674188181133]
[-0.21355858518918222,-0.6568254686955242,-0.1875280836695996,-0.41675839313509777,-0.5319615259617334,-0.24645674188181133] [-0.0845973241486265,-0.6117531510177661,-0.3073132770024962,-0.2858566463849054,-0.5353591417886099,-0.3643423443633189]
[-0.0845973241486265,-0.6117531510177661,-0.3073132770024962,-0.2858566463849054,-0.5353591417886099,-0.3643423443633189] [0.04085230303835257,-0.5222926437006197,-0.34813865754785667,-0.16675692652387383,-0.47613750418883305,-0.5035930479599147]
[0.04085230303835257,-0.5222926437006197,-0.34813865754785667,-0.16675692652387383,-0.47613750418883305,-0.5035930479599147] [0.1534456123220703,-0.4800944519985957,-0.24142668499543518,-0.06748085462249148,-0.4370348823297575,-0.5607902933587852]
[0.1534456123220703,-0.4800944519985957,-0.24142668499543518,-0.06748085462249148,-0.4370348823297575,-0.5607902933587852] [0.25316822845160697,-0.5298657984691779,0.0066915583170512605,0.028273550195799853,-0.4771777307281343,-0.4615031914610679]
[0.25316822845160697,-0.5298657984691779,0.0066915583170512605,0.028273550195799853,-0.4771777307281343,-0.4615031914610679] [0.3520931337797983,-0.604709867807121,0.29793503490847684,0.15265126690002648,-0.5713447051893078,-0.2040853030971137]
[0.3520931337797983,-0.604709867807121,0.29793503490847684,0.15265126690002648,-0.5713447051893078,-0.2040853030971137] [0.4455735247855457,-0.6121746676841837,0.5409837328466267,0.29041944065677516,-0.6097861931678602,0.042812124877117164]
[0.4455735247855457,-0.6121746676841837,0.5409837328466267,0.29041944065677516,-0.6097861931678602,0.042812124877117164] [0.5153999876087568,-0.5261058386582845,0.6094360453842897,0.42241189155284925,-0.518537717155193,0.13140874353614862]
[0.5153999876087568,-0.5261058386582845,0.6094360453842897,0.42241189155284925,-0.518537717155193,0.13140874353614862] [0.5620495537783673,-0.40167341512078014,0.5825832246636056,0.5243088197773792,-0.35702151733606113,0.06854860893660941]
[0.5620495537783673,-0.40167341512078014,0.5825832246636056,0.5243088197773792,-0.35702151733606113,0.06854860893660941] [0.5508379135996766,-0.31056850629256716,0.5196276243504441,0.5438729390576831,-0.23540890136362763,-0.055171209315199476]
[0.5508379135996766,-0.31056850629256716,0.5196276243504441,0.5438729390576831,-0.23540890136362763,-0.055171209315199476] [0.4897025459183031,-0.2386723148512991,0.42263095326879174,0.48175734296794887,-0.15872937444952484,-0.21138819451205038]
[0.4897025459183031,-0.2386723148512991,0.42263095326879174,0.48175734296794887,-0.15872937444952484,-0.21138819451205038] [0.38257520019756286,-0.17057700705166268,0.2997248449463772,0.3525151857652121,-0.0965207953450066,-0.39461947963413646]
[0.38257520019756286,-0.17057700705166268,0.2997248449463772,0.3525151857652121,-0.0965207953450066,-0.39461947963413646] [0.24951224995296128,-0.12510307560542258,0.23230673163473625,0.19433360714173753,-0.05524206974015027,-0.5417479403292775]
[0.24951224995296128,-0.12510307560542258,0.23230673163473625,0.19433360714173753,-0.05524206974015027,-0.5417479403292775] [0.11996720495883718,-0.10382778820163524,0.19738387676009062,0.054236333019588016,-0.045154484454442353,-0.5933694702998489]
[0.11996720495883718,-0.10382778820163524,0.19738387676009062,0.054236333019588016,-0.045154484454442353,-0.5933694702998489] [0.03032148965600369,-0.10807991947643386,0.27173054129322427,-0.04337077176865988,-0.056081210249509975,-0.5678848610832734]
[0.03032148965600369,-0.10807991947643386,0.27173054129322427,-0.04337077176865988,-0.056081210249509975,-0.5678848610832734] [-0.02266158711144672,-0.11477029539838995,0.33216438063790577,-0.09835733295412506,-0.06371935090421646,-0.5269632138455433]
[-0.02266158711144672,-0.11477029539838995,0.33216438063790577,-0.09835733295412506,-0.06371935090421646,-0.5269632138455433] [-0.02266158711144672,-0.11477029539838995,0.33216438063790577,-0.09835733295412506,-0.06371935090421646,-0.5269632138455433]
