0, array([   9.05129986,    6.64384361, -150.90369452,    4.58567554,
        -13.28075579, -329.68852734])
1, array([  11.48393262,    8.07406987, -163.6935369 ,    8.7808834 ,
        -12.7851023 , -349.08417338])
2, array([  20.92734928,   11.60848932, -168.66369999,   27.01116183,
         -5.97211674, -357.0535922 ])
3, array([  34.5372801 ,   16.57710377, -170.33548672,   55.43180887,
          5.99884542, -359.85580981])
4, array([  49.62849665,   24.21023506, -166.62357008,   92.33737675,
         27.00395669, -351.76269278])
5, array([  61.19312028,   34.96396814, -159.60394581,  124.15602101,
         59.87054018, -335.50033191])
6, array([  65.10895877,   46.57055515, -153.20102487,  136.57189717,
         98.84006895, -318.11062657])
7, array([  63.61628709,   55.34870598, -149.94062698,  128.971526  ,
        131.46233919, -307.73980762])
8, array([  58.3868143 ,   57.46783454, -151.14697936,  108.49920175,
        146.06201957, -308.45178378])
9, array([  49.94406778,   52.54677902, -156.18297708,   78.7677854 ,
        140.27589333, -318.84920413])
10, array([  39.83354037,   43.85088031, -162.67175746,   47.40398946,
        120.13540433, -333.52746692])
11, array([  28.65502156,   39.59092656, -167.34138494,   21.70714669,
        106.84014452, -342.19535247])
12, array([  15.2905867 ,   43.96004097, -168.38373224,   -4.4562576 ,
        113.43620884, -339.26762917])
13, array([ 3.16724855e-01,  5.43784482e+01, -1.66610807e+02, -3.46025391e+01,
        1.37162930e+02, -3.25355536e+02])
14, array([ -13.68941777,   64.51445068, -164.31139435,  -62.30808167,
        164.02525879, -304.51111475])
15, array([ -23.84695179,   67.23283613, -163.90139818,  -82.6496074 ,
        174.81062644, -288.7518837 ])
16, array([ -28.31536623,   60.73649934, -166.21670178,  -93.86983196,
        161.69575337, -287.5032467 ])
17, array([ -25.21410086,   45.1390589 , -170.73028395,  -87.03199171,
        123.19046014, -303.76400137])
18, array([ -17.91706106,   24.19004036, -174.64566352,  -70.58733195,
         71.34823034, -327.9397181 ])
19, array([ -12.58781886,    1.92240547, -176.58207333,  -60.94778372,
         18.80462612, -349.35833948])
20, array([ -14.46595487,  -18.90330533, -175.79818271,  -70.22830033,
        -26.77690462, -357.11858508])
21, array([ -22.77227269,  -39.4479188 , -172.11039616,  -94.67092183,
        -69.59190045, -347.33358847])
22, array([ -30.00336596,  -59.64006879, -167.28153714, -117.59907961,
       -114.61304765, -329.39957371])
23, array([ -29.92463541,  -73.62501355, -163.41753394, -120.92886268,
       -153.63400917, -314.90219642])
24, array([ -18.97925484,  -75.77667276, -162.63368641,  -96.6992093 ,
       -171.21951033, -312.88913729])
25, array([  -0.38186426,  -70.53080864, -163.25011156,  -56.43494548,
       -167.62003158, -321.14789015])
26, array([  20.66873841,  -62.61022486, -163.75400464,  -12.1464679 ,
       -152.66961145, -332.39812939])
27, array([  38.49635566,  -58.17468527, -161.99341818,   25.9579185 ,
       -143.20405011, -334.4407475 ])
28, array([  52.84024508,  -59.76111214, -156.72205326,   60.90808111,
       -149.72905623, -323.57317684])
29, array([  65.2943654 ,  -64.03465219, -150.18157083,   96.47360934,
       -167.34026873, -304.72508443])
30, array([  74.36792406,  -62.42173786, -146.47622593,  126.63658444,
       -172.41543608, -292.27194796])
31, array([  77.88540672,  -50.5800606 , -147.39772191,  143.3086279 ,
       -150.43389344, -293.97997734])
32, array([  76.4026513 ,  -34.53474455, -151.58509175,  146.34046102,
       -111.330082  , -307.12692859])
33, array([  69.59245511,  -18.92724219, -157.45415326,  134.98362303,
        -70.57911189, -325.20657531])
34, array([  58.37381946,   -7.97576368, -163.47744212,  113.81366495,
        -40.06761634, -341.02492712])
35, array([  45.44143765,   -1.31730619, -167.27442355,   89.37787961,
        -22.01146649, -350.24997738])
36, array([  33.5577893 ,    0.81135331, -167.93535907,   65.40209451,
        -13.87112587, -352.99810821])
37, array([  23.78943998,    0.78334539, -165.4206173 ,   43.28854523,
         -9.33912952, -351.26724578])
38, array([  16.30055222,    0.58976523, -161.16307568,   24.62300975,
         -7.31737113, -346.06229074])
39, array([ 1.31224548e+01,  1.79430908e-01, -1.56435847e+02,  1.47402630e+01,
       -7.96053736e+00, -3.39019353e+02])
