0, array([  24.1548047 ,   24.11866736, -150.31273204,   42.92598448,
          9.62815649, -330.37081132])
1, array([  31.6370739 ,   33.17735903, -147.58574047,   62.21637713,
         29.25923183, -326.06586723])
2, array([  38.06434472,   44.10960583, -144.2844814 ,   78.95677108,
         54.12275798, -320.21417404])
3, array([  42.57715972,   56.1370871 , -140.66752983,   90.85716553,
         82.7278952 , -313.20922189])
4, array([  44.0296445 ,   68.98261243, -136.85624283,   94.87720522,
        115.04942779, -305.08078431])
5, array([  39.6092052 ,   80.33813788, -133.70710373,   83.66522818,
        145.10007293, -296.50643112])
6, array([  31.25849092,   89.73917541, -131.66511307,   62.73673104,
        171.21298496, -287.68377763])
7, array([  19.71903761,   96.37442991, -131.05178221,   34.17721905,
        190.89873273, -279.89642401])
8, array([   5.24947825,   98.62885577, -132.67374939,   -0.8193451 ,
        199.26744263, -276.01589725])
9, array([  -8.65496309,   95.68138301, -136.5055305 ,  -33.64050664,
        193.1963911 , -278.3688567 ])
10, array([ -20.35155803,   89.10966454, -141.59951764,  -59.55033346,
        176.85988198, -284.7336005 ])
11, array([ -28.9533073 ,   79.11372046, -147.67726794,  -76.24152945,
        150.97800714, -294.70969307])
12, array([ -31.16213478,   66.60995152, -153.45867369,  -76.64086261,
        119.31287658, -306.94417988])
13, array([ -27.5541735 ,   52.89875018, -158.37623997,  -64.81212213,
         86.63817264, -319.47240915])
14, array([ -19.99795371,   39.26124227, -162.15394186,  -44.76671951,
         54.7225281 , -330.92669178])
15, array([  -8.92579778,   25.80713986, -164.67815906,  -17.37616255,
         23.29448312, -340.82563551])
16, array([   5.07789303,   12.98818843, -164.67356902,   14.33792839,
         -5.30246316, -345.1591398 ])
17, array([  19.33416414,    0.72850447, -162.72493352,   45.2095936 ,
        -32.59864576, -344.05684956])
18, array([  32.55171674,  -11.05848198, -159.34123095,   72.74001219,
        -59.05753648, -337.45396528])
19, array([  43.91103662,  -22.89210562, -154.77363481,   95.31687083,
        -86.12651066, -324.5906435 ])
20, array([  50.5353502 ,  -34.96979464, -149.94157581,  106.56382717,
       -115.98722708, -308.33713028])
21, array([  53.41299697,  -46.60278269, -145.41100596,  108.61016736,
       -145.6129535 , -292.24946099])
22, array([  52.68347485,  -57.74660493, -141.46939817,  101.89468331,
       -174.88337353, -276.78749443])
23, array([  47.86954676,  -67.37038108, -139.06523914,   85.88616664,
       -201.38675324, -263.89816244])
24, array([  39.50469061,  -74.20273066, -138.63007417,   60.07853202,
       -220.20864624, -255.11844271])
25, array([  29.51262122,  -78.23426129, -139.64421129,   30.01871889,
       -231.6987325 , -250.396824  ])
26, array([  18.34536402,  -79.31307981, -142.00275341,   -2.88971669,
       -235.78378859, -249.87732315])
27, array([   6.90581916,  -75.76945098, -145.90963261,  -35.39519968,
       -229.24993229, -255.60975509])
28, array([  -2.29985568,  -68.54514181, -150.36839389,  -60.61428723,
       -212.91542104, -266.10584214])
29, array([  -9.0948923 ,  -58.50829998, -154.91674248,  -78.19691311,
       -189.66599108, -279.47151039])
30, array([ -12.86476966,  -46.28663735, -159.16267425,  -86.6177422 ,
       -161.2458224 , -294.5288502 ])
31, array([ -11.67374247,  -32.90682911, -162.37560572,  -81.96472709,
       -130.15097031, -309.41436483])
32, array([  -8.04035642,  -20.29709046, -164.32066153,  -70.24300586,
       -100.27701177, -322.37145113])
33, array([  -2.76992801,   -9.04683253, -164.97785112,  -53.43525488,
        -72.33176851, -333.03580515])
34, array([ 3.52862183e+00, -1.81942385e-01, -1.64178165e+02, -3.31075140e+01,
       -4.82187777e+01, -3.40465544e+02])
