0, array([  32.38755798,   19.09641577, -147.52080944,   56.63793824,
          6.12604467, -326.61685437])
1, array([  38.64160373,   28.61346074, -144.9324954 ,   73.00663199,
         28.91334154, -320.72266958])
2, array([  43.89320678,   38.8327164 , -141.9822589 ,   86.897978  ,
         54.15190824, -313.80648461])
3, array([  47.72176366,   50.62108597, -138.31869243,   97.31012839,
         84.43825719, -304.93424466])
4, array([  47.95778689,   62.87577817, -134.8704534 ,   98.41266936,
        116.65429673, -295.20003443])
5, array([  46.36373526,   74.73987839, -131.69378826,   94.65519193,
        148.25117325, -285.43669687])
6, array([  40.15732454,   84.60812341, -129.43199066,   78.25531888,
        175.82145968, -276.0599587 ])
7, array([  31.98399843,   91.94919947, -128.5575201 ,   56.97330118,
        197.03242458, -268.9660889 ])
8, array([  22.18613333,   96.9285053 , -128.93103199,   31.67426607,
        212.25815088, -264.01279247])
9, array([  12.6707644 ,   96.72741792, -131.76859   ,    6.22984183,
        213.97565575, -266.00794909])
10, array([   4.3614077 ,   93.97386697, -135.32223997,  -16.76919725,
        209.40173112, -270.7780653 ])
11, array([  -1.00249599,   86.48700012, -139.89179131,  -33.52777202,
        193.3419988 , -280.3081616 ])
12, array([  -2.98069531,   75.32826565, -144.59433431,  -41.24230098,
        169.06041452, -292.49870402])
13, array([  -2.90311732,   62.22781715, -149.25864747,  -43.36929479,
        140.28842727, -305.87299919])
14, array([   2.36399734,   47.05538877, -152.5614136 ,  -30.18082857,
        104.33492273, -317.16960209])
15, array([   9.13680516,   31.17620224, -155.01167554,  -11.48764266,
         65.93776615, -325.46841055])
16, array([  17.84188948,   14.65940686, -156.23459655,   14.39852911,
         24.98593508, -329.45806043])
17, array([  26.97236741,   -1.79083273, -154.79810312,   41.5545431 ,
        -17.0881886 , -326.4973842 ])
18, array([  35.49182265,  -17.69173341, -152.44788901,   66.74862126,
        -58.54737503, -320.43729343])
19, array([  41.68610809,  -32.62141636, -148.61110427,   84.3930676 ,
        -99.69364361, -307.4606465 ])
20, array([  45.1519164 ,  -46.30131615, -144.48805633,   92.80477821,
       -137.96655796, -291.5345911 ])
21, array([  46.58541753,  -58.86427786, -140.22081085,   94.39049823,
       -173.56659063, -273.71432155])
22, array([  43.11690815,  -67.61723704, -137.61538722,   80.9161124 ,
       -199.78154591, -257.81282508])
23, array([  38.25118688,  -74.30558097, -135.87558289,   62.91866721,
       -220.81437484, -244.74233382])
24, array([  31.27598016,  -77.32821319, -135.65130519,   38.03919341,
       -232.56933994, -237.09599957])
25, array([  23.72461044,  -77.03564467, -137.0248709 ,    9.93308005,
       -234.4287058 , -236.0454907 ])
26, array([  16.142662  ,  -74.88382164, -139.20403006,  -18.74890127,
       -230.83188832, -238.58454509])
27, array([  10.06328689,  -68.39000183, -142.73405857,  -41.98594606,
       -215.20109775, -248.73971951])
28, array([   5.47659836,  -59.96959699, -146.46273703,  -59.53941188,
       -195.3175159 , -261.23762634])
29, array([   2.64664483,  -49.52973167, -150.35018812,  -70.40236283,
       -170.99853646, -276.1521527 ])
30, array([   2.58688643,  -39.01719653, -153.64550587,  -68.70663208,
       -144.69514754, -290.51466953])
31, array([   3.63655585,  -28.62047874, -156.3873151 ,  -62.57074689,
       -118.10070814, -304.317639  ])
32, array([   6.82463816,  -19.24590581, -157.46429971,  -48.74879479,
        -93.12782972, -315.77083122])
33, array([  10.49998919,  -11.7327212 , -157.48356882,  -32.90796849,
        -72.48095394, -323.70689112])
34, array([  14.5658551 ,   -5.16861475, -156.85651867,  -15.4337091 ,
        -53.95959009, -329.6920155 ])
