0, array([   8.66413858,   11.00221801, -150.91228076,    6.42531606,
         -9.55432851, -327.7822264 ])
1, array([  12.13234655,    9.67509254, -150.88116421,   12.50237982,
        -13.9777802 , -330.02178418])
2, array([  17.40103281,    9.97159951, -150.79369085,   24.4236076 ,
        -15.17168403, -330.81518158])
3, array([  24.20498052,   11.62998421, -150.48145163,   41.07371831,
        -13.10991893, -330.29122758])
4, array([  32.76425463,   14.43171795, -149.47623803,   62.07849411,
         -6.92356719, -328.45332216])
5, array([  41.69236061,   19.7508505 , -147.69835615,   84.52663504,
          6.6071185 , -324.47920887])
6, array([  49.72714361,   26.7910266 , -145.34951085,  104.76659265,
         25.75117952, -319.02264885])
7, array([  56.51961612,   35.54504155, -142.44734292,  121.74955051,
         50.68573277, -312.12295232])
8, array([  58.87255335,   46.31417652, -139.93622928,  126.55801223,
         83.04670542, -304.41779038])
9, array([  56.88500723,   56.52307583, -138.24810174,  119.64911894,
        114.27266356, -297.95454306])
10, array([  51.04403427,   65.73214334, -137.56698132,  102.69761948,
        142.69127539, -292.84162628])
11, array([  40.51241659,   72.67775532, -138.65349658,   74.2167697 ,
        163.99708161, -289.9055083 ])
12, array([  27.04863521,   75.45444264, -141.69048554,   41.44560974,
        171.70112599, -290.86891116])
13, array([  12.97322154,   74.85624536, -145.83898537,    7.49034308,
        169.13838014, -294.44759017])
14, array([  -1.3141668 ,   70.5612965 , -150.99335024,  -27.22896401,
        155.67899632, -300.57011449])
15, array([ -14.01944838,   60.49619647, -156.22285431,  -59.02582468,
        126.90924465, -308.34705719])
16, array([ -23.72323577,   46.86880562, -161.00331594,  -85.32613579,
         89.89669442, -315.58616184])
17, array([ -30.59464801,   30.76721643, -165.08150657, -105.86863027,
         46.90373366, -321.64237335])
18, array([ -33.6771036 ,   13.49110496, -167.76157755, -117.68936377,
          0.8264576 , -325.12322461])
19, array([ -32.11513071,   -3.85975876, -168.15636545, -119.48439672,
        -44.68750686, -323.29533125])
20, array([ -27.87519441,  -20.59638929, -167.4001003 , -115.11837412,
        -88.32852933, -318.34663326])
21, array([ -21.32778583,  -35.90466352, -165.60637815, -104.8247644 ,
       -128.17629433, -310.73408501])
22, array([ -12.27039248,  -48.23797618, -162.30203762,  -85.47589851,
       -161.18778809, -300.50743279])
23, array([  -1.9565832 ,  -57.02521395, -158.73056016,  -58.64168221,
       -186.23744434, -289.70409533])
24, array([   8.9417619 ,  -62.43731948, -155.33589592,  -27.06087059,
       -202.58897946, -280.25449644])
25, array([  20.40698088,  -64.11865889, -152.39803952,    9.18964476,
       -208.42380561, -273.70814261])
26, array([  31.38642045,  -61.0923652 , -150.24205537,   44.91451534,
       -201.07407686, -273.02014863])
27, array([  40.47493554,  -55.36547923, -149.1799926 ,   75.20616084,
       -185.26452708, -276.02083714])
28, array([  47.57640698,  -47.20472977, -149.19837793,   99.4906158 ,
       -161.86786218, -282.48901963])
29, array([  51.42216565,  -36.37697351, -150.61590133,  112.66019146,
       -130.89863978, -293.55934674])
30, array([  51.92935265,  -25.43814675, -152.2245116 ,  115.77538401,
        -99.87540998, -305.50270487])
31, array([  50.27289456,  -15.07843094, -153.77415573,  111.7901962 ,
        -70.75976336, -316.87298046])
32, array([  46.58480695,   -5.80312811, -155.10880076,  100.60768007,
        -45.05736051, -326.72085156])
33, array([  41.15067247,    0.5086058 , -155.59251711,   84.51364282,
        -27.97634603, -332.54752993])
34, array([  35.57462802,    5.01124729, -155.40068208,   68.42267861,
        -16.22109606, -335.91491289])
35, array([  29.94377027,    7.88985865, -154.62922159,   52.50643135,
         -9.42231381, -337.05080937])
36, array([  24.76512522,    9.08604289, -153.51132036,   37.9787015 ,
         -8.23610193, -335.99324089])
37, array([  21.25885312,    9.11422683, -152.25490251,   28.38083287,
         -9.15972509, -333.89679779])
38, array([  18.90865853,    8.62444765, -150.96309891,   21.95817766,
        -11.14825425, -331.43724561])
39, array([  17.71147705,    7.84710241, -149.71904736,   18.55909974,
        -13.81785425, -328.94066601])
