0, array([  21.24742487,    9.24701085, -150.51340475,    9.69059056,
          4.24578049, -323.12259827])
1, array([  26.98733127,   14.45132764, -149.16394661,   45.510343  ,
         -3.22172898, -327.02571147])
2, array([  32.63764968,   20.89705817, -146.93048267,   72.30315501,
          0.68362495, -326.95768999])
3, array([  37.93172848,   28.29334275, -144.06417586,   90.72939459,
         13.86285629, -323.63226373])
4, array([  42.60291607,   36.34932172, -140.81618906,  101.44942972,
         34.21697906, -317.76316259])
5, array([  46.38456084,   44.77413539, -137.43768521,  105.12362838,
         59.64700727, -310.06411647])
6, array([  49.01001117,   53.27692409, -134.1798272 ,  102.41235857,
         88.05395495, -301.24885528])
7, array([  50.21261547,   61.56682815, -131.29377794,   93.97598825,
        117.33883611, -292.03110892])
8, array([  48.93652126,   68.25931152, -128.83544807,   77.27565915,
        144.06920707, -285.64601041])
9, array([  45.75609796,   75.09899175, -129.07922665,   59.20297335,
        161.39210466, -276.7828808 ])
10, array([  37.58130589,   83.61483822, -129.9109622 ,   37.05742802,
        178.20838375, -270.21867602])
11, array([  28.49584888,   90.87107426, -129.83377824,   11.30794192,
        186.80116121, -266.60370528])
12, array([  20.54807141,   91.88812463, -132.38208437,  -10.45024177,
        188.52258008, -265.88465245])
13, array([  12.43706052,   91.23509381, -136.0758862 ,  -32.6871227 ,
        192.03402207, -270.46327768])
14, array([   5.64948802,   86.63171316, -140.1963491 ,  -50.30378977,
        185.09077678, -276.08348085])
15, array([-2.78791324e-01,  8.04353751e+01, -1.44624145e+02, -5.78097065e+01,
        1.71013374e+02, -2.83516558e+02])
16, array([  -3.74806074,   69.91139433, -148.27922099,  -64.29099049,
        146.00780179, -295.30577816])
17, array([  -4.83941755,   60.18473456, -151.7565612 ,  -56.2652254 ,
        126.07999316, -305.3698411 ])
18, array([  -2.99168019,   47.54025154, -155.22910226,  -39.16821699,
        101.95239772, -314.07610989])
19, array([ 1.56032391e-01,  3.22196112e+01, -1.56789074e+02, -1.83906041e+01,
        7.36995596e+01, -3.16824427e+02])
20, array([   6.51499084,   16.8731291 , -157.09021968,    1.28807912,
         41.43470858, -320.49804072])
21, array([ 1.47940052e+01, -2.22172779e-01, -1.57383016e+02,  2.17507597e+01,
        9.06797078e+00, -3.19683120e+02])
22, array([  21.63672579,  -15.14664903, -155.02408512,   43.59287162,
        -25.95298695, -315.06800994])
23, array([  27.07023194,  -27.49234732, -153.95263024,   60.22597097,
        -67.05460507, -305.48849562])
24, array([  29.98567633,  -38.77811849, -150.88693855,   68.95497676,
       -101.10277181, -294.42078541])
25, array([  32.58097185,  -48.18040722, -146.68788275,   74.80501544,
       -140.60192533, -282.41144072])
26, array([  35.62674967,  -61.04635909, -143.28319668,   73.09531636,
       -173.15721402, -272.05369919])
27, array([  34.88644499,  -67.53914299, -140.71116282,   59.35208195,
       -192.87569464, -262.88353825])
28, array([  31.39771216,  -71.44124137, -139.66509595,   41.01660014,
       -214.35838553, -252.77841051])
29, array([  23.54320527,  -70.96970991, -139.456925  ,   19.78842418,
       -223.11742658, -249.9744148 ])
30, array([  16.98029122,  -71.86760054, -140.4417355 ,  -12.01832369,
       -225.56204645, -251.01604053])
31, array([  10.05368692,  -66.02120392, -142.28473078,  -32.09441203,
       -212.4597691 , -254.45308181])
32, array([   4.04876659,  -61.17815834, -146.10661793,  -50.436067  ,
       -202.58920634, -260.606459  ])
33, array([  -1.18413199,  -53.86439745, -149.44711921,  -68.26238262,
       -184.49232388, -270.13327741])
34, array([  -4.82209417,  -45.53331212, -152.75213368,  -81.75545871,
       -162.69928973, -281.09567145])
35, array([  -6.33107958,  -36.56902254, -155.75787356,  -89.56267314,
       -138.22249699, -292.86353322])
36, array([  -5.17704787,  -27.35564895, -158.20055111,  -90.33140377,
       -112.07433878, -304.80675481])
37, array([  -0.82595867,  -18.27731155, -159.81637857,  -82.70902846,
        -85.2672082 , -316.29522832])
38, array([   7.25622836,   -9.71813056, -160.34156818,  -65.34292507,
        -58.81349838, -326.69884585])
39, array([  19.6035536 ,   -2.06222619, -159.51233219,  -36.88047145,
        -33.72560242, -335.38749951])
