0, array([  10.25446597,   12.25549653, -149.14351573,    8.18206035,
         -7.18327793, -327.0620752 ])
1, array([  12.60363371,   10.79616432, -149.69207415,   12.26022836,
        -13.53755189, -327.99079746])
2, array([  16.38597398,    9.95681631, -150.01360799,   20.59320677,
        -17.78625683, -328.72769108])
3, array([  21.71448284,    9.75766167, -150.10137933,   33.47388655,
        -19.89087431, -329.26720424])
4, array([  28.97246146,   11.7145151 , -149.48093623,   52.01762314,
        -16.4107357 , -328.02399949])
5, array([  36.5127716 ,   15.19665588, -148.29559771,   71.92212796,
         -8.78090458, -325.52807931])
6, array([  44.33415707,   20.19729742, -146.5478772 ,   93.18134645,
          2.98015546, -321.7850175 ])
7, array([  50.76305906,   27.58267669, -144.37450873,  111.40834318,
         23.26896367, -316.46322234])
8, array([  55.18740139,   36.07049571, -142.14234792,  124.63085222,
         47.47050788, -310.73233577])
9, array([  57.46963299,   45.41374577, -139.91772691,  132.43452886,
         74.87695982, -304.76134857])
10, array([  54.70638902,   55.36633938, -138.22286926,  124.42812336,
        104.2863337 , -299.08647365])
11, array([  49.71180078,   64.1082781 , -137.41944139,  109.9287299 ,
        131.0218799 , -294.34180638])
12, array([  42.4658786 ,   71.62871621, -137.51542923,   88.87818062,
        155.05964477, -290.5356801 ])
13, array([  31.90767077,   74.19604892, -139.94337308,   59.28402503,
        166.57603635, -290.60275201])
14, array([  20.85658541,   73.84510625, -143.2915701 ,   27.8476931 ,
        169.45394757, -292.93199195])
15, array([   9.19104949,   70.68353596, -147.56697023,   -5.77030677,
        164.05358858, -297.46892415])
16, array([  -1.32530611,   60.93073801, -152.15317246,  -37.64670326,
        140.95279574, -304.69561454])
17, array([ -10.4221156 ,   48.74124001, -156.23991319,  -65.36036601,
        109.86099235, -310.80486493])
18, array([ -18.15827211,   33.84056841, -159.85855305,  -89.09781367,
         70.00470813, -315.82053954])
19, array([ -21.04393535,   15.93953297, -161.45093093,  -98.74435911,
         20.72585266, -316.34267626])
20, array([ -21.50439873,   -2.05007094, -162.14069858, -100.29940839,
        -28.90843602, -314.93184059])
21, array([ -19.53966224,  -20.12824335, -161.92785599,  -93.76296151,
        -78.89815791, -311.58803253])
22, array([ -13.36257408,  -34.72620632, -159.95276126,  -72.91371998,
       -120.23997766, -304.97811692])
23, array([  -5.2721643 ,  -45.96394787, -157.6679012 ,  -47.14371847,
       -152.21824572, -298.11056399])
24, array([   4.75939689,  -54.12674904, -155.06058661,  -16.32408093,
       -175.63556593, -290.91401419])
25, array([  16.16015477,  -54.50791812, -152.97899537,   20.42302958,
       -179.93925234, -285.16030868])
26, array([  26.88474068,  -51.4080452 , -151.38081182,   56.09830618,
       -175.26431465, -281.54428307])
27, array([  37.04604019,  -44.65392892, -150.26641953,   91.11675789,
       -161.19876548, -280.11273944])
28, array([  43.57135805,  -33.50171924, -150.64341523,  114.96486563,
       -133.75505551, -284.49664756])
29, array([  47.70584172,  -21.68927044, -151.42354106,  130.67048986,
       -103.90607225, -291.0422275 ])
30, array([  49.47071947,   -9.22244479, -152.60321763,  138.30592788,
        -71.67317218, -299.73028573])
31, array([  46.4209967 ,    1.49546774, -153.62558454,  130.25620615,
        -44.31502046, -308.26843712])
32, array([  42.18989115,   10.60105204, -154.30472771,  117.59227843,
        -21.01574916, -315.9452404 ])
33, array([  36.90859689,   17.82847702, -154.62058357,  100.71055367,
         -2.45388605, -322.53579394])
34, array([  30.76583924,   21.06377709, -154.40449501,   80.8118584 ,
          6.17110771, -326.7332909 ])
35, array([  24.8997615 ,   22.5321197 , -153.95776276,   61.46004548,
         10.66556656, -329.66282585])
36, array([  19.31160022,   22.22560783, -153.27935599,   42.65755909,
         11.01103002, -331.31873191])
37, array([  15.71126164,   20.25661111, -152.43766408,   29.19671275,
          8.03418664, -331.40936718])
38, array([  13.14580496,   18.24542564, -151.57558111,   18.97563687,
          4.09693557, -330.84466045])
39, array([  11.53534244,   16.17403601, -150.68247692,   11.71812198,
         -0.80771814, -329.64597181])
