0, array([  13.90908108,    7.72727073, -149.37050464,    9.6602983 ,
        -12.87345589, -327.62939136])
1, array([  18.56028683,    6.65599514, -150.35245943,   18.70482255,
        -19.80949051, -329.74186953])
2, array([  23.57284766,    7.0257659 , -150.82024125,   30.45560917,
        -23.36381638, -330.52328247])
3, array([  29.03688165,    8.90075162, -150.75922496,   45.1972083 ,
        -23.44122275, -329.93188764])
4, array([  35.42865122,   12.82095039, -149.88466914,   64.29832351,
        -17.10046121, -327.65878444])
5, array([  41.8194913 ,   17.87117239, -148.50307843,   83.40524801,
         -6.34115319, -324.49476843])
6, array([  48.20940603,   24.0463897 , -146.61670883,  102.51795595,
          8.81704149, -320.44380362])
7, array([  52.98638768,   31.81836453, -144.65916682,  115.710876  ,
         31.99045059, -315.50595669])
8, array([  55.93782553,   40.10031987, -142.81351627,  123.05455684,
         58.13312914, -310.62815755])
9, array([  56.96935652,   48.64883002, -141.13575797,  124.31119416,
         86.47465227, -305.95508711])
10, array([  52.92117397,   56.17251409, -140.67714943,  109.99787791,
        113.81078168, -302.19811402])
11, array([  46.84823171,   62.34058785, -141.19352778,   89.90573312,
        136.85641481, -299.44498041])
12, array([  38.73239081,   67.14090695, -142.6936275 ,   63.98298978,
        155.57311498, -297.70467926])
13, array([  28.23519204,   67.89316861, -145.86046247,   31.55928599,
        159.42618601, -299.26372796])
14, array([  17.70042299,   66.14274881, -149.56489605,   -0.707378  ,
        154.7793136 , -302.27753859])
15, array([   6.99522912,   61.96009055, -153.83380425,  -33.23658833,
        141.89746808, -306.72729344])
16, array([  -2.07257966,   53.07510318, -158.18655028,  -61.76752199,
        114.44312691, -311.6684954 ])
17, array([  -9.91884518,   41.91509575, -161.90752205,  -86.10546162,
         80.66484852, -315.21192879])
18, array([ -16.59547496,   28.22655107, -165.01701628, -106.39711671,
         39.82404164, -317.33598846])
19, array([ -19.14541263,   12.00738942, -165.86606809, -114.35112305,
         -7.04491638, -314.92887327])
20, array([ -19.58848691,   -4.48466518, -165.96043294, -115.47608191,
        -53.50604203, -310.84915848])
21, array([ -17.92469779,  -21.24961273, -165.30011084, -109.7719933 ,
        -99.55933531, -305.09684409])
22, array([ -12.46601377,  -36.11383791, -162.83732933,  -91.4729474 ,
       -138.88837943, -296.79008521])
23, array([  -5.57317705,  -48.47622971, -160.03338905,  -68.31533052,
       -171.06074837, -288.28271802])
24, array([   2.78484419,  -58.60168557, -156.86904167,  -40.19633412,
       -196.79629478, -279.47699859])
25, array([  13.33144946,  -62.40410218, -153.70932621,   -5.31704485,
       -205.62392952, -273.68805116])
26, array([  24.08394634,  -62.97581702, -151.13412181,   29.46068045,
       -205.98145097, -271.12658124])
27, array([  35.19111158,  -60.19901279, -149.13500829,   64.57895322,
       -197.54322404, -271.89491505])
28, array([  44.23066149,  -52.24315161, -149.01258902,   90.42518451,
       -175.51285692, -279.86654235])
29, array([  51.12228   ,  -42.84151811, -149.60886392,  108.69275556,
       -150.00103837, -289.97352506])
30, array([  55.88503865,  -32.00694934, -150.91745168,  119.44895745,
       -121.0386803 , -302.19690331])
31, array([  55.86697208,  -21.68641297, -152.68131207,  115.24686268,
        -91.53129057, -314.06818556])
32, array([  53.5982183 ,  -12.16077522, -154.14281148,  105.65698697,
        -64.2796537 , -324.43461778])
33, array([  49.151224  ,   -3.70728723, -155.25780291,   90.98520169,
        -40.07994262, -332.99161686])
34, array([  42.34860795,    2.27873667, -155.75165336,   72.43775543,
        -22.47985455, -337.73026263])
35, array([  35.42685299,    6.51700412, -155.71250172,   54.37889443,
         -9.95115187, -340.30913949])
36, array([  28.38542663,    8.99970394, -155.13796584,   36.81080231,
         -2.51649999, -340.71859483])
37, array([  22.73999027,    9.31764209, -153.92819108,   24.15123744,
         -1.34568043, -338.30539352])
38, array([  18.47788831,    9.28945636, -152.5484216 ,   14.89882995,
         -1.2810426 , -335.53043637])
39, array([  15.48742676,    8.93750097, -150.98803967,    8.78806824,
         -2.25251368, -332.38138623])
