0, array([  13.30179988,    6.4390228 , -150.41849402,    8.70753811,
        -12.64287637, -328.62492662])
1, array([  18.6534775 ,    3.75937479, -158.96490973,   22.1146293 ,
        -12.21184478, -340.61228066])
2, array([  26.61962365,    4.96899555, -162.98062651,   40.77242084,
         -7.30504826, -346.83275295])
3, array([  37.9166855 ,    8.51021564, -165.30744024,   67.35548685,
          2.44751211, -350.46305793])
4, array([  50.91815557,   16.24341472, -163.9922009 ,  101.05733702,
         19.8198918 , -346.43640694])
5, array([  62.5585783 ,   28.37974288, -158.64167313,  132.53441917,
         49.55279876, -332.97133952])
6, array([  68.64868234,   41.95077792, -153.55014359,  149.04741022,
         87.15201698, -317.2742386 ])
7, array([  68.03624881,   53.5548134 , -150.75671491,  147.91648691,
        122.71364701, -306.4718601 ])
8, array([  61.15481647,   61.25678429, -151.39662166,  128.00599714,
        146.43756419, -305.24617511])
9, array([  49.17329699,   63.70640188, -155.19853779,   91.15212102,
        154.00260315, -313.53799434])
10, array([  35.20024711,   64.01106227, -159.98358409,   50.34031224,
        154.75945959, -323.66949202])
11, array([  21.11247105,   66.26052442, -162.92718894,   13.88797564,
        158.05008541, -327.08658136])
12, array([   7.81230235,   71.03816917, -163.25359104,  -20.37862111,
        170.66761975, -318.46839436])
13, array([  -4.45358925,   75.38026377, -162.96470699,  -52.6382928 ,
        187.21458306, -299.46470694])
14, array([ -13.67444796,   75.49692919, -163.41208493,  -77.77633078,
        193.08804443, -282.32469014])
15, array([ -18.19737239,   69.18403903, -165.83288401,  -93.76098413,
        177.62434957, -279.3119656 ])
16, array([ -16.67566863,   55.87332841, -169.95898557,  -93.47514529,
        139.53633426, -293.7328065 ])
17, array([ -10.9326774 ,   37.56112768, -174.23775099,  -75.94019715,
         88.55926879, -318.91461456])
18, array([  -5.00764528,   17.00884286, -177.05949858,  -56.42493682,
         34.27466993, -344.32675836])
19, array([  -2.61909538,   -3.65559043, -178.21655566,  -50.14409725,
        -13.62996242, -360.96737152])
20, array([  -6.51192666,  -23.67034706, -177.61757893,  -63.83355302,
        -53.42628593, -361.18748434])
21, array([ -13.52362231,  -42.29875908, -174.90648253,  -87.36059121,
        -91.22177942, -347.31698285])
22, array([ -17.84087303,  -58.45720523, -171.50033801, -104.3563393 ,
       -129.99849091, -330.83520632])
23, array([ -15.39220231,  -68.65914545, -168.48248233, -102.77257464,
       -161.38556543, -318.97160113])
24, array([  -6.09459671,  -70.70025404, -167.19883375,  -80.30610459,
       -174.20594387, -317.30142879])
25, array([   8.39219211,  -67.74206939, -166.80020812,  -47.63168065,
       -170.88734984, -324.48964428])
26, array([  24.28234934,  -63.6911548 , -165.79122469,  -14.92949475,
       -160.34475972, -332.97657866])
27, array([  37.61436418,  -62.49817979, -163.62118162,   12.5831991 ,
       -154.3556634 , -335.32035118])
28, array([  48.80389388,  -65.42853913, -158.97496238,   39.32072198,
       -162.90154314, -326.51032979])
29, array([  59.54034764,  -70.05372126, -153.38002232,   73.39714085,
       -180.58701174, -308.86730454])
30, array([  69.84384485,  -69.97325147, -149.87470829,  109.92614355,
       -189.19553935, -293.32377417])
31, array([  77.30299017,  -61.61026291, -150.00325118,  140.06287175,
       -174.94075478, -288.48651782])
32, array([  79.99853967,  -46.35832716, -152.83834323,  154.82835771,
       -137.3340725 , -297.87441295])
33, array([  76.29583741,  -30.74071915, -156.40628098,  151.2378885 ,
        -93.66207926, -314.30856951])
34, array([  66.15829312,  -17.96294189, -159.67796915,  130.31546456,
        -54.09984814, -331.02225078])
35, array([  52.26744573,   -8.56560619, -160.35739418,   98.6072088 ,
        -24.67590848, -342.38266749])
36, array([  38.12046657,   -3.38731185, -158.28673455,   67.19876042,
         -9.7099235 , -343.32094574])
37, array([ 2.70363729e+01, -2.17648884e-01, -1.55486969e+02,  4.19930371e+01,
       -2.84953902e+00, -3.39605779e+02])
38, array([  20.33352373,    1.66447277, -153.01425251,   26.08462558,
         -1.23489435, -334.76404302])
39, array([  17.34312744,    2.98391089, -151.22872265,   17.41498352,
         -3.62615076, -330.87031567])
