0, array([  12.36230933,    7.17166308, -151.73905741,    9.80033203,
         -9.14031573, -329.91738961])
1, array([  14.1575698 ,    5.52409387, -158.74971354,   11.4571541 ,
         -8.62446025, -339.55832385])
2, array([  22.81341849,    6.43377962, -163.73329789,   31.27698607,
         -2.03621479, -346.23706943])
3, array([  36.82930501,   10.4407124 , -166.28942295,   65.74216211,
         10.64340968, -347.71355145])
4, array([  54.17585821,   18.83243196, -164.07894407,  110.69411374,
         35.13183978, -337.87194079])
5, array([  67.25087167,   31.86500661, -158.33773397,  144.35155489,
         72.55787322, -320.3869437 ])
6, array([  71.58934503,   43.42651283, -153.76185283,  152.43721213,
        109.60445169, -305.54656382])
7, array([  66.04354711,   48.75799929, -154.13385162,  132.71385947,
        132.59284292, -302.38998789])
8, array([  52.29027651,   50.94159217, -158.64800985,   94.23542164,
        139.70381268, -311.1353291 ])
9, array([  34.62757733,   52.76190163, -163.97657938,   50.93853693,
        141.76013102, -322.61081566])
10, array([  17.39987112,   56.88440339, -167.19016186,   10.68191485,
        145.85454435, -326.79091733])
11, array([   0.5700731 ,   65.38385694, -166.38615063,  -27.10975616,
        162.32780137, -313.36958221])
12, array([ -16.07621997,   74.23760804, -164.25091294,  -65.18102538,
        185.74697805, -288.62741056])
13, array([ -28.27083251,   76.00922094, -163.47425427,  -95.22953613,
        197.09787634, -268.27529919])
14, array([ -31.48092321,   67.351758  , -166.33749957, -105.42785445,
        176.06294845, -271.37596837])
15, array([ -27.55324793,   51.7778257 , -171.67545633,  -94.3643688 ,
        132.60537091, -293.59412091])
16, array([ -19.99795794,   32.14303766, -177.18310147,  -72.6596282 ,
         77.86557458, -325.33034397])
17, array([ -15.50114672,   12.54279668, -181.00794349,  -61.646996  ,
         24.17520492, -353.98199008])
18, array([ -18.67444649,   -4.84164401, -182.12278573,  -70.12388502,
        -19.9151094 , -366.08532556])
19, array([ -28.34908845,  -20.59420991, -180.21037076,  -94.27408203,
        -57.00189168, -357.61592412])
20, array([ -39.15067434,  -37.2916346 , -175.60713102, -122.68698307,
        -96.48625101, -337.47511025])
21, array([ -42.97719864,  -53.67744571, -170.38017139, -137.0745701 ,
       -138.84561073, -315.76386713])
22, array([ -37.25096971,  -65.87460121, -166.94525887, -128.57447888,
       -175.85143348, -299.93860624])
23, array([ -24.81624538,  -69.26844082, -166.62124652, -104.82631982,
       -195.58113524, -296.05352635])
24, array([  -8.61648183,  -61.72443049, -169.29854013,  -72.92998724,
       -183.61533424, -308.19581418])
25, array([   8.75329367,  -49.69925109, -172.83617602,  -37.81296544,
       -154.20728211, -327.2534482 ])
26, array([  24.15480461,  -41.22362329, -173.82362255,   -5.09271237,
       -132.35875811, -339.89976469])
27, array([  36.71181617,  -43.9319754 , -169.65515358,   26.79821303,
       -136.18806412, -334.05026663])
28, array([  48.87954434,  -53.95823186, -162.84003608,   63.06415191,
       -159.64103795, -312.22890188])
29, array([  60.40722894,  -63.25249983, -155.98031241,  102.58617816,
       -186.52137427, -284.34843841])
30, array([  68.80669575,  -62.95239898, -152.19095703,  138.73856011,
       -194.68986372, -262.55170536])
31, array([  74.1176421 ,  -52.31895203, -151.82926853,  168.01271884,
       -173.61396314, -255.82688432])
32, array([  75.64281223,  -36.53292838, -154.62775484,  182.78066174,
       -133.22599265, -266.61422491])
33, array([  71.45973727,  -20.49860697, -159.37193995,  175.70561942,
        -87.88112172, -290.08246607])
34, array([  62.11872636,   -7.90164402, -164.41081997,  149.59161414,
        -47.86648652, -316.7755102 ])
35, array([ 4.99042802e+01,  2.24991942e-01, -1.68316059e+02,  1.11540027e+02,
       -1.92412123e+01, -3.38972710e+02])
36, array([  37.01884145,    4.40480498, -168.95450498,   69.27778525,
         -4.15750106, -351.78507256])
37, array([  25.81300433,    5.33832213, -166.21652787,   35.482099  ,
         -1.21892803, -352.11416919])
38, array([  18.55070284,    5.15007626, -160.75913759,   15.43731232,
         -3.46794895, -345.01620202])
39, array([  14.8009571 ,    4.72310706, -155.45846447,    6.23752614,
         -7.04733728, -337.11621347])
