0, array([   3.34662233,   14.12258188, -183.77835481,   -7.61417078,
         -3.94892964, -373.12479561])
1, array([   7.03427364,   12.18550647, -185.91906234,   -2.26688353,
        -12.25517649, -371.91314167])
2, array([  12.05184584,   12.28482678, -186.25542187,    8.83315038,
        -15.55962555, -370.81658276])
3, array([  18.20835982,   14.14871698, -185.09553093,   24.90769822,
        -14.29395784, -369.78214689])
4, array([  25.95093714,   17.62493597, -183.12666121,   46.86153433,
         -7.55075768, -368.37948892])
5, array([  34.6422595 ,   22.83829307, -180.21075439,   72.15227354,
          4.6909584 , -365.90592611])
6, array([  43.37633401,   29.34293948, -176.5412084 ,   98.35932054,
         21.31048186, -362.85240683])
7, array([  50.53850026,   37.17793351, -171.98119308,  121.67455518,
         43.17245248, -359.69172743])
8, array([  54.63482213,   46.0631462 , -167.56604301,  136.12147338,
         71.21917047, -355.05326554])
9, array([  55.5649805 ,   54.4084309 , -163.73133085,  141.51322266,
        101.2368274 , -349.70694302])
10, array([  52.02112659,   61.12232118, -160.93479443,  134.19150001,
        131.74768222, -343.7859774 ])
11, array([  41.61725127,   63.54812109, -160.02661076,  107.86309829,
        151.38352134, -338.6483358 ])
12, array([  28.40008623,   63.40670358, -159.91694024,   74.50884008,
        163.57879329, -335.15084983])
13, array([  12.8666063 ,   60.60782689, -160.55143603,   35.6658482 ,
        167.57898047, -333.72495119])
14, array([  -3.19783209,   54.70241773, -162.1948841 ,   -5.08489773,
        159.00694492, -336.42568255])
15, array([ -18.62471124,   47.37884189, -163.70514806,  -44.63737531,
        144.15128447, -340.61864605])
16, array([ -32.89346449,   38.88585835, -165.0546142 ,  -81.62674817,
        123.60064956, -345.84201703])
17, array([ -43.59131857,   28.82272473, -166.11557436, -110.03908491,
         94.07843232, -350.58043007])
18, array([ -50.44504114,   19.08459331, -166.15619002, -128.94953564,
         60.57604405, -352.23691511])
19, array([ -54.4063603 ,    9.62446497, -165.26392515, -140.89646443,
         24.76088995, -351.43739145])
20, array([ -55.05152344,    0.68390956, -162.9634033 , -145.24136719,
        -11.64130442, -347.57366479])
21, array([ -50.66373827,   -7.92615449, -158.55680425, -139.5627907 ,
        -47.22915514, -336.75607763])
22, array([ -43.35939279,  -16.09714255, -154.07174627, -126.18918166,
        -80.55572156, -322.78896949])
23, array([ -33.1807257 ,  -23.65781479, -150.64665783, -103.34346053,
       -110.13846764, -306.57159365])
24, array([ -21.11665274,  -28.68409481, -147.79458444,  -71.34734203,
       -132.24677698, -292.99779313])
25, array([  -8.40251755,  -31.66621503, -146.13406182,  -34.96258875,
       -147.65255014, -283.07661107])
26, array([   4.60627621,  -32.33439844, -145.96020703,    4.95759759,
       -155.22922266, -277.67309765])
27, array([  17.43477951,  -29.57215735, -148.45212603,   45.11308693,
       -149.23446635, -280.44423533])
28, array([  28.80560785,  -24.93955009, -151.61412769,   80.85899357,
       -136.33175924, -287.50137614])
29, array([  38.43012899,  -18.71867347, -155.39941863,  111.07166301,
       -117.45126727, -298.28139619])
30, array([  44.33820431,  -10.6967257 , -160.48132863,  128.11546551,
        -91.53003516, -313.42353779])
31, array([  45.80531026,   -2.38835414, -166.15563279,  131.30105479,
        -63.90086515, -328.77712619])
32, array([  43.7143441 ,    5.57458889, -171.8146648 ,  123.33243713,
        -36.33258649, -343.71246982])
33, array([  37.15701829,   11.78469917, -176.3483047 ,  101.27466073,
        -12.22188836, -356.67941151])
34, array([  29.01953787,   15.15645813, -178.56882667,   73.75461635,
          3.8920828 , -364.74332332])
35, array([  20.44489835,   17.12853591, -179.94728238,   45.53314388,
         15.44572377, -370.19650851])
36, array([  11.86901975,   18.01819818, -181.03647534,   18.93190698,
         22.77067322, -373.41264143])
37, array([   4.47495926,   18.17957947, -181.50928587,   -2.52644055,
         26.33491313, -374.85122703])
38, array([  -2.01264653,   18.04771212, -182.1397641 ,  -20.61511453,
         28.04340036, -375.65631408])
39, array([  -7.37923089,   17.65138153, -183.05658822,  -34.77328908,
         27.89640177, -375.89966015])
