0, array([   5.44218828,   15.85940168, -184.38373841,   26.16481846,
        -16.99885383, -369.37887585])
1, array([   1.56546728,   16.24091866, -182.81990324,   19.34999216,
        -11.94120786, -368.04211204])
2, array([   1.77187958,   15.3882923 , -182.61298939,   18.79022273,
        -14.99537641, -367.6419562 ])
3, array([   5.89835792,   14.22165241, -183.20156324,   25.2621169 ,
        -22.56660234, -367.79561818])
4, array([  16.46381354,   18.31323189, -181.63758867,   50.09673725,
        -15.82854096, -366.46967978])
5, array([  26.9243654 ,   24.00061254, -179.21986626,   75.09314541,
         -1.86849775, -363.98938769])
6, array([  37.11543503,   30.85875722, -176.28819817,   99.4715405 ,
         17.53555468, -360.78516881])
7, array([  46.43556032,   38.87477971, -173.10461582,  121.16244084,
         42.83056508, -357.13225234])
8, array([  52.57011121,   46.94840893, -171.23794129,  135.04826413,
         72.42184839, -352.74804237])
9, array([  55.5649805 ,   54.5106693 , -170.23376795,  141.51322266,
        103.13128979, -348.29052246])
10, array([  54.22689789,   61.08264055, -170.15548788,  137.89595529,
        133.76494853, -344.0853331 ])
11, array([  46.19955005,   63.54812109, -171.43101109,  119.67495576,
        154.18706277, -341.98553677])
12, array([  34.58010876,   63.09867943, -173.08602197,   91.81930623,
        165.86793975, -341.3537443 ])
13, array([  19.57828101,   59.52011495, -174.98999524,   54.31023873,
        167.57898047, -342.30933832])
14, array([   2.79352937,   52.51035904, -177.15532295,   10.27661589,
        153.39147753, -345.91224439])
15, array([ -13.35760628,   44.7925623 , -179.01722773,  -32.05073031,
        133.72568661, -350.03030535])
16, array([ -28.36161978,   36.52582301, -180.22161965,  -71.31413098,
        109.24360544, -354.05725695])
17, array([ -39.95596324,   27.23828654, -178.11942102, -101.45457089,
         77.31258046, -354.51562546])
18, array([ -47.9658744 ,   18.13048739, -174.68141092, -123.26182177,
         43.38649451, -352.01990363])
19, array([ -53.19919606,    9.17794568, -170.30282417, -138.46056536,
          8.40087679, -347.04567975])
20, array([ -55.05152344,    0.5695052 , -165.06865122, -145.24136719,
        -26.30720523, -338.77481841])
21, array([ -52.89130548,   -7.82103829, -159.87301622, -140.71407582,
        -59.03489546, -326.44359193])
22, array([ -47.85945848,  -15.56173565, -154.95273513, -127.71225391,
        -89.0036437 , -312.62417687])
23, array([ -39.45433053,  -22.20175858, -150.51728542, -104.45330241,
       -114.90352193, -298.1427539 ])
24, array([ -29.49067367,  -27.13943211, -147.86154407,  -71.63164474,
       -134.20597936, -287.72604017])
25, array([ -18.33270306,  -30.59756367, -146.3149925 ,  -35.14179609,
       -147.94568503, -280.7298472 ])
26, array([  -6.09422942,  -32.33439844, -145.96020703,    3.88569453,
       -155.22922266, -277.67309765])
27, array([   6.45504001,  -29.1320687 , -148.21517804,   40.64138058,
       -146.73431564, -283.00873746])
28, array([  17.64105485,  -23.84325238, -151.61735654,   72.03909671,
       -131.15669964, -292.0455918 ])
29, array([  27.14131341,  -16.892538  , -155.96063194,   97.44706631,
       -109.94163836, -304.05962947])
30, array([  32.79672903,   -8.83903411, -161.20413396,  111.43936131,
        -85.32627626, -318.22947697])
31, array([  35.46676533,   -0.63526751, -166.96276935,  116.12721199,
        -60.32343411, -332.73800389])
32, array([  35.42091098,    7.16663662, -172.79308546,  112.62142773,
        -36.1888343 , -346.78153287])
33, array([  31.26472583,   13.2570869 , -177.91769436,   97.2622568 ,
        -15.95857695, -358.49811338])
34, array([  25.55964724,   17.11092834, -181.27441411,   77.75016696,
         -1.60081471, -366.51706726])
35, array([  19.11597283,   19.56902418, -183.56978773,   56.75567839,
          8.66197003, -372.05850519])
36, array([  12.06968676,   20.5984683 , -184.82226882,   35.10648861,
         14.34814092, -374.91161534])
37, array([   5.30543556,   20.42441598, -185.66308981,   17.65894606,
         16.42956713, -375.72431733])
38, array([  -0.40872109,   19.79309583, -186.1569405 ,    3.412141  ,
         17.50667855, -375.89966015])
39, array([  -4.6928393 ,   18.76841966, -186.25542187,   -7.05487302,
         17.81854068, -375.56146045])
