0, array([  -0.82978733,   32.54958746, -176.84137615,    5.48265632,
         10.7849896 , -374.40260088])
1, array([  -5.99930758,   37.27359816, -176.33733455,   -8.15213582,
         23.60134644, -374.63428495])
2, array([  -7.32109655,   36.6107389 , -177.43805115,  -13.12294766,
         22.77642252, -375.05439322])
3, array([  -5.23840558,   31.70641294, -179.62437041,  -10.16231004,
         11.19291133, -375.46415005])
4, array([ 2.84264252e-01,  2.60623864e+01, -1.80655726e+02,  2.51226621e+00,
       -2.30206876e+00, -3.74619759e+02])
5, array([  11.08099825,   21.04565843, -178.63451723,   29.52128293,
        -13.33461752, -370.8360053 ])
6, array([  24.2366972 ,   17.62595353, -174.62056407,   62.96742139,
        -19.33153926, -365.42766986])
7, array([  36.27514235,   18.56694268, -169.09466301,   93.49529486,
        -12.45919955, -359.57385953])
8, array([  46.16055141,   23.42231803, -162.6911906 ,  118.53908955,
          6.04076636, -350.77282457])
9, array([  53.11362371,   30.61769011, -156.27193574,  135.93689025,
         31.9809128 , -339.9828551 ])
10, array([  55.5649805 ,   40.2037681 , -150.29042548,  141.51322266,
         66.0348239 , -326.89614301])
11, array([  50.3582639 ,   50.08159964, -147.04549573,  127.57517492,
        102.7663234 , -313.54503373])
12, array([  41.31875136,   58.11273286, -145.96020703,  103.47466841,
        135.21456901, -302.4933458 ])
13, array([  28.68292181,   63.54812109, -147.26894349,   69.71948621,
        161.05576367, -294.67966156])
14, array([  12.60348478,   62.92147872, -151.48073623,   27.5591845 ,
        167.57898047, -295.64341837])
15, array([  -3.48824968,   59.48700724, -156.58879255,  -14.61726608,
        163.35719414, -300.53825358])
16, array([ -19.17027963,   53.66758109, -162.23073529,  -55.61918055,
        149.51341242, -308.87636894])
17, array([ -33.43351742,   45.59833664, -167.20595763,  -92.16174274,
        124.06788413, -321.25033855])
18, array([ -44.25916431,   36.19258151, -170.0891505 , -119.71773872,
         92.15234498, -332.650956  ])
19, array([ -51.99973781,   25.92468127, -171.49731853, -138.98735004,
         55.88610419, -342.59764892])
20, array([ -55.04097859,   15.14776065, -171.44409958, -145.24136719,
         16.37389852, -349.15543798])
21, array([ -55.05152344,    5.58167318, -170.04274009, -141.77305326,
        -20.98244816, -348.58889928])
22, array([ -52.80912144,   -3.3138471 , -167.74870348, -131.98979327,
        -55.81980965, -342.62903637])
23, array([ -47.86445429,  -11.66785481, -164.45999718, -115.33365159,
        -87.21089028, -330.11746946])
24, array([ -39.52767758,  -19.32914219, -161.91223881,  -88.34850302,
       -112.44394085, -312.85118344])
25, array([ -28.85667349,  -25.9529271 , -159.62954974,  -54.98283012,
       -133.82523424, -296.47499128])
26, array([ -15.90326517,  -31.20799246, -157.6214713 ,  -15.62563262,
       -150.7426109 , -282.3128325 ])
27, array([  -2.24347582,  -32.33439844, -157.40109987,   24.98845417,
       -155.22922266, -277.67309765])
28, array([  10.72137172,  -31.08125725, -157.85087912,   61.41851539,
       -151.80090388, -278.20384837])
29, array([  22.50481615,  -27.64748838, -159.06922041,   92.60667021,
       -141.12297708, -283.45934072])
30, array([  30.57307285,  -21.18523892, -162.44899856,  111.69692107,
       -120.49892013, -294.89603668])
31, array([  34.57963869,  -13.78900948, -166.51237791,  118.59880519,
        -97.50452462, -308.9906442 ])
32, array([  35.54044452,   -6.09395122, -170.98361825,  116.80373508,
        -73.91868224, -324.4923083 ])
33, array([  33.07695291,    0.92907041, -175.6147757 ,  106.28613218,
        -52.65581976, -340.04115487])
34, array([  28.73328825,    6.89467269, -179.73308654,   90.83858121,
        -35.10947096, -353.5535886 ])
35, array([  23.59852916,   11.6766285 , -182.96370171,   73.45702886,
        -21.1631814 , -364.59054235])
36, array([  17.96455512,   14.76985927, -184.7581548 ,   55.01356756,
        -12.06032119, -372.00007051])
37, array([  12.93878361,   16.14459828, -185.85417161,   40.32655438,
         -8.09536651, -374.69065955])
38, array([   8.77816443,   17.20005709, -186.25542187,   28.42188604,
         -5.57342151, -375.89966015])
39, array([   5.72677404,   18.08616857, -185.8574041 ,   19.77723425,
         -4.1769768 , -375.89505438])
