0, array([  -6.8534861 ,   16.03581084, -190.91379053,   -6.08306396,
        -12.40260909, -383.24234779])
1, array([  11.08971435,   20.15778235, -181.81752437,   33.17385778,
          6.31583422, -373.82986032])
2, array([  24.65476784,   25.83454671, -174.14362663,   64.64138873,
         28.56449432, -363.75923744])
3, array([  34.1005769 ,   32.47759758, -167.89062335,   88.09023864,
         52.85656359, -353.65748495])
4, array([  39.6860441 ,   39.49842863, -163.05704056,  103.2911173 ,
         77.70523445, -344.15160862])
5, array([  41.67007197,   46.30853355, -159.64140428,  110.01473447,
        101.6236993 , -335.86861422])
6, array([  40.31156309,   52.319406  , -157.64224056,  108.03179992,
        123.12515055, -329.43550753])
7, array([  35.83295145,   55.30621747, -158.21038544,   92.10923674,
        140.00210233, -327.45764972])
8, array([  29.43596197,   57.15938853, -158.80784669,   72.48333843,
        147.42236572, -330.7385355 ])
9, array([  17.95720901,   58.23256435, -159.56949041,   38.80508151,
        150.77916157, -330.00802258])
10, array([   3.9706613 ,   54.76997876, -163.06864424,    4.0976645 ,
        148.87196364, -334.90568334])
11, array([ -11.18407438,   51.00365325, -166.61235088,  -39.50246981,
        147.09950107, -341.04734493])
12, array([ -22.97316476,   47.79216587, -168.15875599,  -78.50677831,
        132.53501979, -345.66224567])
13, array([ -31.16130733,   43.63017276, -169.214124  , -105.09736431,
        120.27485539, -344.08304156])
14, array([ -35.24351522,   41.29334733, -170.89691221, -119.15717905,
        105.71724517, -344.92312211])
15, array([ -38.09015837,   35.18839903, -173.31067402, -117.66025262,
         92.91755092, -347.44142985])
16, array([ -38.58939503,   28.53293191, -174.95201964, -115.58273468,
         77.96738447, -352.19148102])
17, array([ -39.2406677 ,   20.86606994, -175.18287783, -105.00366101,
         59.45860119, -359.77790579])
18, array([ -40.48172711,   11.25386108, -173.83702578,  -93.08201917,
         32.5329591 , -364.15591774])
19, array([ -40.783564  ,    1.84758979, -171.25597533,  -89.91313938,
          1.08736878, -361.99057886])
20, array([ -41.19122031,   -6.46727691, -165.11472307,  -81.94365094,
        -24.42702708, -354.48904078])
21, array([ -44.38494707,  -13.49985378, -159.82858395,  -80.58050777,
        -57.47288686, -340.38730089])
22, array([ -46.17543891,  -18.54480925, -155.7615312 ,  -81.21536593,
        -83.48154634, -334.64637537])
23, array([ -46.5635247 ,  -20.60574617, -154.18587565,  -83.99732051,
        -95.17007101, -328.92768104])
24, array([ -41.23435317,  -21.97616938, -152.87978858,  -84.74066981,
       -108.62597091, -323.64242938])
25, array([ -37.21823974,  -22.67944265, -152.56789113,  -70.84606389,
       -116.77071403, -321.32872566])
26, array([ -25.47907442,  -22.47955386, -152.49143947,  -55.42786907,
       -125.12474463, -320.71209159])
27, array([ -14.4808773 ,  -26.00280842, -152.91553492,  -24.06292224,
       -123.84218836, -318.10869555])
28, array([  -1.19268068,  -27.0925418 , -154.24954077,    3.62410813,
       -124.31261511, -320.86233296])
29, array([  10.01520681,  -26.58621912, -154.91049917,   44.45001078,
       -128.26272997, -320.00207726])
30, array([  20.06269643,  -27.22568582, -155.21298116,   75.24450363,
       -131.99804969, -314.16360058])
31, array([  28.18639855,  -24.7193405 , -156.20665   ,   98.84628273,
       -132.02898079, -307.9783971 ])
32, array([  33.15343556,  -21.6978062 , -157.75963241,  115.97281843,
       -118.71578021, -304.91266352])
33, array([  32.72438839,  -16.68093604, -161.74249518,  119.83775982,
       -110.4898621 , -308.40874989])
34, array([  30.74941975,   -8.51036621, -167.55481061,  116.19261885,
        -83.41166592, -320.12952459])
35, array([ 2.62183966e+01,  2.38501592e-01, -1.73369315e+02,  1.03667426e+02,
       -5.35230999e+01, -3.33617565e+02])
36, array([  19.19693328,    8.89400915, -178.54507361,   82.04392334,
        -23.60998209, -347.27093069])
37, array([   9.75064386,   16.78449826, -182.44115216,   51.10385208,
          3.54186958, -359.48767827])
38, array([  -2.05485744,   23.23831073, -184.41661609,   10.62895401,
         25.14663713, -368.66586634])
39, array([ -16.1539564 ,   27.58378834, -183.8305309 ,  -39.59902925,
         38.41850255, -373.20355298])
