0, array([ -15.58136792,   16.41713487, -186.25542187,  -24.22155434,
        -21.39547169, -372.77851178])
1, array([ -11.35448439,   17.9535583 , -184.80768662,  -14.58436078,
        -17.99677686, -372.25362103])
2, array([  -2.30759312,   21.25178899, -184.53953248,    0.61654615,
        -12.91361668, -372.83066265])
3, array([  12.12669681,   28.61372282, -179.42890178,   29.98328232,
          5.00884676, -369.86493122])
4, array([  29.62693661,   38.42043436, -170.8422501 ,   67.70846869,
         34.05724379, -360.50308258])
5, array([  45.7944005 ,   49.57124886, -160.00710037,  104.83356903,
         73.66152372, -342.67036542])
6, array([  55.2332549 ,   59.039421  , -151.19849322,  125.42585339,
        117.36659885, -320.82298552])
7, array([  55.5649805 ,   63.54812109, -148.53822598,  121.6168702 ,
        153.22647639, -304.30927774])
8, array([  46.66337883,   60.63760925, -154.26908909,  100.61279179,
        167.57898047, -302.5647843 ])
9, array([  30.80531859,   53.42601002, -165.03760768,   68.0662102 ,
        154.6972571 , -317.84845524])
10, array([  11.66241295,   46.62414449, -172.93407009,   32.62925108,
        128.62194772, -340.07917978])
11, array([  -8.03834652,   42.10809037, -175.92522061,   -0.74792046,
        105.97836159, -357.98645824])
12, array([ -25.08036501,   41.4458085 , -173.35219001,  -32.38463457,
        100.34718984, -358.47412283])
13, array([ -37.04896055,   43.19136925, -168.39333947,  -74.49359138,
        108.9377268 , -344.43973676])
14, array([ -44.07343229,   42.52135948, -165.87191714, -114.59376581,
        113.86163083, -326.93841353])
15, array([ -45.38198468,   36.56053501, -168.8644949 , -141.11230207,
        104.21327085, -319.97227223])
16, array([ -40.00070012,   26.88086147, -175.07959168, -145.24136719,
         77.32226901, -327.37442488])
17, array([ -31.02218543,   16.51966743, -181.0934236 , -123.21166587,
         45.30275404, -345.11730864])
18, array([ -24.63068443,    6.48247768, -184.20262268,  -88.18507088,
         16.26761163, -364.25526655])
19, array([ -24.19396106,   -2.24101966, -182.71372659,  -61.08757194,
         -5.13979544, -375.0223314 ])
20, array([ -30.49428594,   -9.2786278 , -176.16971257,  -61.95207303,
        -24.75129434, -375.89966015])
21, array([ -40.88055686,  -15.37372477, -166.85748537,  -80.81793281,
        -51.48760277, -362.51760625])
22, array([ -50.18542896,  -21.38859197, -156.62059984, -106.19977597,
        -84.42981306, -341.02634196])
23, array([ -55.05152344,  -26.42087328, -148.41683212, -124.71651874,
       -118.21617485, -317.37213085])
24, array([ -52.19274531,  -27.63283745, -145.96020703, -121.88688859,
       -139.90700477, -302.89961038])
25, array([ -43.7176518 ,  -25.10081446, -150.10940584, -102.65569063,
       -142.69081091, -303.99137126])
26, array([ -30.91858959,  -21.73542804, -157.54578223,  -77.04831837,
       -127.26619564, -319.61113485])
27, array([ -16.24902556,  -20.16941709, -163.99270374,  -47.43003237,
       -106.77575255, -340.38631174])
28, array([  -2.88843631,  -21.30875738, -165.72562247,  -18.42565643,
        -97.050416  , -351.99768174])
29, array([   8.48060914,  -25.95509653, -161.99220455,    9.71172532,
       -108.91218692, -344.59955458])
30, array([  19.37073921,  -31.13052498, -153.330475  ,   43.36440627,
       -134.27761503, -320.59515505])
31, array([  30.62955575,  -32.33439844, -147.43230308,   82.73707355,
       -155.22922266, -292.56846021])
32, array([  40.34637026,  -27.97976374, -148.19140036,  114.58919994,
       -153.756046  , -277.67309765])
33, array([  48.50152364,  -21.2073041 , -152.87876284,  134.39474213,
       -131.76559185, -280.4790561 ])
34, array([  52.0520452 ,  -14.21901675, -160.47888296,  141.51322266,
       -101.28729714, -296.94320515])
35, array([  47.36546027,   -6.04102895, -169.17548635,  130.25265238,
        -67.24761245, -321.74420585])
36, array([  33.78707098,    0.69648979, -176.87882169,   98.95778578,
        -41.58752195, -344.69053696])
37, array([  17.80322129,    5.26796367, -180.18704202,   64.32035703,
        -25.94681596, -358.97155933])
38, array([   3.27171568,    8.66097878, -183.21877233,   35.07530382,
        -15.92476561, -366.29686165])
39, array([  -7.82534213,   10.35720277, -185.23701354,   13.59966369,
        -10.39899768, -370.38821694])
