0, array([ -21.91399853,   20.63124872, -192.52387593,  -22.59438328,
         13.59128461, -376.11837768])
1, array([  -2.02062574,   27.05420574, -183.0174664 ,   20.30467584,
         15.58276165, -368.86784793])
2, array([  14.66816007,   33.49561818, -175.13230301,   56.24778435,
         26.57956442, -361.17672625])
3, array([  28.01810815,   39.68206181, -168.8349271 ,   84.60899077,
         44.23629304, -353.52633367])
4, array([  37.89496774,   45.34011244, -164.09187999,  104.76234358,
         66.20754763, -346.3979912 ])
5, array([  44.16448811,   50.19634584, -160.86970301,  116.0818913 ,
         90.14792829, -340.27301984])
6, array([  46.69241849,   53.97733779, -159.13493748,  117.94168243,
        113.71203513, -335.63274063])
7, array([  45.81133008,   55.15967182, -159.35144802,  104.9494528 ,
        131.42077806, -334.72590336])
8, array([  37.51695707,   54.84702601, -161.12853819,   81.14771763,
        144.18539977, -336.85352955])
9, array([  25.99959304,   55.03102256, -163.32270506,   45.28255631,
        150.63053462, -339.8334809 ])
10, array([  11.14417166,   53.40904787, -165.27834507,    7.8389108 ,
        154.27557278, -342.32300206])
11, array([  -4.54241988,   52.39176546, -168.50209721,  -34.95299872,
        145.34184427, -345.90637663])
12, array([ -15.5368208 ,   49.51351994, -170.56425937,  -71.85644211,
        134.78523891, -346.333999  ])
13, array([ -22.82187871,   44.44800446, -169.4447193 ,  -99.0944956 ,
        126.01873601, -349.13829913])
14, array([ -26.54966929,   38.75629074, -170.92024529, -111.61079422,
        116.76833964, -350.51257008])
15, array([ -29.4811052 ,   32.32401309, -173.73278012, -114.310135  ,
        104.30548141, -349.61931597])
16, array([ -29.61531704,   27.07576193, -176.14404716, -113.79203879,
         84.0126371 , -350.73854427])
17, array([ -29.85976026,   19.15563327, -177.81189836, -103.46656215,
         58.67435734, -355.92968925])
18, array([ -32.54299833,   10.6801631 , -178.78496717,  -89.88152348,
         28.885907  , -357.78619848])
19, array([ -35.63946457,    1.83244779, -178.12452481,  -83.77170759,
         -3.44191588, -358.99080093])
20, array([ -38.29322248,   -4.39654359, -174.24685025,  -77.03654431,
        -36.69772316, -355.3979851 ])
21, array([ -41.54906015,  -10.55613213, -168.42616523,  -78.08012887,
        -67.67675952, -346.79018474])
22, array([ -45.16032996,  -14.55370699, -164.58522712,  -80.95510647,
        -95.51535879, -340.46386749])
23, array([ -46.46414837,  -17.73838162, -160.61947606,  -76.40344938,
       -117.5012087 , -338.04035604])
24, array([ -42.55739382,  -20.7121302 , -157.75834325,  -71.96195368,
       -128.75300333, -328.98752912])
25, array([ -36.18988735,  -23.45457571, -156.663372  ,  -65.40161852,
       -132.72768376, -326.46294501])
26, array([ -25.55660583,  -26.56743166, -156.96830112,  -48.01683424,
       -131.13145972, -325.5857697 ])
27, array([ -14.95342225,  -27.45591879, -156.6866157 ,  -25.59564066,
       -134.57118733, -320.09238666])
28, array([  -3.82586369,  -28.12013321, -156.59188947,   -1.86175625,
       -137.13217976, -315.24689684])
29, array([   7.04525734,  -28.92928241, -156.35328615,   34.38863569,
       -137.20066869, -309.42369789])
30, array([  15.97557015,  -27.36391718, -156.31755487,   66.69897917,
       -135.11476838, -304.07117927])
31, array([  23.78232533,  -24.87958476, -157.33294108,   90.80762344,
       -131.14069912, -302.91493994])
32, array([  27.96751855,  -18.88176368, -158.60209015,  106.51475916,
       -124.78984621, -302.29003935])
33, array([  30.27841993,  -13.57707984, -161.72076673,  113.3105418 ,
       -110.45527595, -305.62970878])
34, array([  28.56889406,   -4.4706993 , -168.04409099,  117.15294611,
        -87.21155214, -318.47173167])
35, array([  24.56487983,    4.69168198, -174.38801112,  112.49743792,
        -61.4564594 , -332.98496626])
36, array([  18.52048061,   12.98311427, -179.9046069 ,   97.99531023,
        -35.04935269, -347.46697065])
37, array([  10.68979976,   19.47664787, -183.74595814,   72.29785604,
         -9.84958696, -360.21530291])
38, array([   1.32694066,   23.24533304, -185.06414465,   34.05636837,
         12.28348283, -369.52752114])
39, array([  -9.31399333,   23.36222008, -183.01124623,  -18.07785978,
         29.49050171, -373.70118343])
