0, array([-2.56275866e-01,  1.94085065e+01, -1.85723054e+02, -1.46050543e+01,
        2.31229983e+01, -3.75899660e+02])
1, array([  12.28592663,   22.36109226, -182.87897192,   15.55163655,
         32.93772317, -371.38300513])
2, array([  24.49916169,   25.91681619, -179.42364572,   45.25648527,
         44.77319694, -365.64877547])
3, array([  36.60625181,   31.10470134, -174.32243227,   75.53187309,
         62.07275034, -356.69963942])
4, array([  45.08903828,   37.11218193, -168.61653754,   96.21177725,
         82.13402695, -346.52015696])
5, array([  51.13934062,   43.66974141, -162.50480551,  110.45158593,
        104.04885901, -335.51491637])
6, array([  48.12669194,   50.00102866, -156.8010147 ,  100.71579036,
        125.06907997, -324.36942106])
7, array([  41.98497757,   55.99361647, -151.45501574,   83.22264443,
        144.82440556, -313.73886914])
8, array([  27.21768826,   60.23300356, -147.81504633,   45.16609524,
        158.24800226, -306.09597027])
9, array([  10.10841059,   62.74634748, -145.99295983,    2.94905323,
        165.8112651 , -301.90927278])
10, array([  -8.99225786,   63.54812109, -145.96020703,  -42.61496263,
        167.57898047, -301.13615157])
11, array([ -26.19840831,   61.23020535, -148.71748703,  -82.62539134,
        159.45917188, -305.65103835])
12, array([ -42.07120362,   57.81467043, -152.43642913, -119.12021065,
        147.8738116 , -312.08258417])
13, array([ -51.2427592 ,   51.85254749, -158.28315737, -139.02914026,
        128.30468169, -323.34445288])
14, array([ -55.05152344,   45.13771676, -163.9202592 , -145.24136719,
        106.56660659, -334.60707658])
15, array([ -50.97219758,   37.01862637, -169.4739502 , -131.16313956,
         80.684209  , -346.33241569])
16, array([ -37.35907149,   28.41687941, -173.63123831,  -93.29547295,
         53.13667888, -353.60475182])
17, array([ -19.63193685,   19.61077748, -177.16176207,  -45.16157485,
         24.87447815, -358.9023966 ])
18, array([   3.10579403,   11.15296874, -176.9320615 ,   15.49149509,
         -3.38929119, -355.20999801])
19, array([  24.43887348,    2.59522843, -175.87400614,   71.84074098,
        -32.14380979, -349.16667674])
20, array([  41.60871416,   -5.87181487, -172.88450058,  115.78006567,
        -60.96252844, -337.75852999])
21, array([  51.03816102,  -13.61433805, -169.05242285,  136.20555317,
        -87.23725303, -323.55966164])
22, array([  55.5649805 ,  -21.08539218, -164.55392877,  141.51322266,
       -112.53387022, -307.112365  ])
23, array([  48.22981717,  -26.19446256, -161.13584051,  115.16610647,
       -130.75091769, -293.77563967])
24, array([  38.10964986,  -30.4128183 , -158.4805859 ,   82.00494806,
       -146.13741827, -282.50029136])
25, array([  22.68548884,  -32.19060748, -158.31078848,   37.14916163,
       -153.55039773, -277.92418138])
26, array([   6.75377986,  -32.33439844, -159.56355326,   -8.94482821,
       -155.22922266, -277.67309765])
27, array([  -9.43676315,  -30.78800414, -162.26483967,  -55.54985734,
       -150.95715455, -281.89360383])
28, array([ -21.31451873,  -26.44949787, -166.21125689,  -90.80875453,
       -137.02348687, -292.23453188])
29, array([ -31.01492565,  -21.30220097, -170.39029071, -120.22363433,
       -120.32860533, -304.17259667])
30, array([ -31.80732542,  -14.0986865 , -174.60100381, -125.77712142,
        -97.06254302, -319.07293896])
31, array([ -29.13888726,   -6.84919914, -178.51195673, -121.72121103,
        -73.90542956, -333.34582052])
32, array([ -21.31393961,    0.46878597, -181.976279  , -103.34768428,
        -50.91064551, -346.68381079])
33, array([ -11.07232198,    6.63510458, -184.32330333,  -76.2781222 ,
        -32.12190676, -356.87690614])
34, array([   0.42337041,   12.46099799, -186.25542187,  -44.92374056,
        -14.66332817, -365.98566486])
