0, array([ -13.46632019,   23.79606295, -189.11532271,  -21.35981975,
         -9.02094374, -376.74729207])
1, array([   6.20630342,   26.1366878 , -182.71082291,   23.26693596,
          2.26613308, -371.27520641])
2, array([  22.04817532,   30.19546528, -177.28194404,   59.7027217 ,
         21.64477212, -364.10694201])
3, array([  34.06537713,   35.40784911, -172.82346554,   87.77009998,
         46.48803467, -356.02961558])
4, array([  42.26399046,   41.20929298, -169.33016684,  107.29163337,
         74.16898205, -347.83034382])
5, array([  46.65009695,   47.03525059, -166.79682738,  118.08988439,
        102.06067557, -340.29624343])
6, array([  47.22977823,   52.32117565, -165.21822661,  119.9874156 ,
        127.53617654, -334.21443112])
7, array([  42.18226976,   55.53446367, -165.08024161,  111.5206752 ,
        144.15504785, -335.33815834])
8, array([  32.50732446,   55.52265332, -164.87837796,   90.71892241,
        146.27358592, -335.52640749])
9, array([  21.71994445,   57.02995406, -166.67123898,   60.95022984,
        146.35314958, -338.33287705])
10, array([   8.15515658,   55.61388665, -168.04240329,   24.88502264,
        144.80497263, -339.85403623])
11, array([  -4.3591822 ,   54.54852994, -169.36009566,  -17.81796062,
        141.42763621, -341.91242565])
12, array([ -17.06825777,   52.64098574, -170.25855722,  -57.88911738,
        133.90617724, -345.75387029])
13, array([ -25.92340528,   49.46953645, -169.82869429,  -83.37693427,
        123.78558336, -346.42287881])
14, array([ -29.62667323,   46.60205469, -170.90512996,  -99.25029365,
        112.89173198, -346.54689933])
15, array([ -33.18108633,   40.51125201, -174.81661238, -105.1919074 ,
         99.18491266, -349.0450683 ])
16, array([ -33.98727456,   32.57732826, -176.21125252, -101.17903542,
         79.74576298, -350.9830613 ])
17, array([ -34.103004  ,   24.45221452, -176.43578906, -106.71807953,
         57.76250371, -353.61257094])
18, array([ -33.89268674,   14.03741144, -175.01722192, -101.96922962,
         26.33104076, -359.76494811])
19, array([ -37.1341093 ,    1.75406665, -172.46454181, -101.82486197,
        -10.61843335, -361.84052467])
20, array([ -41.38738028,   -7.72018712, -167.93043102, -102.32352288,
        -47.34180494, -356.98618724])
21, array([ -46.34903009,  -13.49990194, -164.28220298, -101.2116923 ,
        -71.08200559, -346.18918429])
22, array([ -49.34699669,  -19.55177603, -159.32464458,  -99.68378542,
        -89.55178695, -332.97858718])
23, array([ -48.11772865,  -20.94414455, -156.68517172, -101.76070969,
       -100.01491424, -323.03802729])
24, array([ -47.23935245,  -22.520221  , -157.60904378,  -94.50333257,
       -108.83599988, -320.24873853])
25, array([ -39.53731849,  -23.73414674, -157.9454737 ,  -73.96038948,
       -112.7450423 , -319.17727599])
26, array([ -27.22643131,  -24.5884578 , -159.74055157,  -45.97898866,
       -116.67308441, -318.91458552])
27, array([ -14.85917394,  -26.45142105, -161.81468859,  -10.48694158,
       -121.38552903, -321.4578576 ])
28, array([  -2.89190679,  -25.98624675, -160.33132734,   21.09282469,
       -123.0223122 , -317.872611  ])
29, array([  11.65881385,  -26.0626312 , -158.20515763,   45.22833696,
       -126.4644743 , -312.55503329])
30, array([  25.70500436,  -26.23174583, -157.08706194,   73.93179492,
       -129.50627285, -308.57119394])
31, array([  36.19971062,  -25.61668745, -156.4143894 ,   95.7348263 ,
       -128.00482241, -303.82532663])
32, array([  40.13404734,  -21.88504464, -157.67927672,  106.4564514 ,
       -117.38513681, -300.74696178])
33, array([  38.30879772,  -16.47897883, -160.41298941,  110.12811542,
        -97.5294173 , -299.92057728])
34, array([  34.98555781,   -9.3652973 , -166.09028746,  104.47758806,
        -71.02665376, -308.65365904])
35, array([  28.78864442,   -1.45275776, -172.09673837,   92.61866777,
        -43.35961773, -320.53974599])
36, array([  19.93555843,    6.86706355, -177.71111525,   75.35809712,
        -17.12438604, -334.69082283])
37, array([   8.64380068,   15.20259038, -182.21219118,   53.50261862,
          5.08296452, -350.21887428])
38, array([  -4.86912794,   23.16224648, -184.87873928,   27.85897484,
         20.66635713, -366.23588503])
39, array([ -20.38572656,   30.35445561, -184.98953264,   -0.76609169,
         27.02971499, -381.8538398 ])
