0, array([   0.42638463,   19.98799518, -187.14938341,   -6.42222851,
         26.6444838 , -374.05530617])
1, array([  -7.03750648,   17.35186558, -186.27782791,  -14.55491024,
         17.10723078, -375.12009059])
2, array([  -7.63695227,   15.86254262, -184.90996064,  -10.50664207,
         10.59445928, -374.63118249])
3, array([  -2.88824549,   15.53029421, -183.05922087,    2.98064226,
          7.10997976, -372.72991724])
4, array([   5.69232114,   16.36538825, -180.73904788,   23.16500902,
          6.65760262, -369.55763017])
5, array([  16.58845488,   18.37809265, -177.96288094,   47.3045245 ,
          9.24113831, -365.25565663])
6, array([  28.283863  ,   21.57867533, -174.74415933,   72.65725497,
         14.86439725, -359.96533196])
7, array([  37.35604892,   27.15019945, -170.23004609,   91.53206348,
         20.33186483, -355.50869826])
8, array([  47.0590214 ,   32.59901111, -164.61519225,  114.17676366,
         32.71416816, -344.37018247])
9, array([  48.42622986,   40.68331541, -160.53270626,  123.95975221,
         53.17504377, -336.85718896])
10, array([  45.53443515,   48.8654154 , -156.89521595,  125.05625996,
         78.32576825, -329.1618259 ])
11, array([  44.04617615,   54.58793883, -156.5624736 ,  117.95975594,
        100.91137329, -323.10553723])
12, array([  35.5607185 ,   60.11098786, -154.80584885,   95.68583242,
        122.67406797, -321.39203223])
13, array([  26.25739282,   61.94813507, -155.5276225 ,   69.18991727,
        143.01086201, -319.79515647])
14, array([  13.39083605,   62.3220921 , -158.69104318,   36.63735901,
        143.39538974, -321.07902435])
15, array([  -0.54935001,   58.54752697, -161.85201233,   -1.4312464 ,
        145.29109306, -326.52395019])
16, array([ -14.1180255 ,   52.32889899, -163.32624506,  -37.29647546,
        141.08141196, -330.70441402])
17, array([ -24.88936298,   47.26993594, -165.34752608,  -74.30861647,
        122.25039466, -336.9120931 ])
18, array([ -35.58713093,   39.5391685 , -167.37579355,  -98.67897491,
         98.46143715, -340.45050362])
19, array([ -44.21546788,   30.30776999, -168.4326627 , -120.55629503,
         70.36233474, -341.62594933])
20, array([ -49.19047046,   18.96331944, -165.49993474, -127.67119245,
         36.5460484 , -340.56604822])
21, array([-5.07803972e+01,  8.96980381e+00, -1.64744226e+02, -1.43847248e+02,
        8.42534090e-02, -3.38560911e+02])
22, array([-4.89690614e+01, -1.33493450e-01, -1.63269295e+02, -1.26241672e+02,
       -3.89873973e+01, -3.30973490e+02])
23, array([ -41.49288214,  -12.1956766 , -161.54501428, -122.76317908,
        -77.26507669, -322.20249551])
24, array([ -36.04232814,  -21.37882406, -158.21408055,  -93.29150158,
       -102.70625743, -311.91226158])
25, array([ -24.167613  ,  -27.97213508, -158.55125726,  -62.11425562,
       -123.13273987, -300.22770007])
26, array([ -12.77806111,  -29.3518019 , -159.27223562,  -27.16317804,
       -134.55260865, -293.03814966])
27, array([  -0.7403019 ,  -27.39561028, -159.12284483,    9.29306069,
       -138.21802735, -285.86349952])
28, array([   8.83329952,  -27.73055892, -159.07309175,   45.57388947,
       -132.5442636 , -285.51514433])
29, array([  19.45772505,  -22.02103411, -161.36933287,   80.66839804,
       -126.27809196, -290.64659126])
30, array([  23.65905611,  -16.33748656, -164.25636426,  109.79297965,
        -98.7991914 , -297.3529291 ])
31, array([  27.85552478,  -11.95502365, -168.22618268,  119.81747791,
        -71.81396383, -310.89916426])
32, array([  26.78540988,   -6.18607299, -169.6086469 ,  119.31918354,
        -51.77518429, -327.61321301])
33, array([  26.0517583 ,   -0.7367447 , -174.08558994,  106.77602373,
        -30.95666842, -340.45196218])
34, array([  22.09567451,    2.11868323, -176.92120714,   92.80316429,
        -13.22759375, -354.01871707])
35, array([  16.36191277,    5.02530251, -179.48256838,   74.39259263,
          2.09586373, -365.6573226 ])
36, array([   9.08298603,    8.38002734, -181.69747088,   52.62801708,
         14.33800233, -374.28053789])
37, array([   0.4914072 ,   12.57977192, -183.49371189,   28.59314593,
         22.82312036, -378.80112205])
38, array([  -9.18031079,   18.02145047, -184.79908862,    3.37168753,
         26.87551612, -378.13183419])
39, array([ -19.699655  ,   25.10197717, -185.54139831,  -21.95264983,
         25.81948794, -371.18543343])
