0, array([ -21.73956724,   19.78031477, -182.89031523,   -8.30697843,
         17.9807294 , -368.27805077])
1, array([ -10.95490535,   22.20168923, -185.02382155,    9.34318256,
         14.56346913, -370.0909252 ])
2, array([   4.3910501 ,   29.13043005, -181.24546369,   40.11512053,
         28.47076166, -363.27000204])
3, array([  23.29421125,   38.96770828, -172.11338515,   79.39336398,
         52.99314527, -348.92560298])
4, array([  41.77303779,   50.08262221, -160.30718753,  117.84293779,
         87.70922723, -327.80357949])
5, array([  54.30955799,   59.74063799, -150.36758538,  141.51322266,
        127.71006578, -304.30418435])
6, array([  55.5649805 ,   63.54812109, -147.26988028,  140.36837723,
        158.58157325, -288.67845908])
7, array([  45.93492717,   59.78524075, -152.76781866,  115.29622833,
        167.57898047, -291.85023113])
8, array([  32.17773063,   52.83975157, -162.23643085,   82.63825932,
        151.28752032, -309.09869591])
9, array([  17.62591577,   46.82398362, -171.52503948,   50.2433317 ,
        121.5436137 , -332.24841877])
10, array([   4.84433176,   43.64831908, -176.31935109,   20.36220041,
         90.60539347, -354.51279391])
11, array([  -6.11325576,   43.56369744, -175.21770775,   -5.62090367,
         72.80634318, -367.08506092])
12, array([ -15.75690128,   46.43140136, -171.00735039,  -46.03062481,
         74.91273313, -366.1466075 ])
13, array([ -25.02877921,   47.60705112, -167.7941252 ,  -88.94340341,
         81.66481683, -352.10293301])
14, array([ -34.56363556,   43.22527724, -167.74933454, -125.65848855,
         82.26010455, -342.08347378])
15, array([ -40.31935484,   34.51468855, -169.9727227 , -145.24136719,
         70.40214926, -339.99065884])
16, array([ -39.61477053,   24.3899756 , -174.29709583, -138.90160474,
         49.11567713, -344.9968387 ])
17, array([ -33.53365983,   14.93779957, -179.5800365 , -104.52178945,
         27.27604842, -355.62570965])
18, array([ -28.29746113,    5.83405889, -182.33404325,  -63.3032379 ,
          9.75968456, -368.00888312])
19, array([ -27.98648848,   -1.90745308, -180.99645614,  -39.84041112,
         -2.4270308 , -375.89966015])
20, array([ -32.94879589,   -8.61251084, -175.23898291,  -43.34395316,
        -20.24474112, -372.19541398])
21, array([ -42.55077663,  -15.64878927, -165.76621679,  -64.80817203,
        -49.99521018, -355.44687048])
22, array([ -52.38541147,  -23.60259812, -154.17098848,  -94.00068687,
        -89.84904465, -328.31453748])
23, array([ -55.05152344,  -29.76075463, -146.52463003, -109.96162113,
       -128.4190882 , -301.4669415 ])
24, array([ -48.78791124,  -31.45427929, -145.96020703, -100.98065356,
       -151.23454873, -286.13742967])
25, array([ -37.28166101,  -30.44585446, -150.27035779,  -74.39838247,
       -155.22922266, -286.23925692])
26, array([ -23.24755551,  -28.09037381, -157.2544818 ,  -43.42011405,
       -139.22092223, -303.26887419])
27, array([  -8.7868584 ,  -26.25641307, -163.54143744,  -13.86950902,
       -114.35328494, -328.99725609])
28, array([   4.14858066,  -26.62901873, -164.81967846,    9.95851762,
        -98.47961419, -347.29903275])
29, array([  14.60580481,  -29.44174041, -160.91091019,   29.43901979,
       -102.14681505, -343.04929301])
30, array([  25.84508413,  -32.33439844, -155.36832969,   55.35418434,
       -120.50030827, -319.64037296])
31, array([  37.74104083,  -31.91029517, -151.38259561,   86.91356322,
       -137.52060102, -293.82997587])
32, array([  48.17689866,  -27.33404244, -151.09538831,  116.28388745,
       -142.91680895, -277.67309765])
33, array([  53.56627899,  -18.81185325, -155.62981536,  131.68223963,
       -128.73733707, -279.42279307])
34, array([  50.76812877,   -8.14748477, -164.65899895,  126.295109  ,
        -95.30170293, -300.43894097])
35, array([  38.68138901,    2.44194091, -172.91513312,   98.66498432,
        -58.24149611, -329.2908171 ])
36, array([  22.19322868,   11.1661712 , -179.57870762,   60.93354617,
        -27.45370812, -354.72334182])
37, array([   6.7472976 ,   17.20144204, -184.43978413,   25.96631214,
         -7.18545425, -369.78793712])
38, array([  -4.11596737,   20.62826307, -186.25542187,    1.64705112,
          3.53212045, -375.0630635 ])
39, array([  -9.43080407,   21.72910178, -186.10105253,   -9.67425363,
          7.08909735, -375.09914191])
