0, array([  -0.91899057,   18.13277784, -185.50744457,    8.21639846,
          7.20121232, -375.89966015])
1, array([   2.49820051,   19.79967888, -186.25542187,   17.20427445,
         11.83283557, -374.34137655])
2, array([  12.0544196 ,   23.031526  , -185.79519511,   36.662738  ,
         15.41643084, -373.4027406 ])
3, array([  26.42767089,   30.85968973, -181.92352746,   72.12440497,
         36.28046364, -363.53558183])
4, array([  42.20971175,   41.0208158 , -176.18620093,  111.1871927 ,
         70.89576529, -346.36306973])
5, array([  54.13259391,   51.3879084 , -170.62341064,  138.9259843 ,
        116.53162057, -325.11164552])
6, array([  55.5649805 ,   56.70862274, -167.80266746,  141.51322266,
        154.27056631, -311.95142062])
7, array([  47.66468163,   57.1514977 , -168.36464568,  119.80792197,
        167.57898047, -313.30395087])
8, array([  34.55644291,   55.75407122, -171.04656772,   85.11653936,
        158.09880873, -326.62231613])
9, array([  19.55329636,   55.19578061, -173.39512116,   47.14444296,
        138.50032729, -345.89814497])
10, array([   5.30554588,   57.00359802, -172.75254111,   10.96050588,
        124.50301712, -360.36946313])
11, array([  -6.32280597,   60.17892912, -170.1576865 ,  -19.76633324,
        128.15608076, -359.61408121])
12, array([ -16.82113221,   63.54812109, -167.00282718,  -57.00721456,
        148.20987498, -344.17612665])
13, array([ -26.6551973 ,   63.20853707, -165.68328162, -101.48066681,
        163.51235106, -328.31875412])
14, array([ -33.02075801,   56.37046597, -167.33597065, -135.36298724,
        157.92442777, -321.92079286])
15, array([ -32.7826753 ,   44.98960237, -170.90803921, -145.24136719,
        130.37728344, -327.33902858])
16, array([ -27.20924154,   32.185431  , -174.85349736, -125.73764602,
         87.9769793 , -342.28528465])
17, array([ -22.42449103,   20.4271253 , -177.4651011 ,  -94.40569122,
         46.69522102, -359.3469061 ])
18, array([ -21.34817525,    9.86060002, -177.7267765 ,  -65.41966817,
         13.30995726, -370.73741197])
19, array([ -26.78993063,    1.60273608, -174.24771683,  -56.87935323,
        -10.4809028 , -369.79363813])
20, array([ -38.55619523,   -3.99712452, -167.27716904,  -83.0152642 ,
        -36.5873726 , -357.27311773])
21, array([ -50.21002973,   -9.95588596, -159.36101097, -113.86670803,
        -70.85168415, -334.33202727])
22, array([ -55.05152344,  -15.76226074, -152.97484045, -131.29704276,
       -105.20387629, -311.99409761])
23, array([ -51.5004018 ,  -18.93547329, -151.05695897, -125.92327366,
       -130.88428659, -298.53068071])
24, array([ -42.10006953,  -19.69542706, -153.64091007, -101.83398607,
       -140.80305171, -298.15358958])
25, array([ -27.71192322,  -19.3963596 , -157.81054797,  -65.84372895,
       -126.45758453, -312.17569412])
26, array([ -11.59502129,  -20.05273025, -160.83220771,  -30.4728895 ,
        -99.45983688, -333.3649706 ])
27, array([   2.36260519,  -22.47598167, -160.26761885,   -5.27146819,
        -80.54302814, -349.20677539])
28, array([  13.87578798,  -26.84349839, -155.76568071,   13.76992137,
        -84.60426027, -347.85790524])
29, array([  24.88689787,  -32.00043439, -148.91820935,   36.25208978,
       -110.81150139, -327.96158689])
30, array([  35.64821185,  -32.33439844, -145.96020703,   65.08955965,
       -139.16392907, -302.55418507])
31, array([  44.03518416,  -27.64628698, -146.95879613,   92.46399898,
       -155.22922266, -283.80064605])
32, array([  49.88244691,  -19.6782477 , -151.95708056,  114.37710835,
       -150.25375193, -277.67309765])
33, array([  52.30380854,   -9.83314731, -159.87042678,  126.70410764,
       -124.68216308, -286.54242138])
34, array([  48.5572188 ,    0.50849898, -168.55595009,  121.97856001,
        -89.6618977 , -307.73659154])
35, array([  38.67807055,   10.85364348, -175.14403695,   98.57831525,
        -53.93096711, -331.98032289])
36, array([  26.46240085,   19.38392592, -179.46696776,   67.14584688,
        -23.22437718, -349.98966697])
37, array([  15.71915279,   26.05284641, -181.59830957,   37.96606294,
          2.9106448 , -361.77822047])
38, array([   7.80871862,   31.08863606, -182.19069004,   15.12422523,
         24.10719808, -369.44089046])
39, array([   2.89994793,   33.92103034, -182.03751435,   -0.67868014,
         37.15583124, -373.09173463])
