0, array([  -5.36965591,   15.31611974, -186.25542187,  -16.32684047,
         -1.64707025, -370.87270023])
1, array([ -10.15898792,   14.46142546, -184.62434959,  -28.91114764,
          3.6457598 , -371.04800876])
2, array([ -10.74542142,   13.55174042, -183.89697545,  -30.8442171 ,
          2.06138268, -371.10235407])
3, array([  -7.83390714,   12.99800008, -183.8630315 ,  -23.77480988,
         -3.744168  , -370.93492442])
4, array([  -2.17113277,   13.79923712, -184.15846912,   -9.26656592,
         -8.77780177, -370.24981324])
5, array([   9.94581161,   18.26326722, -182.29381541,   22.9824007 ,
         -8.15088256, -367.53565642])
6, array([  22.4184628 ,   23.86540239, -179.51511321,   56.12341908,
         -1.85832499, -364.18394091])
7, array([  33.68691352,   30.03888167, -176.11924645,   85.80675554,
         10.54093758, -360.5101639 ])
8, array([  43.74718787,   37.65791088, -172.64113614,  111.79069295,
         31.18092182, -356.31452995])
9, array([  51.10504312,   45.29965952, -169.50231338,  130.564914  ,
         55.65667888, -352.00891609])
10, array([  55.5649805 ,   52.63011409, -167.04372124,  141.51322266,
         83.03123276, -347.54170599])
11, array([  55.47510075,   58.88471123, -166.16045572,  140.03674193,
        112.76834603, -342.79562207])
12, array([  49.07746787,   62.49085948, -167.32369325,  122.57800145,
        138.63290163, -338.24597561])
13, array([  39.12056527,   63.54812109, -169.37245567,   96.76151635,
        157.44444436, -335.30783961])
14, array([  25.76968717,   61.807898  , -172.13613791,   63.14894887,
        167.57898047, -334.48771104])
15, array([   9.45400234,   56.56293836, -175.22007043,   22.36302151,
        162.23316578, -337.07600837])
16, array([  -6.87270401,   50.02806827, -177.51779259,  -18.68787323,
        148.77063231, -341.02688704])
17, array([ -22.4824563 ,   42.47639537, -178.63084375,  -58.29482995,
        129.06923305, -345.80858034])
18, array([ -35.57979387,   34.27979177, -177.68662084,  -92.1763903 ,
        104.41472504, -350.81712745])
19, array([ -44.90810763,   25.00676969, -175.52452164, -117.25431353,
         73.25930461, -353.57082115])
20, array([ -51.52308643,   15.45236686, -172.37210811, -135.28374219,
         38.47585579, -353.83555526])
21, array([ -55.05152344,    5.98728807, -168.27828953, -145.24136719,
          1.54587652, -351.07492129])
22, array([ -53.17911212,   -3.59305488, -162.6751068 , -141.8970259 ,
        -37.29203851, -341.67034814])
23, array([ -47.48709432,  -12.827243  , -157.24541152, -126.42539104,
        -73.47643735, -328.12639027])
24, array([ -39.23571168,  -20.84331408, -152.43401231, -102.155521  ,
       -104.80040119, -312.95334676])
25, array([ -28.62762596,  -26.96035034, -148.55926003,  -69.09541023,
       -129.59832318, -297.33710358])
26, array([ -16.09337283,  -30.75248453, -146.6276919 ,  -25.62301958,
       -146.62805099, -285.97643834])
27, array([  -3.52513713,  -32.33439844, -145.96020703,   18.26570301,
       -155.22922266, -279.36852433])
28, array([   8.8952602 ,  -31.74393644, -146.47376859,   61.02230804,
       -155.00614172, -277.67309765])
29, array([  20.24286282,  -28.10291716, -148.59950321,   96.19302843,
       -140.0687216 , -283.93415181])
30, array([  28.77308234,  -22.39629299, -152.72635475,  120.37321725,
       -116.77188706, -295.64603594])
31, array([  34.33249637,  -15.72452886, -158.1125167 ,  134.43345382,
        -89.73990411, -310.27910798])
32, array([  36.09084005,   -8.45811518, -164.67066269,  136.35025559,
        -60.6180349 , -327.15976404])
33, array([  32.94143634,   -2.91910053, -170.84034227,  123.54081626,
        -37.00928155, -342.60514222])
34, array([  28.06535003,    1.0532032 , -175.9654753 ,  104.82540046,
        -18.80890256, -355.16867704])
35, array([  21.73455619,    3.50742419, -180.06212322,   81.76214773,
         -5.84360819, -364.9200128 ])
36, array([  14.65520249,    4.09533633, -182.74667855,   59.29645659,
          0.42898993, -370.96180871])
37, array([   8.06519932,    4.276817  , -184.34674924,   40.12936511,
          2.75443087, -374.36036812])
38, array([   2.28676882,    4.19176979, -185.45476975,   24.81751667,
          2.73085253, -375.89966015])
39, array([  -2.2533796 ,    3.87093892, -186.22575288,   14.56572717,
          0.75879282, -375.6408913 ])
