0, array([  -6.44843866,   25.03349691, -186.25542187,  -13.25285208,
         21.64225895, -375.89966015])
1, array([   5.03607165,   26.62848423, -184.13231928,   13.977227  ,
         27.07483157, -373.34225224])
2, array([  17.05371841,   28.85541948, -181.30425433,   43.25086094,
         34.94793277, -369.09121214])
3, array([  30.43804432,   32.2074728 , -177.20691885,   77.07169301,
         47.13620257, -361.89554244])
4, array([  42.05465308,   36.7867129 , -172.06130333,  107.27946011,
         63.89651077, -351.9210401 ])
5, array([  51.93720761,   41.7801884 , -166.61862597,  133.09884848,
         82.30760189, -340.8975139 ])
6, array([  55.5649805 ,   47.53845465, -160.74327097,  141.51322266,
        104.21551233, -327.48296223])
7, array([  53.96546405,   52.98524836, -155.37550881,  135.83379433,
        125.35446212, -314.01243801])
8, array([  47.73899147,   58.07107776, -150.54201497,  117.70020811,
        145.48392873, -300.69934477])
9, array([  32.58157529,   61.37827702, -147.64312175,   76.85930555,
        158.46108569, -291.44601947])
10, array([  15.20497614,   63.54812109, -145.96020703,   31.00650316,
        167.2114326 , -284.93977879])
11, array([  -4.88907353,   63.42377168, -146.71382186,  -20.20432517,
        167.57898047, -284.05452221])
12, array([ -23.42305346,   61.38676587, -149.82436057,  -66.79545123,
        160.92600629, -288.53637273])
13, array([ -40.59554056,   58.2400462 , -154.20318825, -109.61436256,
        150.23341176, -296.0550622 ])
14, array([ -50.05677609,   52.6979958 , -159.78045589, -133.29461229,
        131.47958371, -308.70658099])
15, array([ -55.05152344,   46.18566371, -165.4703056 , -145.24136719,
        109.83679329, -322.61263447])
16, array([ -53.78227164,   38.47371483, -171.19468676, -140.75746577,
         84.66998911, -337.95338197])
17, array([ -44.18933596,   29.87486369, -175.47705581, -112.62628337,
         56.83254536, -348.69735594])
18, array([ -31.82495913,   21.1830468 , -178.8929112 ,  -76.67341203,
         28.61661852, -356.7301438 ])
19, array([ -14.77286421,   12.24853786, -180.30427993,  -27.55640318,
         -0.91920438, -358.35590339])
20, array([   0.51450089,    3.40100802, -179.92698117,   16.55581665,
        -30.28206955, -354.08821105])
21, array([  14.28670263,   -5.24731932, -178.25815164,   56.35937202,
        -59.06775065, -345.61160605])
22, array([  21.02693029,  -13.33384646, -174.38664278,   75.07465264,
        -86.87146993, -329.59520475])
23, array([  23.45194492,  -20.58223784, -170.31325431,   81.69485141,
       -112.19487185, -313.43388724])
24, array([  18.2776779 ,  -26.17755157, -166.13703691,   67.16095057,
       -132.50206954, -298.00127844])
25, array([   7.3397629 ,  -29.84269071, -163.08937689,   37.20553595,
       -145.92768724, -286.66476545])
26, array([  -6.0542846 ,  -32.33439844, -160.83104818,    0.55948443,
       -155.22922266, -278.01554257])
27, array([ -20.62948529,  -31.65652002, -161.29202219,  -40.31336916,
       -153.76471857, -277.67309765])
28, array([ -33.66661689,  -29.38000478, -162.90294093,  -77.70908653,
       -146.56289019, -281.75404398])
29, array([ -44.74991618,  -25.34634718, -165.77828254, -110.5507756 ,
       -133.03813821, -290.73531124])
30, array([ -49.01863378,  -19.48822862, -169.70765362, -126.85927603,
       -112.6383823 , -305.22145076])
31, array([ -50.42220773,  -13.13462338, -173.93277205, -135.49339479,
        -90.51350188, -320.9388047 ])
32, array([ -45.88827282,   -6.47192066, -178.33521147, -127.05208763,
        -67.58247137, -336.92704405])
33, array([ -38.11590634,   -0.35486948, -182.16756437, -108.55932414,
        -47.16698309, -350.89426304])
34, array([ -28.16749695,    5.58253636, -185.74780128,  -83.45434151,
        -27.77571696, -363.97729887])
