0, array([   5.89208107,   26.79558508, -183.08331081,    8.02505885,
         13.38403191, -372.01676844])
1, array([  18.08443956,   28.71212969, -180.28398036,   39.5453224 ,
         19.61327635, -368.35195813])
2, array([  32.03485704,   32.36543016, -175.9279855 ,   76.72866524,
         32.96242537, -361.81063625])
3, array([  48.5465719 ,   38.21692373, -169.56627765,  121.90826179,
         55.26979296, -351.61246212])
4, array([  54.07021955,   43.8931725 , -164.05331636,  137.45782553,
         79.07656424, -341.37224694])
5, array([  55.5649805 ,   49.6160864 , -158.62211358,  141.51322266,
        103.7725391 , -330.618789  ])
6, array([  51.66459659,   55.28724247, -153.34831267,  129.88261199,
        129.09251048, -319.2594645 ])
7, array([  40.78595259,   59.43049267, -149.61583863,   97.50450365,
        147.85638008, -311.68157756])
8, array([  26.49872309,   62.53447593, -146.85168202,   56.13410731,
        162.18887992, -306.21885018])
9, array([   7.69425062,   63.54812109, -145.96020703,    4.39046872,
        167.57898047, -304.57671581])
10, array([ -11.74300033,   62.22515921, -147.22840911,  -46.96484161,
        163.94534784, -307.56288272])
11, array([ -30.69788807,   59.40853282, -149.80224317,  -95.88135506,
        154.65991113, -313.22796668])
12, array([ -44.5115811 ,   53.97210696, -154.46608169, -129.44855868,
        135.61190745, -322.82476926])
13, array([ -52.14507112,   47.67943697, -159.63817227, -144.28062096,
        113.93001545, -334.00124175])
14, array([ -55.05152344,   40.84060926, -165.04996639, -145.24136719,
         90.75035442, -346.04060867])
15, array([ -48.46206572,   33.21191274, -170.23934505, -121.13393551,
         66.68354535, -358.16170078])
16, array([ -36.49383456,   25.24239577, -174.62704737,  -82.22146616,
         41.40162691, -366.11845009])
17, array([ -20.0776749 ,   17.08178594, -178.25611225,  -31.17152057,
         15.395519  , -370.35196666])
18, array([  -0.73850463,    8.91645039, -178.89626765,   23.7459531 ,
        -11.17006636, -363.5343516 ])
19, array([ 1.61818526e+01,  3.34165126e-01, -1.78194788e+02,  7.05856449e+01,
       -3.97122311e+01, -3.52144430e+02])
20, array([  29.66942132,   -8.46892189, -175.91463054,  106.27315549,
        -69.69282382, -335.66465279])
21, array([  32.79702015,  -16.36572113, -172.26620823,  111.6207206 ,
        -98.26761371, -318.13100107])
22, array([  31.27877773,  -23.26450441, -168.47322197,  104.61581902,
       -123.43188407, -301.81289773])
23, array([  23.80121368,  -28.55635526, -164.73000299,   82.30988549,
       -142.77821386, -287.93947231])
24, array([  11.74302889,  -31.21468321, -162.62631706,   48.68295207,
       -151.97194874, -280.73358675])
25, array([  -1.38020553,  -32.33439844, -161.57714455,   12.40029617,
       -155.22922266, -277.67309765])
26, array([ -15.39179828,  -30.99094721, -162.30083141,  -26.3905964 ,
       -148.90881648, -281.51236061])
27, array([ -26.36149111,  -27.55083561, -164.8004245 ,  -57.97166582,
       -134.23133486, -292.07427919])
28, array([ -34.60124027,  -23.08568803, -168.15627394,  -82.86705796,
       -115.62801836, -305.9232196 ])
29, array([ -36.22605545,  -17.14186484, -172.67422413,  -91.54453854,
        -91.79637621, -324.47609502])
30, array([ -31.26961817,  -10.84290116, -176.85679513,  -83.17870642,
        -68.46837745, -341.143476  ])
31, array([ -22.36340898,   -4.52842425, -180.68635988,  -64.4245431 ,
        -46.30055565, -356.03017458])
32, array([  -9.50142171,    0.96262983, -183.48568783,  -34.52090779,
        -29.34934051, -366.09082727])
33, array([   1.81450438,    5.18133539, -185.27013562,   -7.44117609,
        -17.26874869, -372.45324169])
34, array([  12.14854167,    8.45242658, -186.25542187,   18.02076578,
         -8.92715467, -375.89966015])
