0, array([  25.50657369,   31.12308236, -177.31881953,   54.9809242 ,
         24.16119574, -366.12034472])
1, array([  36.47754271,   35.30537402, -174.53778818,   84.23356814,
         38.75518401, -360.77765612])
2, array([  45.83090381,   39.95637669, -171.51179609,  110.17766727,
         55.75427732, -354.12732813])
3, array([  53.6738493 ,   45.14940349, -168.22144057,  133.10384699,
         75.46677964, -346.08329031])
4, array([  55.5649805 ,   50.07047123, -165.77190009,  141.51322266,
         96.22504463, -337.64762214])
5, array([  53.93778862,   54.57316365, -163.79722741,  140.35987537,
        116.48038729, -329.55683472])
6, array([  49.09286417,   58.52533423, -162.3409253 ,  130.18060158,
        135.54178559, -321.99191552])
7, array([  38.0379762 ,   61.23220892, -162.02306336,  100.92795765,
        151.48695821, -314.97316334])
8, array([  23.36948786,   62.88065331, -162.27925952,   60.65078762,
        161.97732508, -309.72249662])
9, array([   5.80153416,   63.54812109, -163.06470936,   11.66432089,
        167.57898047, -306.23295738])
10, array([ -13.20115576,   61.96448511, -164.86974825,  -41.48910388,
        162.38764357, -307.72506933])
11, array([ -28.93681945,   58.51183484, -167.07623266,  -85.93235565,
        149.95016465, -312.32787836])
12, array([ -41.75018048,   53.64365089, -169.56155792, -122.87591226,
        132.18017384, -319.18156486])
13, array([ -47.29150327,   47.2070111 , -172.10151768, -141.47959345,
        108.93188917, -328.29587325])
14, array([ -47.23385964,   39.62060899, -174.40480234, -145.24136719,
         83.5820901 , -337.81847374])
15, array([ -43.39813816,   31.63482735, -176.28070435, -137.81357981,
         57.74270497, -346.86635112])
16, array([ -34.62365639,   23.36330306, -177.15247978, -113.24550028,
         31.24758918, -354.32043748])
17, array([ -21.57870362,   15.33150015, -176.86149857,  -75.21588414,
          5.22044422, -358.35415213])
18, array([  -6.59674768,    7.6059599 , -175.64969515,  -30.99981788,
        -19.93563011, -359.34981706])
19, array([ 1.04653817e+01,  8.63711601e-02, -1.72920251e+02,  1.98361445e+01,
       -4.44696446e+01, -3.55202544e+02])
20, array([  22.91612197,   -6.91306201, -168.74827199,   58.59408603,
        -67.37116484, -344.5598795 ])
21, array([  30.83327443,  -13.6842985 , -163.60978163,   85.22004398,
        -90.05981721, -330.48940014])
22, array([  30.80449634,  -19.88202472, -157.42941841,   90.12597923,
       -112.01483316, -313.33405607])
23, array([  21.63138385,  -25.21408325, -152.08968835,   69.50887946,
       -131.15599028, -297.89025059])
24, array([   9.03387187,  -29.49224999, -148.05653252,   38.23409759,
       -146.16744865, -285.51828348])
25, array([  -6.85756215,  -32.33439844, -145.96020703,   -4.13475934,
       -155.22922266, -277.67309765])
26, array([ -23.07443302,  -31.86975589, -147.09552964,  -49.77456717,
       -153.38209248, -278.35238369])
27, array([ -37.54019962,  -29.60053955, -149.8541106 ,  -91.20269698,
       -145.33082859, -283.77817993])
28, array([ -49.75431578,  -25.22093478, -154.47822006, -126.88651173,
       -129.90964927, -294.77481839])
29, array([ -54.69223947,  -17.66830455, -160.68865752, -140.76319143,
       -105.44065931, -310.26347036])
30, array([ -55.05152344,   -8.95540665, -167.05674637, -141.85737935,
        -78.11465334, -326.61858774])
31, array([ -50.29132006,    0.60251597, -173.2304309 , -128.82802075,
        -49.04961048, -343.02561929])
32, array([ -40.38109921,    9.29757352, -178.51579802, -100.17797461,
        -23.35819935, -356.8849411 ])
33, array([ -30.53859367,   16.47771258, -182.82928713,  -71.15916422,
         -2.56742996, -367.7831322 ])
34, array([ -20.75604206,   22.25949989, -186.25542187,  -41.71576221,
         13.65734661, -375.89966015])
