0, array([  -5.30461361,   15.89716777, -185.56999797,  -10.64211945,
         -9.79936643, -368.00296015])
1, array([  -5.14850512,   14.2314796 , -186.25542187,  -11.05782858,
        -13.52805597, -367.72228244])
2, array([   1.93919754,   13.1031502 , -185.24837539,    4.47691728,
        -16.82434852, -366.7100505 ])
3, array([  11.13179455,   13.61441066, -183.22186876,   26.27031384,
        -16.34680396, -365.05538978])
4, array([  20.76010873,   16.105158  , -180.05927881,   50.59194359,
        -10.46499724, -362.56394316])
5, array([  31.40582603,   20.46343942, -175.18650022,   78.12786886,
          1.30455921, -358.9093208 ])
6, array([  41.94447891,   26.43132716, -168.76696576,  105.39780525,
         18.8656762 , -354.52800611])
7, array([  50.3630272 ,   34.19526394, -161.83793515,  127.4364493 ,
         42.57933806, -349.09659146])
8, array([  55.12947641,   42.69062357, -155.13761573,  140.20430403,
         69.79847294, -343.76194485])
9, array([  55.5649805 ,   50.67324611, -150.00354967,  141.51322266,
         97.11048869, -339.09554596])
10, array([  51.92463856,   57.3625387 , -146.968962  ,  131.36256252,
        122.77263321, -334.91117255])
11, array([  45.23942427,   61.88241388, -145.96020703,  111.70291619,
        144.69647941, -330.75720979])
12, array([  34.36276885,   63.54812109, -148.20569043,   81.23525389,
        161.35530796, -327.93047404])
13, array([  20.82104967,   61.78123862, -152.83849295,   45.30021439,
        167.57898047, -326.70320521])
14, array([   5.90395146,   57.61718065, -158.48831291,    8.16746358,
        164.05195762, -328.19478852])
15, array([  -9.5051485 ,   51.5124562 , -163.88603297,  -28.58587735,
        151.67745779, -332.16629777])
16, array([ -23.77161186,   44.04924205, -167.88211928,  -62.28736761,
        132.20426458, -337.74955746])
17, array([ -35.79977774,   35.52965091, -170.7200281 ,  -91.64040978,
        106.72198802, -344.85871824])
18, array([ -44.78183197,   27.36546408, -171.82604811, -114.65068953,
         79.23780925, -350.89072549])
19, array([ -51.00613346,   19.19313343, -171.0316612 , -131.52631518,
         49.00839763, -354.07390489])
20, array([ -54.35011739,   11.05457658, -169.54741292, -141.77365183,
         16.36919922, -352.9693577 ])
21, array([ -55.05152344,    3.2575295 , -167.69809703, -145.24136719,
        -16.30470618, -346.67883421])
22, array([ -53.9368495 ,   -4.48210854, -164.76473529, -142.90515406,
        -47.98358125, -334.86958627])
23, array([ -50.23093627,  -12.59893503, -161.42676847, -132.02640641,
        -77.47710085, -318.80672117])
24, array([ -44.14466167,  -20.06540162, -158.45631922, -114.32189883,
       -105.0132672 , -302.73200943])
25, array([ -36.08174116,  -26.5563778 , -155.85251401,  -89.41087984,
       -129.52858597, -289.23220925])
26, array([ -26.37642883,  -30.87994364, -154.00137079,  -58.78674183,
       -147.23746289, -280.47956311])
27, array([ -14.99939486,  -32.33439844, -153.14149796,  -23.53838795,
       -155.22922266, -277.67309765])
28, array([  -2.47512846,  -30.91740701, -153.33101104,   13.38400715,
       -150.49850736, -282.24297356])
29, array([   8.88052848,  -26.17099   , -155.78620163,   43.93971153,
       -131.79487845, -294.62745258])
30, array([  18.54101075,  -19.32926218, -159.6688176 ,   67.21507545,
       -106.4427448 , -310.15229088])
31, array([  25.15769721,  -10.99960395, -164.52539679,   80.43753556,
        -77.35244489, -326.48217437])
32, array([  27.94106944,   -1.92174703, -169.68821701,   82.72377345,
        -46.80843342, -342.39738588])
33, array([  26.30845874,    6.43300663, -174.13864015,   74.00617759,
        -18.84408117, -356.29020006])
34, array([  20.4461135 ,   12.48007033, -177.92092603,   54.47447598,
          2.52401748, -366.47499679])
35, array([  12.52834328,   16.41412568, -180.74171502,   30.58441663,
         16.08622215, -372.53869275])
36, array([   4.24650946,   18.60766988, -182.40755551,    7.5584446 ,
         23.16685678, -375.28945698])
37, array([  -3.48049073,   19.57881247, -183.08717242,  -11.97230916,
         25.66788586, -375.89966015])
38, array([  -9.55237523,   19.59108184, -182.86417755,  -25.54460591,
         25.19544096, -375.36480421])
39, array([ -13.40245442,   18.52177611, -181.62518146,  -32.86580589,
         22.85688948, -374.25941901])
