0, array([  -7.71245251,   25.59078905, -183.50275449,  -35.10542492,
         15.59861057, -373.70410613])
1, array([   5.28759778,   21.92113449, -178.62084386,   13.62327893,
         10.54873375, -372.69632178])
2, array([  18.01943675,   22.16286978, -174.02279353,   51.79378964,
         16.27198082, -367.38899541])
3, array([  29.62385875,   25.46930239, -169.73307496,   79.51593897,
         30.42522041, -358.8887265 ])
4, array([  39.24165812,   30.9937398 , -165.77615963,   96.8995587 ,
         50.66532119, -348.30211454])
5, array([  46.01362918,   37.88948948, -162.17651898,  104.05448062,
         74.64915178, -336.73575901])
6, array([  49.08056627,   45.30985891, -158.95862449,  101.09053649,
        100.03358084, -325.29625938])
7, array([  46.22475887,   51.68299204, -155.43537753,   90.20324449,
        121.93003514, -315.74539968])
8, array([  32.59765565,   56.95413166, -153.00140318,   54.36560983,
        147.13136164, -309.25761216])
9, array([  16.99825665,   60.07109521, -151.28459576,   14.70826639,
        156.86946398, -306.87784942])
10, array([  -2.93466447,   60.4083788 , -150.50403303,  -26.03899132,
        164.0827091 , -308.76097746])
11, array([ -19.00243989,   57.52146142, -151.69046003,  -74.11713377,
        152.92737283, -312.04184244])
12, array([ -35.31692316,   53.3325975 , -154.28901983, -100.77808745,
        149.59909501, -319.93856862])
13, array([ -49.3838347 ,   46.51185196, -157.5575613 , -121.7359041 ,
        129.28032984, -328.44937512])
14, array([ -55.16962358,   38.78733056, -163.08361352, -127.10634038,
        106.91101029, -338.32376142])
15, array([ -52.69226896,   30.64437434, -166.46172111, -108.07589612,
         82.19780217, -347.58648138])
16, array([ -42.65031706,   23.2289443 , -170.99349619,  -72.75180075,
         53.60821723, -353.94392714])
17, array([ -25.90870731,   15.529238  , -175.01505739,  -38.63101811,
         23.11015196, -359.63770461])
18, array([ -10.28642323,    8.25119855, -177.81841994,    2.24977155,
         -7.98707423, -359.69434518])
19, array([   5.41207863,    1.21709253, -176.64261766,   35.57460983,
        -36.81592453, -355.46810325])
20, array([  21.16950522,   -5.44391048, -173.97965991,   54.41628783,
        -60.41918097, -346.90373584])
21, array([  30.57879861,  -12.32869261, -171.63117257,   64.47902552,
        -88.71603171, -333.42353688])
22, array([  36.14525372,  -19.20142681, -167.48833296,   61.24970415,
       -110.4583187 , -320.44741379])
23, array([  35.74320813,  -24.7755156 , -162.70672505,   41.66992391,
       -134.83082776, -305.06010328])
24, array([  24.62274512,  -28.16973735, -159.5651082 ,   37.37004908,
       -141.75444319, -293.68383165])
25, array([  13.14301988,  -30.47344483, -157.17597873,    8.90294677,
       -152.89016194, -284.12269371])
26, array([   2.56185448,  -31.38284215, -156.65135102,  -14.97666064,
       -158.64716237, -283.41933785])
27, array([  -9.35374007,  -29.9098359 , -156.23513282,  -35.80242673,
       -146.15109778, -287.06982746])
28, array([ -21.06307   ,  -25.71330242, -159.93524045,  -58.35424694,
       -132.07367265, -293.65838637])
29, array([ -30.3669777 ,  -20.6392555 , -164.80517052,  -76.97310918,
       -113.3592116 , -308.33840784])
30, array([ -37.37839464,  -14.91395087, -170.06285453,  -90.4027407 ,
        -92.02702728, -324.83159619])
31, array([ -41.36545823,   -8.97142733, -175.13590481,  -96.84152248,
        -69.49935067, -341.51833788])
32, array([ -41.59630589,   -3.24572367, -179.45193372,  -94.48783552,
        -47.19841276, -356.77901936])
33, array([ -37.33907503,    1.82912131, -182.43855363,  -81.54006077,
        -26.54644451, -368.99402709])
34, array([ -27.86190309,    5.81906882, -183.52337687,  -56.19657922,
         -8.96567693, -376.54374752])
