[-0.04780181755579718,0.047133000594399455,-0.4261213562994879,-0.13248126919214168,-0.05556706947368477,-0.655751109685835] [-0.02228885773986611,0.07385787758512402,-0.3841163547944504,-0.09510186959610761,-0.0287005513495857,-0.6374211242503778]
[-0.02228885773986611,0.07385787758512402,-0.3841163547944504,-0.09510186959610761,-0.0287005513495857,-0.6374211242503778] [0.11499483663757529,0.08653780053624754,-0.3591771667546233,0.010523573546210753,-0.032902933107070625,-0.641612844794401]
[0.11499483663757529,0.08653780053624754,-0.3591771667546233,0.010523573546210753,-0.032902933107070625,-0.641612844794401] [0.30347415443728404,0.16667028952029045,-0.2122181880393228,0.21089940217394562,0.03682093086467576,-0.5727035859572105]
[0.30347415443728404,0.16667028952029045,-0.2122181880393228,0.21089940217394562,0.03682093086467576,-0.5727035859572105] [0.49625065270346136,0.28119227719672346,0.010641587138884745,0.4359790711472023,0.1590884796980157,-0.4422394115644641]
[0.49625065270346136,0.28119227719672346,0.010641587138884745,0.4359790711472023,0.1590884796980157,-0.4422394115644641] [0.6410122894361292,0.4164110555887893,0.25872018604182223,0.6177463512010808,0.3352646400575376,-0.23418260758132536]
[0.6410122894361292,0.4164110555887893,0.25872018604182223,0.6177463512010808,0.3352646400575376,-0.23418260758132536] [0.6858030130942141,0.5253037637818945,0.42968266650889486,0.6896830037609945,0.5233968577370951,0.003801815623955207]
[0.6858030130942141,0.5253037637818945,0.42968266650889486,0.6896830037609945,0.5233968577370951,0.003801815623955207] [0.6061613995355493,0.5608404194382355,0.4132349631616945,0.6180659933733227,0.6514254905886471,0.14905325960073146]
[0.6061613995355493,0.5608404194382355,0.4132349631616945,0.6180659933733227,0.6514254905886471,0.14905325960073146] [0.47286885479920915,0.5274449154851073,0.2724907362722462,0.46615481237780076,0.6739800822917208,0.11343443826612543]
[0.47286885479920915,0.5274449154851073,0.2724907362722462,0.46615481237780076,0.6739800822917208,0.11343443826612543] [0.2997316289980011,0.4580427832443297,0.07820025163067079,0.2652134433481326,0.5830668340054581,-0.07824379296588013]
[0.2997316289980011,0.4580427832443297,0.07820025163067079,0.2652134433481326,0.5830668340054581,-0.07824379296588013] [0.12152156903540628,0.3923553612734316,-0.05884133759838761,0.06271828150826711,0.4606353590404805,-0.3232516689159315]
[0.12152156903540628,0.3923553612734316,-0.05884133759838761,0.06271828150826711,0.4606353590404805,-0.3232516689159315] [-0.03604070837532925,0.34975688075767863,-0.10869237246632935,-0.126212314330982,0.37230842600861613,-0.5040331959086934]
[-0.03604070837532925,0.34975688075767863,-0.10869237246632935,-0.126212314330982,0.37230842600861613,-0.5040331959086934] [-0.1549334129136463,0.3409640137769959,-0.05852659303007357,-0.3023643427481132,0.36112071105905025,-0.495112532518891]
[-0.1549334129136463,0.3409640137769959,-0.05852659303007357,-0.3023643427481132,0.36112071105905025,-0.495112532518891] [-0.24010613781833468,0.3531651868973369,0.025070599176881814,-0.49624966597548603,0.41700997727058575,-0.3086870922516507]
[-0.24010613781833468,0.3531651868973369,0.025070599176881814,-0.49624966597548603,0.41700997727058575,-0.3086870922516507] [-0.29766808104747267,0.34011172724551375,0.03778708777322315,-0.6710815860023801,0.4634701875582412,-0.12589605953074123]
[-0.29766808104747267,0.34011172724551375,0.03778708777322315,-0.6710815860023801,0.4634701875582412,-0.12589605953074123] [-0.30617810122050765,0.2793813226989572,-0.021568339155182414,-0.7684176435511029,0.45202767995098414,-0.06385104456852098]
[-0.30617810122050765,0.2793813226989572,-0.021568339155182414,-0.7684176435511029,0.45202767995098414,-0.06385104456852098] [-0.26777549592479016,0.17705852801133626,-0.1386145606166469,-0.7550590746019405,0.3646897897529272,-0.15227726654895424]
[-0.26777549592479016,0.17705852801133626,-0.1386145606166469,-0.7550590746019405,0.3646897897529272,-0.15227726654895424] [-0.18660173938597902,0.059061564900035335,-0.27435888762220273,-0.5914937625888538,0.25056534011753856,-0.3464299647053215]
[-0.18660173938597902,0.059061564900035335,-0.27435888762220273,-0.5914937625888538,0.25056534011753856,-0.3464299647053215] [-0.13583152626257192,-0.06105930631253609,-0.3610974468749113,-0.36823107705175595,0.14243095201482198,-0.5288007683257776]
[-0.13583152626257192,-0.06105930631253609,-0.3610974468749113,-0.36823107705175595,0.14243095201482198,-0.5288007683257776] [-0.15586620265409917,-0.1719684298120779,-0.321539680864003,-0.2130320655092385,0.04777272083073268,-0.6255944031432437]
[-0.15586620265409917,-0.1719684298120779,-0.321539680864003,-0.2130320655092385,0.04777272083073268,-0.6255944031432437] [-0.25532289427009347,-0.2582999192282489,-0.15091704968311426,-0.2345010612913822,-0.03269976774954844,-0.6244838654513645]
[-0.25532289427009347,-0.2582999192282489,-0.15091704968311426,-0.2345010612913822,-0.03269976774954844,-0.6244838654513645] [-0.39733902712962565,-0.32919472686701934,0.08984314674521343,-0.39665153861878116,-0.13032473153434032,-0.5264073676608607]
[-0.39733902712962565,-0.32919472686701934,0.08984314674521343,-0.39665153861878116,-0.13032473153434032,-0.5264073676608607] [-0.5161146561906068,-0.3987985229991379,0.33471450130131597,-0.5927119301522141,-0.250939282721319,-0.35904938361250327]
[-0.5161146561906068,-0.3987985229991379,0.33471450130131597,-0.5927119301522141,-0.250939282721319,-0.35904938361250327] [-0.5517315798834493,-0.4472170003478422,0.4723135825325704,-0.7250354729413585,-0.368917245024411,-0.20033158607174162]
[-0.5517315798834493,-0.4472170003478422,0.4723135825325704,-0.7250354729413585,-0.368917245024411,-0.20033158607174162] [-0.4731686531007175,-0.44519451803354165,0.41600317274794296,-0.7070198543502059,-0.4392956221527357,-0.12894676182931786]
[-0.4731686531007175,-0.44519451803354165,0.41600317274794296,-0.7070198543502059,-0.4392956221527357,-0.12894676182931786] [-0.3430567655671292,-0.42958925768645784,0.2512220480817762,-0.5646829754833304,-0.4469082958585844,-0.16717958220313456]
[-0.3430567655671292,-0.42958925768645784,0.2512220480817762,-0.5646829754833304,-0.4469082958585844,-0.16717958220313456] [-0.19959219278865958,-0.437568476461165,0.13020076902014566,-0.3722183430292529,-0.4081011454251888,-0.2905950709615839]
[-0.19959219278865958,-0.437568476461165,0.13020076902014566,-0.3722183430292529,-0.4081011454251888,-0.2905950709615839] [-0.06844532099935756,-0.48455722959452774,0.12119184919079551,-0.1888070294474487,-0.3653590540340245,-0.42747740928020406]
[-0.06844532099935756,-0.48455722959452774,0.12119184919079551,-0.1888070294474487,-0.3653590540340245,-0.42747740928020406] [0.041913574691483796,-0.5708015127082258,0.2812886121840057,-0.02876546148507978,-0.389098496915883,-0.4261939979829803]
[0.041913574691483796,-0.5708015127082258,0.2812886121840057,-0.02876546148507978,-0.389098496915883,-0.4261939979829803] [0.13551138271492186,-0.6828016590606586,0.5537457712683569,0.13005274074081216,-0.4991407712929517,-0.20672209067684744]
[0.13551138271492186,-0.6828016590606586,0.5537457712683569,0.13005274074081216,-0.4991407712929517,-0.20672209067684744] [0.23474759077619067,-0.7520978013874267,0.7781665362625967,0.3056166079707476,-0.619309628663587,0.09095446580450162]
[0.23474759077619067,-0.7520978013874267,0.7781665362625967,0.3056166079707476,-0.619309628663587,0.09095446580450162] [0.33980635584350405,-0.7413472405442953,0.8490775149320422,0.47523828197932494,-0.6831815549036293,0.3180452480967153]
[0.33980635584350405,-0.7413472405442953,0.8490775149320422,0.47523828197932494,-0.6831815549036293,0.3180452480967153] [0.41969099172743213,-0.6671977270057454,0.6919345736388172,0.5942219891898967,-0.6438513958280649,0.35128419830430246]
[0.41969099172743213,-0.6671977270057454,0.6919345736388172,0.5942219891898967,-0.6438513958280649,0.35128419830430246] [0.45288440310112377,-0.5604339987455896,0.449664995011104,0.6486389103912715,-0.5212492216074125,0.20569249626342145]
[0.45288440310112377,-0.5604339987455896,0.449664995011104,0.6486389103912715,-0.5212492216074125,0.20569249626342145] [0.4264022586139961,-0.4457566574126924,0.16722516474365534,0.6135915348453139,-0.37001777560744864,-0.05704464207428739]
[0.4264022586139961,-0.4457566574126924,0.16722516474365534,0.6135915348453139,-0.37001777560744864,-0.05704464207428739] [0.35207213926345327,-0.3357549906677968,-0.10473681891901876,0.49668138098330766,-0.23329563344358883,-0.3342123185874497]
[0.35207213926345327,-0.3357549906677968,-0.10473681891901876,0.49668138098330766,-0.23329563344358883,-0.3342123185874497] [0.2449390056179713,-0.25519977228324714,-0.28875889423102663,0.3329476918920186,-0.14381984930941633,-0.5070217970826381]
[0.2449390056179713,-0.25519977228324714,-0.28875889423102663,0.3329476918920186,-0.14381984930941633,-0.5070217970826381] [0.1492079958425777,-0.1912865669352942,-0.4015784450896369,0.1869000464056564,-0.08153779034977046,-0.609287109278613]
[0.1492079958425777,-0.1912865669352942,-0.4015784450896369,0.1869000464056564,-0.08153779034977046,-0.609287109278613] [0.07895904723889614,-0.15066545394105993,-0.4586668509744083,0.0756639071805252,-0.04130600579759826,-0.6675163991410171]
[0.07895904723889614,-0.15066545394105993,-0.4586668509744083,0.0756639071805252,-0.04130600579759826,-0.6675163991410171] [0.03655109622876046,-0.13308046526674325,-0.4833939374028162,0.0007750646645838678,-0.022599031558879507,-0.6971360083989513]
[0.03655109622876046,-0.13308046526674325,-0.4833939374028162,0.0007750646645838678,-0.022599031558879507,-0.6971360083989513] [0.03655109622876046,-0.13308046526674325,-0.4833939374028162,0.0007750646645838678,-0.022599031558879507,-0.6971360083989513]
