[-0.054795353171600156,-0.1492424356404477,-0.4833939374028162,-0.1753251027517948,-0.11599744246561289,-0.6971360083989513] [0.06772338785958562,-0.13389082715941011,-0.409095087976457,-0.039293373947018706,-0.10013605663231046,-0.6685684070436659]
[0.06772338785958562,-0.13389082715941011,-0.409095087976457,-0.039293373947018706,-0.10013605663231046,-0.6685684070436659] [0.19214949291408603,-0.10963488549871647,-0.32513546117129977,0.10133978558181385,-0.07430515289706063,-0.6368045325825182]
[0.19214949291408603,-0.10963488549871647,-0.32513546117129977,0.10133978558181385,-0.07430515289706063,-0.6368045325825182] [0.3280075853751485,-0.06284725161101529,-0.2135364974269507,0.26071336674717915,-0.023320692525797947,-0.5956753490177364]
[0.3280075853751485,-0.06284725161101529,-0.2135364974269507,0.26071336674717915,-0.023320692525797947,-0.5956753490177364] [0.45656680984416226,0.0039017192271731393,-0.0792675520575532,0.4145957542028859,0.05100501025176639,-0.5370121091227231]
[0.45656680984416226,0.0039017192271731393,-0.0792675520575532,0.4145957542028859,0.05100501025176639,-0.5370121091227231] [0.5802273323952964,0.08404792145119389,0.0702165557680896,0.5647926775809199,0.14099639869334546,-0.46658072901614656]
[0.5802273323952964,0.08404792145119389,0.0702165557680896,0.5647926775809199,0.14099639869334546,-0.46658072901614656] [0.6484611158829218,0.19073903814425563,0.25781727635032503,0.6465335637242284,0.26113752188649325,-0.36327044265648656]
[0.6484611158829218,0.19073903814425563,0.25781727635032503,0.6465335637242284,0.26113752188649325,-0.36327044265648656] [0.6858030130942141,0.3008266896968139,0.44952089998585,0.6896830037609945,0.38519116368280476,-0.25292090843553705]
[0.6858030130942141,0.3008266896968139,0.44952089998585,0.6896830037609945,0.38519116368280476,-0.25292090843553705] [0.6159942042370066,0.4053883295988938,0.6275828522173965,0.5988942311955114,0.5032686526388395,-0.13572028421538285]
[0.6159942042370066,0.4053883295988938,0.6275828522173965,0.5988942311955114,0.5032686526388395,-0.13572028421538285] [0.4828213141591356,0.4874089398055267,0.7610115816918173,0.43617621052003525,0.5945729795865982,-0.03888806329754324]
[0.4828213141591356,0.4874089398055267,0.7610115816918173,0.43617621052003525,0.5945729795865982,-0.03888806329754324] [0.2904517671018342,0.5462840117964515,0.8490775149320422,0.2064458805732346,0.6584847805877996,0.03666310485007518]
[0.2904517671018342,0.5462840117964515,0.8490775149320422,0.2064458805732346,0.6584847805877996,0.03666310485007518] [0.07032672976375755,0.5608404194382355,0.8435749131744785,-0.05425314676964019,0.6739800822917208,0.052762554120734606]
[0.07032672976375755,0.5608404194382355,0.8435749131744785,-0.05425314676964019,0.6739800822917208,0.052762554120734606] [-0.1517107131599697,0.5580644214637901,0.8023917963555389,-0.3162390079874079,0.6707100210920216,0.04525186188817276]
[-0.1517107131599697,0.5580644214637901,0.8023917963555389,-0.3162390079874079,0.6707100210920216,0.04525186188817276] [-0.33496666862747715,0.5056241079984478,0.6630127568765172,-0.5280895725129053,0.6146552317014532,-0.03215817493358841]
[-0.33496666862747715,0.5056241079984478,0.6630127568765172,-0.5280895725129053,0.6146552317014532,-0.03215817493358841] [-0.473811944087735,0.43801517936603185,0.512583793435855,-0.6857022531107709,0.5426541373220769,-0.12350698966992812]
[-0.473811944087735,0.43801517936603185,0.512583793435855,-0.6857022531107709,0.5426541373220769,-0.12350698966992812] [-0.5517315798834493,0.3448824702572978,0.33941482169300574,-0.7684176435511029,0.44378272107387606,-0.23950777469180018]
[-0.5517315798834493,0.3448824702572978,0.33941482169300574,-0.7684176435511029,0.44378272107387606,-0.23950777469180018] [-0.5275127043578485,0.22916334236633307,0.17227150488124643,-0.7210018344192861,0.31781426777647304,-0.33348044425355994]
[-0.5275127043578485,0.22916334236633307,0.17227150488124643,-0.7210018344192861,0.31781426777647304,-0.33348044425355994] [-0.4590075458137825,0.10362286096258994,0.008127469261557607,-0.6171548414362722,0.18011379762423552,-0.417515400276784]
[-0.4590075458137825,0.10362286096258994,0.008127469261557607,-0.6171548414362722,0.18011379762423552,-0.417515400276784] [-0.3092505521468572,-0.04150505378360281,-0.10172383783721806,-0.4091426434407603,0.024842533282124837,-0.43565635354489807]
[-0.3092505521468572,-0.04150505378360281,-0.10172383783721806,-0.4091426434407603,0.024842533282124837,-0.43565635354489807] [-0.15546793604440867,-0.19051936056273966,-0.17506933932505753,-0.19609712869605536,-0.1329464283555304,-0.4181132530215548]
[-0.15546793604440867,-0.19051936056273966,-0.17506933932505753,-0.19609712869605536,-0.1329464283555304,-0.4181132530215548] [0.001993501079365253,-0.3430641169134909,-0.15868849056619183,0.020750625798570718,-0.2906704298100284,-0.31629016031177937]
[0.001993501079365253,-0.3430641169134909,-0.15868849056619183,0.020750625798570718,-0.2906704298100284,-0.31629016031177937] [0.10721451951177985,-0.4735664268375114,-0.08662407965461583,0.16412179674131194,-0.42198480053848575,-0.1749561530263266]
[0.10721451951177985,-0.4735664268375114,-0.08662407965461583,0.16412179674131194,-0.42198480053848575,-0.1749561530263266] [0.1804834836475126,-0.5929394088586899,0.024531679106937432,0.2624258236611447,-0.5392805752209883,-0.003419951502426244]
[0.1804834836475126,-0.5929394088586899,0.024531679106937432,0.2624258236611447,-0.5392805752209883,-0.003419951502426244] [0.14691276184984808,-0.6701851656066926,0.14470981487885304,0.21231228557438891,-0.6102659529090884,0.1478885915406023]
[0.14691276184984808,-0.6701851656066926,0.14470981487885304,0.21231228557438891,-0.6102659529090884,0.1478885915406023] [0.08457538004522838,-0.7319751539073891,0.25391561555451325,0.12559044815582043,-0.6660712251584597,0.2791214502696251]
[0.08457538004522838,-0.7319751539073891,0.25391561555451325,0.12559044815582043,-0.6660712251584597,0.2791214502696251] [-0.040063427808239224,-0.7520978013874267,0.3155216521486093,-0.03486917212111723,-0.6831815549036293,0.3403782861687734]
[-0.040063427808239224,-0.7520978013874267,0.3155216521486093,-0.03486917212111723,-0.6831815549036293,0.3403782861687734] [-0.17780190061573556,-0.7493138146783949,0.33644306188292816,-0.21289432305838302,-0.6766771817196726,0.35128419830430246]
[-0.17780190061573556,-0.7493138146783949,0.33644306188292816,-0.21289432305838302,-0.6766771817196726,0.35128419830430246] [-0.3267765580406211,-0.7229154850098879,0.3149919510393149,-0.4060973652450154,-0.6458890685192236,0.30999993347013444]
[-0.3267765580406211,-0.7229154850098879,0.3149919510393149,-0.4060973652450154,-0.6458890685192236,0.30999993347013444] [-0.43565567979023584,-0.6642751619607967,0.22416482294154072,-0.5480618562102503,-0.5840760853096107,0.19869031719398667]
[-0.43565567979023584,-0.6642751619607967,0.22416482294154072,-0.5480618562102503,-0.5840760853096107,0.19869031719398667] [-0.5238383414416198,-0.5961271630134435,0.11634139186537595,-0.6644521201549654,-0.5133258697371692,0.06822385991569213]
[-0.5238383414416198,-0.5961271630134435,0.11634139186537595,-0.6644521201549654,-0.5133258697371692,0.06822385991569213] [-0.5245832843485544,-0.5011609968693529,-0.009918785681799491,-0.6779769821006058,-0.41787947462932257,-0.10341844977014247]
[-0.5245832843485544,-0.5011609968693529,-0.009918785681799491,-0.6779769821006058,-0.41787947462932257,-0.10341844977014247] [-0.4871843432082347,-0.4047544670314735,-0.13306045994021254,-0.6441155671357077,-0.3240412801649736,-0.26713119661496876]
[-0.4871843432082347,-0.4047544670314735,-0.13306045994021254,-0.6441155671357077,-0.3240412801649736,-0.26713119661496876] [-0.3929525462455147,-0.3062018525787064,-0.2515556901793161,-0.5396505026508821,-0.23259923998821722,-0.419029212999285]
[-0.3929525462455147,-0.3062018525787064,-0.2515556901793161,-0.5396505026508821,-0.23259923998821722,-0.419029212999285] [-0.27471286433426584,-0.2247230197497919,-0.3385914733095383,-0.40283718217178527,-0.15950393370042254,-0.5310346282351075]
[-0.27471286433426584,-0.2247230197497919,-0.3385914733095383,-0.40283718217178527,-0.15950393370042254,-0.5310346282351075] [-0.1436307608186374,-0.1485224854311877,-0.4144326751032157,-0.2492439003239202,-0.09241708463643296,-0.6288827431989183]
[-0.1436307608186374,-0.1485224854311877,-0.4144326751032157,-0.2492439003239202,-0.09241708463643296,-0.6288827431989183] [-0.1436307608186374,-0.1485224854311877,-0.4144326751032157,-0.2492439003239202,-0.09241708463643296,-0.6288827431989183]
