[0.05762055690584142,-0.1903883781890853,-0.41295835562791794,-0.11625915563352934,-0.0757677798545604,-0.699300504382407] [0.025766874729163503,-0.13243981334915592,-0.44306730888247614,-0.24217985778824674,-0.08260548719470223,-0.7309827381977261]
[0.025766874729163503,-0.13243981334915592,-0.44306730888247614,-0.24217985778824674,-0.08260548719470223,-0.7309827381977261] [0.03857531695554689,-0.08887052918268257,-0.4065364124511017,-0.26092990800649263,-0.0817218680758748,-0.724596176314324]
[0.03857531695554689,-0.08887052918268257,-0.4065364124511017,-0.26092990800649263,-0.0817218680758748,-0.724596176314324] [0.08693310326654319,-0.055141181686884644,-0.3170508004667081,-0.1954790072560717,-0.07271822042436352,-0.6872323420663324]
[0.08693310326654319,-0.055141181686884644,-0.3170508004667081,-0.1954790072560717,-0.07271822042436352,-0.6872323420663324] [0.16172745352450887,-0.026712426441804327,-0.18829560656587319,-0.06879685671402698,-0.05519584185667238,-0.6259827583806574]
[0.16172745352450887,-0.026712426441804327,-0.18829560656587319,-0.06879685671402698,-0.05519584185667238,-0.6259827583806574] [0.25384558741099555,0.000955080555338883,-0.033955965377849395,0.09614684258209083,-0.028756030361043124,-0.5479389487950375]
[0.25384558741099555,0.000955080555338883,-0.033955965377849395,0.09614684258209083,-0.028756030361043124,-0.5479389487950375] [0.3541747249691645,0.03240068351591435,0.13228298946078887,0.276382389664477,0.006999916446020278,-0.46019243643999097]
[0.3541747249691645,0.03240068351591435,0.13228298946078887,0.276382389664477,0.006999916446020278,-0.46019243643999097] [0.4476767129330051,0.07672529994060329,0.3280749541227648,0.3961416873899777,0.04402968317467472,-0.38000466828919155]
[0.4476767129330051,0.07672529994060329,0.3280749541227648,0.3961416873899777,0.04402968317467472,-0.38000466828919155] [0.5605454990119082,0.14988646001843342,0.4285392895550064,0.555788053378215,0.09205999092294484,-0.2892324920766729]
[0.5605454990119082,0.14988646001843342,0.4285392895550064,0.555788053378215,0.09205999092294484,-0.2892324920766729] [0.6373130707352566,0.2501974915510442,0.502731392807731,0.6550477567185834,0.19134355456613122,-0.27056805942893547]
[0.6373130707352566,0.2501974915510442,0.502731392807731,0.6550477567185834,0.19134355456613122,-0.27056805942893547] [0.6145196721898857,0.35207040235773,0.5433875537564932,0.6577315089138056,0.3028046536061394,-0.16365989596754993]
[0.6145196721898857,0.35207040235773,0.5433875537564932,0.6577315089138056,0.3028046536061394,-0.16365989596754993] [0.5922303049419626,0.40308891526267554,0.5697770455168021,0.593333448085347,0.3925180090884263,-0.10428540630239436]
[0.5922303049419626,0.40308891526267554,0.5697770455168021,0.593333448085347,0.3925180090884263,-0.10428540630239436] [0.5286632829375967,0.4615081892602412,0.5106912411736868,0.4986547810962614,0.4772444566037194,-0.06512267412391726]
[0.5286632829375967,0.4615081892602412,0.5106912411736868,0.4986547810962614,0.4772444566037194,-0.06512267412391726] [0.40746614577918655,0.47540947561080427,0.43032050105331976,0.32874251700491125,0.5445221772112526,-0.058592740431082646]
[0.40746614577918655,0.47540947561080427,0.43032050105331976,0.32874251700491125,0.5445221772112526,-0.058592740431082646] [0.2640609753481602,0.49384917378171866,0.3996851225126745,0.14381123814468552,0.5773792638563792,-0.09560686866141754]
[0.2640609753481602,0.49384917378171866,0.3996851225126745,0.14381123814468552,0.5773792638563792,-0.09560686866141754] [0.11187167772642953,0.4881288701988702,0.2714264451356865,-0.048126744395683554,0.5690300969706956,-0.1490907172894298]
[0.11187167772642953,0.4881288701988702,0.2714264451356865,-0.048126744395683554,0.5690300969706956,-0.1490907172894298] [-0.05615729370157492,0.48535056127138476,0.12040117813651463,-0.26176358052111587,0.5571686330336778,-0.16872641776505226]
[-0.05615729370157492,0.48535056127138476,0.12040117813651463,-0.26176358052111587,0.5571686330336778,-0.16872641776505226] [-0.214680887518203,0.3872540468482619,0.13111694678831576,-0.4382093493803583,0.5141701278364287,-0.2133241174962217]
[-0.214680887518203,0.3872540468482619,0.13111694678831576,-0.4382093493803583,0.5141701278364287,-0.2133241174962217] [-0.35886995399467875,0.25600983109668607,0.10192762779174558,-0.5914068221147255,0.4153547929387773,-0.2751992364590796]
[-0.35886995399467875,0.25600983109668607,0.10192762779174558,-0.5914068221147255,0.4153547929387773,-0.2751992364590796] [-0.4491566586388357,0.14197130902198357,0.09177395466642402,-0.6883403892270777,0.2903208116810409,-0.3154836067891509]
[-0.4491566586388357,0.14197130902198357,0.09177395466642402,-0.6883403892270777,0.2903208116810409,-0.3154836067891509] [-0.5025580554430964,0.004243043382612777,0.0439209540643315,-0.6915759977677651,0.14489704715206175,-0.3546506667175704]
[-0.5025580554430964,0.004243043382612777,0.0439209540643315,-0.6915759977677651,0.14489704715206175,-0.3546506667175704] [-0.5338129280602538,-0.14309500915552337,0.05952748408277131,-0.6645007383828629,-0.007983401800239306,-0.3743040752342317]
[-0.5338129280602538,-0.14309500915552337,0.05952748408277131,-0.6645007383828629,-0.007983401800239306,-0.3743040752342317] [-0.5807116812771691,-0.30147766257806424,0.15254223322562588,-0.6442340822744463,-0.1556366120899576,-0.26050696419311237]
[-0.5807116812771691,-0.30147766257806424,0.15254223322562588,-0.6442340822744463,-0.1556366120899576,-0.26050696419311237] [-0.48187455471303337,-0.4534705220840164,0.2573093773334989,-0.5691494028931583,-0.3039172404503327,-0.17167738146186373]
[-0.48187455471303337,-0.4534705220840164,0.2573093773334989,-0.5691494028931583,-0.3039172404503327,-0.17167738146186373] [-0.4148907270193013,-0.575181898852215,0.3471619579532188,-0.4095135230840666,-0.4476930005146119,-0.05468238980672968]
[-0.4148907270193013,-0.575181898852215,0.3471619579532188,-0.4095135230840666,-0.4476930005146119,-0.05468238980672968] [-0.308128832732661,-0.6740701260961117,0.3734577174920952,-0.2702871514298798,-0.5638234979323093,0.037677187776981924]
[-0.308128832732661,-0.6740701260961117,0.3734577174920952,-0.2702871514298798,-0.5638234979323093,0.037677187776981924] [-0.18086281763932593,-0.6935752291030769,0.4246139152735182,-0.109105375458387,-0.6313723013040088,0.1356545861003733]
[-0.18086281763932593,-0.6935752291030769,0.4246139152735182,-0.109105375458387,-0.6313723013040088,0.1356545861003733] [-0.0632720032789711,-0.6931273080408173,0.4566027617188899,0.03557243402916703,-0.6861102464016556,0.17038461444683062]
[-0.0632720032789711,-0.6931273080408173,0.4566027617188899,0.03557243402916703,-0.6861102464016556,0.17038461444683062] [0.03542410581087834,-0.6416314847749809,0.41751804691457384,0.2073210143248208,-0.6598124789419444,0.2043148984267873]
[0.03542410581087834,-0.6416314847749809,0.41751804691457384,0.2073210143248208,-0.6598124789419444,0.2043148984267873] [0.16542427710358173,-0.6375280957325506,0.40045493997420767,0.3606563270847676,-0.5824436295204133,0.17605176522389243]
[0.16542427710358173,-0.6375280957325506,0.40045493997420767,0.3606563270847676,-0.5824436295204133,0.17605176522389243] [0.27563013378670703,-0.5617702742275863,0.2684930864113486,0.46002017020548125,-0.4847558668358306,0.10573395745168135]
[0.27563013378670703,-0.5617702742275863,0.2684930864113486,0.46002017020548125,-0.4847558668358306,0.10573395745168135] [0.3195068316312945,-0.45117407033160795,0.1526000212287233,0.5315949999256828,-0.38313119149637276,-0.015328136113894608]
[0.3195068316312945,-0.45117407033160795,0.1526000212287233,0.5315949999256828,-0.38313119149637276,-0.015328136113894608] [0.3523924167874945,-0.37081626770222187,0.02693573676948091,0.5265428865462325,-0.2656934799623413,-0.15469366750974345]
[0.3523924167874945,-0.37081626770222187,0.02693573676948091,0.5265428865462325,-0.2656934799623413,-0.15469366750974345] [0.3690044324863157,-0.297828166697947,-0.1140051055253295,0.4548312743598094,-0.17022483783620213,-0.2856217946138564]
[0.3690044324863157,-0.297828166697947,-0.1140051055253295,0.4548312743598094,-0.17022483783620213,-0.2856217946138564] [0.3467377987357499,-0.21734524637183358,-0.21113463655130182,0.3392899336707861,-0.070291697453742,-0.4094791797279891]
[0.3467377987357499,-0.21734524637183358,-0.21113463655130182,0.3392899336707861,-0.070291697453742,-0.4094791797279891] [0.2954607785988938,-0.1420673223520996,-0.2955979673342295,0.2147812794983235,0.009650161984097474,-0.5197069485150729]
[0.2954607785988938,-0.1420673223520996,-0.2955979673342295,0.2147812794983235,0.009650161984097474,-0.5197069485150729] [0.21453339144466188,-0.07542106909004787,-0.3658300003743076,0.09977961819187241,0.06034672136926726,-0.6081188053384237]
[0.21453339144466188,-0.07542106909004787,-0.3658300003743076,0.09977961819187241,0.06034672136926726,-0.6081188053384237] [0.10331565628035887,-0.020833161871335715,-0.42026561136955287,0.012759255726347268,0.07254396190349978,-0.6665284474349802]
[0.10331565628035887,-0.020833161871335715,-0.42026561136955287,0.012759255726347268,0.07254396190349978,-0.6665284474349802] [-0.03883240752510081,0.01826972777297442,-0.457339774789002,-0.027805501610875173,0.036987863797226725,-0.6867495974930415]
[-0.03883240752510081,0.01826972777297442,-0.457339774789002,-0.027805501610875173,0.036987863797226725,-0.6867495974930415] [-0.21255078060280272,0.03846092226275066,-0.47548731868232963,-0.0034403477570004275,-0.0555755913141254,-0.6605959409401105]
[-0.21255078060280272,0.03846092226275066,-0.47548731868232963,-0.0034403477570004275,-0.0555755913141254,-0.6605959409401105] [-0.21255078060280272,0.03846092226275066,-0.47548731868232963,-0.0034403477570004275,-0.0555755913141254,-0.6605959409401105]
