[-0.021955752654390023,-0.13550414020915325,-0.7357703002136429,-0.2398934673233445,-0.013281137308253314,-0.6756062915262868] [0.10252399466675824,-0.07150394861969472,-0.3787373155993343,0.02357514686525592,0.031447399575257315,-0.6105660696412949]
[0.10252399466675824,-0.07150394861969472,-0.3787373155993343,0.02357514686525592,0.031447399575257315,-0.6105660696412949] [0.22548510639541736,0.013500708745925072,-0.11357480281894539,0.23606067203809736,0.10506264655344522,-0.537615230707071]
[0.22548510639541736,0.013500708745925072,-0.11357480281894539,0.23606067203809736,0.10506264655344522,-0.537615230707071] [0.3388311295783663,0.11168737599400885,0.07073601844084187,0.39740063839818596,0.1977042858613428,-0.461933988171479]
[0.3388311295783663,0.11168737599400885,0.07073601844084187,0.39740063839818596,0.1977042858613428,-0.461933988171479] [0.4344656109007743,0.21523359702227063,0.1852139299823623,0.5074325761485277,0.2995119999198514,-0.3887025552787726]
[0.4344656109007743,0.21523359702227063,0.1852139299823623,0.5074325761485277,0.2995119999198514,-0.3887025552787726] [0.50429209777103,0.3163169165627786,0.24087771261526747,0.5659940153526367,0.4006254710259597,-0.32310114527320444]
[0.50429209777103,0.3163169165627786,0.24087771261526747,0.5659940153526367,0.4006254710259597,-0.32310114527320444] [0.5402141368743026,0.40711487830465865,0.24874614714921695,0.5729224862135192,0.49118438153861266,-0.2703099713990298]
[0.5402141368743026,0.40711487830465865,0.24874614714921695,0.5729224862135192,0.49118438153861266,-0.2703099713990298] [0.5034696479849714,0.4819296778652351,0.258174172325619,0.5275898915833865,0.5412732600219406,-0.2612993421204175]
[0.5034696479849714,0.4819296778652351,0.258174172325619,0.5275898915833865,0.5412732600219406,-0.2612993421204175] [0.41822194692659354,0.5003797193187921,0.21670342582047297,0.4025139069975377,0.5574182040148947,-0.27431527475065653]
[0.41822194692659354,0.5003797193187921,0.21670342582047297,0.4025139069975377,0.5574182040148947,-0.27431527475065653] [0.30728269190677876,0.5191350789903466,0.10591897615999812,0.22232676974185134,0.5368813467859903,-0.3114232272965882]
[0.30728269190677876,0.5191350789903466,0.10591897615999812,0.22232676974185134,0.5368813467859903,-0.3114232272965882] [0.11829456323350877,0.4707252868535463,-0.006210233175170998,0.010530794543095521,0.5119646426192104,-0.27020734111508826]
[0.11829456323350877,0.4707252868535463,-0.006210233175170998,0.010530794543095521,0.5119646426192104,-0.27020734111508826] [-0.07983746100663468,0.4326506928827677,-0.06810051940152562,-0.2128894190043599,0.47890556005400586,-0.26592000834804796]
[-0.07983746100663468,0.4326506928827677,-0.06810051940152562,-0.2128894190043599,0.47890556005400586,-0.26592000834804796] [-0.22477821061391248,0.3890727462405472,-0.06785895821271737,-0.42268627077042764,0.4458505800487336,-0.22597983595323345]
[-0.22477821061391248,0.3890727462405472,-0.06785895821271737,-0.42268627077042764,0.4458505800487336,-0.22597983595323345] [-0.325191303456051,0.34456846620163073,-0.08055688480354561,-0.5579940948589494,0.41619852577257493,-0.18472909728465847]
[-0.325191303456051,0.34456846620163073,-0.08055688480354561,-0.5579940948589494,0.41619852577257493,-0.18472909728465847] [-0.3602015867506723,0.26901783553914094,-0.07168733288729179,-0.6187671801968893,0.37817726150173725,-0.1963102693326979]
[-0.3602015867506723,0.26901783553914094,-0.07168733288729179,-0.6187671801968893,0.37817726150173725,-0.1963102693326979] [-0.3845226361797816,0.18382535144464207,-0.08666161066186007,-0.6294811717030308,0.3468597807129088,-0.22778031390439857]
[-0.3845226361797816,0.18382535144464207,-0.08666161066186007,-0.6294811717030308,0.3468597807129088,-0.22778031390439857] [-0.3651254921409154,0.057699911486670974,-0.12353903359905694,-0.5898143597927139,0.28740353519652495,-0.2836124955507833]
[-0.3651254921409154,0.057699911486670974,-0.12353903359905694,-0.5898143597927139,0.28740353519652495,-0.2836124955507833] [-0.3506003480369984,-0.08174564423651412,-0.11697609551695365,-0.5213308879491682,0.21678211542170217,-0.34812632316233216]
[-0.3506003480369984,-0.08174564423651412,-0.11697609551695365,-0.5213308879491682,0.21678211542170217,-0.34812632316233216] [-0.3556505691170554,-0.23327478960335157,-0.05894634411136579,-0.4930139291718124,0.10835058945486079,-0.42212929664519194]
[-0.3556505691170554,-0.23327478960335157,-0.05894634411136579,-0.4930139291718124,0.10835058945486079,-0.42212929664519194] [-0.3780010465950005,-0.35551801117756876,0.08677993339617984,-0.4564681246025399,-0.023152450394794452,-0.507799353560805]
[-0.3780010465950005,-0.35551801117756876,0.08677993339617984,-0.4564681246025399,-0.023152450394794452,-0.507799353560805] [-0.4065878415791849,-0.4576449799722946,0.2253059480151407,-0.4432869735633283,-0.16384259004936289,-0.49991131472202355]
[-0.4065878415791849,-0.4576449799722946,0.2253059480151407,-0.4432869735633283,-0.16384259004936289,-0.49991131472202355] [-0.43185359054478184,-0.5446331459162481,0.29248186780482754,-0.42849824044411894,-0.3051583257638885,-0.43495097245208036]
[-0.43185359054478184,-0.5446331459162481,0.29248186780482754,-0.42849824044411894,-0.3051583257638885,-0.43495097245208036] [-0.451814344694069,-0.6031266824596344,0.3926337775545159,-0.4648427498919073,-0.3961319995282241,-0.30218341113179115]
[-0.451814344694069,-0.6031266824596344,0.3926337775545159,-0.4648427498919073,-0.3961319995282241,-0.30218341113179115] [-0.42417403360940104,-0.617693991775729,0.4633140935997053,-0.48743689809155477,-0.45005300194150627,-0.2297624335576236]
[-0.42417403360940104,-0.617693991775729,0.4633140935997053,-0.48743689809155477,-0.45005300194150627,-0.2297624335576236] [-0.39442556332882783,-0.6184232706927074,0.4963193346756203,-0.4566719564576135,-0.49619244119857453,-0.13413826937087503]
[-0.39442556332882783,-0.6184232706927074,0.4963193346756203,-0.4566719564576135,-0.49619244119857453,-0.13413826937087503] [-0.33207726506999935,-0.6183189726407892,0.4769661905592155,-0.3963139403259321,-0.5223752183338763,-0.07566670349479043]
[-0.33207726506999935,-0.6183189726407892,0.4769661905592155,-0.3963139403259321,-0.5223752183338763,-0.07566670349479043] [-0.23214112130978637,-0.6535328167966425,0.4713747613809707,-0.297607267645275,-0.5455108032650695,-0.04435711511333906]
[-0.23214112130978637,-0.6535328167966425,0.4713747613809707,-0.297607267645275,-0.5455108032650695,-0.04435711511333906] [-0.11484219359247272,-0.6644862655081296,0.4240122210004813,-0.14079353398011538,-0.5506219227595625,0.005433424181976676]
[-0.11484219359247272,-0.6644862655081296,0.4240122210004813,-0.14079353398011538,-0.5506219227595625,0.005433424181976676] [0.03179590906170525,-0.6844520873219903,0.4155850898548028,0.02046845992271734,-0.5694879886802833,0.05930275855881639]
[0.03179590906170525,-0.6844520873219903,0.4155850898548028,0.02046845992271734,-0.5694879886802833,0.05930275855881639] [0.16685561469210183,-0.6887136954024095,0.4150430795916309,0.17507608919620568,-0.5935532688828173,0.0797259075415564]
[0.16685561469210183,-0.6887136954024095,0.4150430795916309,0.17507608919620568,-0.5935532688828173,0.0797259075415564] [0.30112789550886254,-0.7038925831405924,0.4472008910127938,0.33184261454987124,-0.5983678519848896,0.11215042570587741]
[0.30112789550886254,-0.7038925831405924,0.4472008910127938,0.33184261454987124,-0.5983678519848896,0.11215042570587741] [0.3985745185358098,-0.6564530600419445,0.466580144432851,0.4424341985122718,-0.5870828181329681,0.08918367921100767]
[0.3985745185358098,-0.6564530600419445,0.466580144432851,0.4424341985122718,-0.5870828181329681,0.08918367921100767] [0.47077495676636555,-0.5764815025819754,0.4196382257084883,0.5355391942996652,-0.5493547285679847,0.07675489224210619]
[0.47077495676636555,-0.5764815025819754,0.4196382257084883,0.5355391942996652,-0.5493547285679847,0.07675489224210619] [0.5076806590313218,-0.5147355456649002,0.27657627349183134,0.5805168074103975,-0.4997048212093867,-0.001179613101090382]
[0.5076806590313218,-0.5147355456649002,0.27657627349183134,0.5805168074103975,-0.4997048212093867,-0.001179613101090382] [0.5263338605564685,-0.4012657570805909,0.11839402814808153,0.5606080046847416,-0.3895716987072838,-0.14441605955619252]
[0.5263338605564685,-0.4012657570805909,0.11839402814808153,0.5606080046847416,-0.3895716987072838,-0.14441605955619252] [0.5022005270581689,-0.28605438764485497,-0.0438223284578978,0.5024751871116386,-0.2661890353988169,-0.3007099152024191]
[0.5022005270581689,-0.28605438764485497,-0.0438223284578978,0.5024751871116386,-0.2661890353988169,-0.3007099152024191] [0.42720059771218266,-0.1799891643919549,-0.19458858504996712,0.4095035223374297,-0.1391512406886091,-0.4545849347013444]
[0.42720059771218266,-0.1799891643919549,-0.19458858504996712,0.4095035223374297,-0.1391512406886091,-0.4545849347013444] [0.2932540113326601,-0.0939578147733306,-0.3184205293593134,0.28507817793870954,-0.018052723981283717,-0.5905648727145474]
[0.2932540113326601,-0.0939578147733306,-0.3184205293593134,0.28507817793870954,-0.018052723981283717,-0.5905648727145474] [0.09228070709536114,-0.03884806582324479,-0.3998339491171219,0.13258432149207316,0.08751210525657976,-0.6931734841072146]
[0.09228070709536114,-0.03884806582324479,-0.3998339491171219,0.13258432149207316,0.08751210525657976,-0.6931734841072146] [-0.18379937618556416,-0.02554764478454874,-0.4233446325509167,-0.044592879286392446,0.16794883749644546,-0.7469345233373099]
[-0.18379937618556416,-0.02554764478454874,-0.4233446325509167,-0.044592879286392446,0.16794883749644546,-0.7469345233373099] [-0.18379937618556416,-0.02554764478454874,-0.4233446325509167,-0.044592879286392446,0.16794883749644546,-0.7469345233373099]
