[0.13801068047025464,-0.20165531574241052,8.324936887220725,0.13410648690964616,0.036075538468612334,6.696042344757814] [0.15336285993274362,-0.17813689057947513,8.335824226120442,0.1404747571471173,0.05947197178960344,6.696569006983218]
[0.15336285993274362,-0.17813689057947513,8.335824226120442,0.1404747571471173,0.05947197178960344,6.696569006983218] [0.16435233651807638,-0.17672510936363373,8.333341753191654,0.15251599164594845,0.06097055371939779,6.701326658560407]
[0.16435233651807638,-0.17672510936363373,8.333341753191654,0.15251599164594845,0.06097055371939779,6.701326658560407] [0.16998296086268447,-0.19025171615658729,8.331247914498027,0.1655796360743063,0.047631071270539865,6.709114182225403]
[0.16998296086268447,-0.19025171615658729,8.331247914498027,0.1655796360743063,0.047631071270539865,6.709114182225403] [0.17481555004205282,-0.20951970357552407,8.355273176153636,0.18180849282053776,0.0277631357044255,6.72081037509584]
[0.17481555004205282,-0.20951970357552407,8.355273176153636,0.18180849282053776,0.0277631357044255,6.72081037509584] [0.15889723625268284,-0.21342911335988748,8.39278325783459,0.17259515321407495,0.020848754414365372,6.730334660138391]
[0.15889723625268284,-0.21342911335988748,8.39278325783459,0.17259515321407495,0.020848754414365372,6.730334660138391] [0.1414408058718476,-0.20520791450253617,8.43032598706452,0.16007643669805405,0.03362626452720138,6.739091752090988]
[0.1414408058718476,-0.20520791450253617,8.43032598706452,0.16007643669805405,0.03362626452720138,6.739091752090988] [0.11854424984460418,-0.19025870762910266,8.456458515310896,0.13934080710234176,0.05476778148317417,6.749793852146663]
[0.11854424984460418,-0.19025870762910266,8.456458515310896,0.13934080710234176,0.05476778148317417,6.749793852146663] [0.08474196350559515,-0.17634228817599779,8.473029151865417,0.10569982090209941,0.0752764695394497,6.763565951521514]
[0.08474196350559515,-0.17634228817599779,8.473029151865417,0.10569982090209941,0.0752764695394497,6.763565951521514] [0.044933171660315636,-0.17512038494927518,8.478481637994909,0.0676798970163022,0.08634414342554733,6.7824446333444675]
[0.044933171660315636,-0.17512038494927518,8.478481637994909,0.0676798970163022,0.08634414342554733,6.7824446333444675] [0.015001213931874702,-0.19014840055694973,8.48313332333135,0.045631473996090854,0.08569976661608866,6.805170108238288]
[0.015001213931874702,-0.19014840055694973,8.48313332333135,0.045631473996090854,0.08569976661608866,6.805170108238288] [0.043768436784316626,-0.2208778193753415,8.491401174025853,0.07372384037883595,0.07141876342193045,6.828936861757734]
[0.043768436784316626,-0.2208778193753415,8.491401174025853,0.07372384037883595,0.07141876342193045,6.828936861757734] [0.0806455662785974,-0.2615605310846382,8.498617232834686,0.11245544640407776,0.04496115597209588,6.848203570597311]
[0.0806455662785974,-0.2615605310846382,8.498617232834686,0.11245544640407776,0.04496115597209588,6.848203570597311] [0.11135922652809165,-0.29840723241578754,8.5070369308397,0.14602546976459485,0.010422055007831,6.863691306921179]
[0.11135922652809165,-0.29840723241578754,8.5070369308397,0.14602546976459485,0.010422055007831,6.863691306921179] [0.1296847315639363,-0.28322065193023405,8.506770279326794,0.16730166688908177,-0.016856786591041725,6.860924867446114]
[0.1296847315639363,-0.28322065193023405,8.506770279326794,0.16730166688908177,-0.016856786591041725,6.860924867446114] [0.13717091645049873,-0.2490743270730153,8.500632465172382,0.17614564954800485,-6.0047327831540265e-05,6.848927798323391]
[0.13717091645049873,-0.2490743270730153,8.500632465172382,0.17614564954800485,-6.0047327831540265e-05,6.848927798323391] [0.13345762136911737,-0.21938852893220376,8.489713561234359,0.17271396735413047,0.0287665003551979,6.830177112428219]
[0.13345762136911737,-0.21938852893220376,8.489713561234359,0.17271396735413047,0.0287665003551979,6.830177112428219] [0.11821765608406012,-0.19375679572320054,8.465615633878574,0.1570283651032551,0.05589022173248247,6.799066769337468]
[0.11821765608406012,-0.19375679572320054,8.465615633878574,0.1570283651032551,0.05589022173248247,6.799066769337468] [0.09420958237527174,-0.174785559788679,8.449106371857228,0.13138584428485642,0.07826326197734731,6.766718385161854]
[0.09420958237527174,-0.174785559788679,8.449106371857228,0.13138584428485642,0.07826326197734731,6.766718385161854] [0.06718589392439266,-0.16224401367689004,8.446200667533157,0.10033584594077587,0.0957199656960277,6.7413871546202175]
[0.06718589392439266,-0.16224401367689004,8.446200667533157,0.10033584594077587,0.0957199656960277,6.7413871546202175] [0.03715000269967853,-0.15732363233613492,8.455919750098047,0.063558727201311,0.10850072950560938,6.736721722701025]
[0.03715000269967853,-0.15732363233613492,8.455919750098047,0.063558727201311,0.10850072950560938,6.736721722701025] [0.017988899387738153,-0.16155686965603036,8.472452548909153,0.04419196071675354,0.11227569776287283,6.756760069253161]
[0.017988899387738153,-0.16155686965603036,8.472452548909153,0.04419196071675354,0.11227569776287283,6.756760069253161] [0.04108580635006463,-0.17367401661561235,8.49304907440965,0.07749788640392699,0.10749446077745942,6.785876344395132]
[0.04108580635006463,-0.17367401661561235,8.49304907440965,0.07749788640392699,0.10749446077745942,6.785876344395132] [0.07616755456825913,-0.19552111794615873,8.509328907700146,0.12485563160027645,0.09195375403160355,6.80383421052732]
[0.07616755456825913,-0.19552111794615873,8.509328907700146,0.12485563160027645,0.09195375403160355,6.80383421052732] [0.10778220749470561,-0.22847260457257612,8.520346113136643,0.1702245102180706,0.06626617422539705,6.800143853552851]
[0.10778220749470561,-0.22847260457257612,8.520346113136643,0.1702245102180706,0.06626617422539705,6.800143853552851] [0.13430007721142595,-0.2668061028788028,8.52646278929729,0.2074342252764467,0.0337545007975273,6.778021062887139]
[0.13430007721142595,-0.2668061028788028,8.52646278929729,0.2074342252764467,0.0337545007975273,6.778021062887139] [0.15258408211088506,-0.2938221518176244,8.525576756051363,0.22914134488438764,0.0007190859703972916,6.738773341070548]
[0.15258408211088506,-0.2938221518176244,8.525576756051363,0.22914134488438764,0.0007190859703972916,6.738773341070548] [0.16307504556268118,-0.28089191066337427,8.519714858529836,0.23258487344487738,-0.006001553155140407,6.703274520474031]
[0.16307504556268118,-0.28089191066337427,8.519714858529836,0.23258487344487738,-0.006001553155140407,6.703274520474031] [0.1651319679196146,-0.24623689996603487,8.510195083005046,0.22118285417219444,0.030035309809321523,6.712353689054322]
[0.1651319679196146,-0.24623689996603487,8.510195083005046,0.22118285417219444,0.030035309809321523,6.712353689054322] [0.1605650146892538,-0.21402960342087285,8.49907743933994,0.19875224379080664,0.06527228833002902,6.748078061675018]
[0.1605650146892538,-0.21402960342087285,8.49907743933994,0.19875224379080664,0.06527228833002902,6.748078061675018] [0.14705063115014952,-0.1897555758774917,8.483280690705456,0.16687486304938032,0.09211538511623554,6.7854441075447385]
[0.14705063115014952,-0.1897555758774917,8.483280690705456,0.16687486304938032,0.09211538511623554,6.7854441075447385] [0.12892210720866146,-0.17731878525240916,8.46304466855648,0.13670757071580306,0.10538836336912866,6.8049002855006755]
[0.12892210720866146,-0.17731878525240916,8.46304466855648,0.13670757071580306,0.10538836336912866,6.8049002855006755] [0.11630210105879071,-0.17582611025073464,8.435125941619125,0.12447038761845287,0.10582108180269259,6.806332942985763]
[0.11630210105879071,-0.17582611025073464,8.435125941619125,0.12447038761845287,0.10582108180269259,6.806332942985763] [0.10837481816006851,-0.18212233549553655,8.410981571031623,0.12456255751192807,0.09579847417181692,6.795095040814443]
[0.10837481816006851,-0.18212233549553655,8.410981571031623,0.12456255751192807,0.09579847417181692,6.795095040814443] [0.11430385186335515,-0.19249430303325693,8.389196304381832,0.1390768285552517,0.07809816815543308,6.769026533937803]
[0.11430385186335515,-0.19249430303325693,8.389196304381832,0.1390768285552517,0.07809816815543308,6.769026533937803] [0.12403766536901456,-0.20223266811353466,8.371529935736657,0.15213397341894358,0.05861790588506083,6.740095798628808]
[0.12403766536901456,-0.20223266811353466,8.371529935736657,0.15213397341894358,0.05861790588506083,6.740095798628808] [0.1339690369172953,-0.20905669988916276,8.358749838594978,0.16017634658969687,0.03895655112870719,6.711354048249423]
[0.1339690369172953,-0.20905669988916276,8.358749838594978,0.16017634658969687,0.03895655112870719,6.711354048249423] [0.1416426685162511,-0.2112047800711354,8.343242314376997,0.16173858411215233,0.02804399783593549,6.688375908705956]
[0.1416426685162511,-0.2112047800711354,8.343242314376997,0.16173858411215233,0.02804399783593549,6.688375908705956] [0.14559463413104864,-0.21065815280000283,8.329581175152756,0.15895356853343834,0.023678952566523463,6.674154173521036]
[0.14559463413104864,-0.21065815280000283,8.329581175152756,0.15895356853343834,0.023678952566523463,6.674154173521036] [0.1462317054313514,-0.20852394605404878,8.322664337480921,0.15426424062868396,0.022898213485061825,6.669391163922691]
[0.1462317054313514,-0.20852394605404878,8.322664337480921,0.15426424062868396,0.022898213485061825,6.669391163922691] [0.1462317054313514,-0.20852394605404878,8.322664337480921,0.15426424062868396,0.022898213485061825,6.669391163922691]
