[0.059842730010619086,0.22416091291046203,-0.5482090835776283,-0.04131295926665714,0.07700436082161571,-0.7908935109074999] [0.2014200453495186,0.2922956151692607,-0.4628525698164516,0.05245696627861656,0.11704674975308438,-0.7609916437827087]
[0.2014200453495186,0.2922956151692607,-0.4628525698164516,0.05245696627861656,0.11704674975308438,-0.7609916437827087] [0.3495696935149405,0.38742588275829815,-0.34915398257248853,0.15328950233366237,0.17509521128010974,-0.7110995946743017]
[0.3495696935149405,0.38742588275829815,-0.34915398257248853,0.15328950233366237,0.17509521128010974,-0.7110995946743017] [0.5145673187327819,0.5306189674550785,-0.1844260632312853,0.26982341140720184,0.2649791282892295,-0.6264633395880059]
[0.5145673187327819,0.5306189674550785,-0.1844260632312853,0.26982341140720184,0.2649791282892295,-0.6264633395880059] [0.6577731006529224,0.7262350431687704,0.0224465595627521,0.37393415089219706,0.38858634301645584,-0.5089990913608524]
[0.6577731006529224,0.7262350431687704,0.0224465595627521,0.37393415089219706,0.38858634301645584,-0.5089990913608524] [0.7796020249091956,0.9395464356963795,0.2412621587600885,0.4629239806045949,0.5243756584519975,-0.3791156718937403]
[0.7796020249091956,0.9395464356963795,0.2412621587600885,0.4629239806045949,0.5243756584519975,-0.3791156718937403] [0.8243240315157624,1.185528175805123,0.4774729862192242,0.4918937534139699,0.6859932871062163,-0.22085993409369387]
[0.8243240315157624,1.185528175805123,0.4774729862192242,0.4918937534139699,0.6859932871062163,-0.22085993409369387] [0.8046057118951829,1.4182044249207895,0.6932767191073239,0.47227451459745123,0.8419607268794993,-0.06180132690686424]
[0.8046057118951829,1.4182044249207895,0.6932767191073239,0.47227451459745123,0.8419607268794993,-0.06180132690686424] [0.727847779058999,1.635460993710498,0.8876009055173446,0.4097196143624341,0.9905007813609827,0.09552466788196856]
[0.727847779058999,1.635460993710498,0.8876009055173446,0.4097196143624341,0.9905007813609827,0.09552466788196856] [0.5409920726879918,1.776738001932645,1.0041470487417303,0.26891954298042064,1.086256403740727,0.20499820850393657]
[0.5409920726879918,1.776738001932645,1.0041470487417303,0.26891954298042064,1.086256403740727,0.20499820850393657] [0.326778998906047,1.8694294468755288,1.0718063951635202,0.1108685542108681,1.1508357118805659,0.28206694619899686]
[0.326778998906047,1.8694294468755288,1.0718063951635202,0.1108685542108681,1.1508357118805659,0.28206694619899686] [0.07906607719896812,1.8641174863378143,1.0415083142413133,-0.06559806634599898,1.153592699873345,0.292816348327368]
[0.07906607719896812,1.8641174863378143,1.0415083142413133,-0.06559806634599898,1.153592699873345,0.292816348327368] [-0.1494148110933328,1.7771006284069015,0.9164532455437326,-0.22612621309363856,1.1045722315377637,0.24024994461146854]
[-0.1494148110933328,1.7771006284069015,0.9164532455437326,-0.22612621309363856,1.1045722315377637,0.24024994461146854] [-0.3611116578197653,1.6426789907280193,0.740408307002836,-0.373646577744569,1.025760816049185,0.15184043033166272]
[-0.3611116578197653,1.6426789907280193,0.740408307002836,-0.373646577744569,1.025760816049185,0.15184043033166272] [-0.47774669816598797,1.4059335644368627,0.516181684663775,-0.4552328924823311,0.8875375755386861,0.0025961075447380466]
[-0.47774669816598797,1.4059335644368627,0.516181684663775,-0.4552328924823311,0.8875375755386861,0.0025961075447380466] [-0.539320322149751,1.1277396236565083,0.2874288504475926,-0.49637631475909927,0.7280455424961861,-0.16156539490018318]
[-0.539320322149751,1.1277396236565083,0.2874288504475926,-0.49637631475909927,0.7280455424961861,-0.16156539490018318] [-0.5236733980620144,0.7983004277025801,0.05728772582962982,-0.4808874478421884,0.5426127206546243,-0.34281152066173615]
[-0.5236733980620144,0.7983004277025801,0.05728772582962982,-0.4808874478421884,0.5426127206546243,-0.34281152066173615] [-0.4054148008901537,0.4309745220772049,-0.11487922221982672,-0.38383900612567656,0.33751634572347844,-0.46967500262467254]
[-0.4054148008901537,0.4309745220772049,-0.11487922221982672,-0.38383900612567656,0.33751634572347844,-0.46967500262467254] [-0.25299077681192533,0.05967730362164386,-0.2522091414663876,-0.25981493572246656,0.12962650702264988,-0.5644677835488752]
[-0.25299077681192533,0.05967730362164386,-0.2522091414663876,-0.25981493572246656,0.12962650702264988,-0.5644677835488752] [-0.04277808601297582,-0.32198723925209727,-0.30895135190201195,-0.09039187091498276,-0.08802186491697428,-0.5834600615286734]
[-0.04277808601297582,-0.32198723925209727,-0.30895135190201195,-0.09039187091498276,-0.08802186491697428,-0.5834600615286734] [0.14567958872340403,-0.6999362069224924,-0.29378254830021966,0.06176989194581143,-0.3044028610091661,-0.5327130744293331]
[0.14567958872340403,-0.6999362069224924,-0.29378254830021966,0.06176989194581143,-0.3044028610091661,-0.5327130744293331] [0.31545882121647534,-1.0693756377346626,-0.22668947854653076,0.19907094006711665,-0.5165356804233702,-0.43216436714865303]
[0.31545882121647534,-1.0693756377346626,-0.22668947854653076,0.19907094006711665,-0.5165356804233702,-0.43216436714865303] [0.3985501597836884,-1.4148160761206898,-0.07104061788394667,0.26360823912022197,-0.7214870250252182,-0.24237170836554522]
[0.3985501597836884,-1.4148160761206898,-0.07104061788394667,0.26360823912022197,-0.7214870250252182,-0.24237170836554522] [0.42844495307595964,-1.724453012921364,0.09272454396473329,0.2864340148590649,-0.9081791085461874,-0.050906504439672595]
[0.42844495307595964,-1.724453012921364,0.09272454396473329,0.2864340148590649,-0.9081791085461874,-0.050906504439672595] [0.3646582687324805,-1.9634737436274379,0.2606238061194066,0.2363110411081707,-1.0579349356635415,0.13184884567247224]
[0.3646582687324805,-1.9634737436274379,0.2606238061194066,0.2363110411081707,-1.0579349356635415,0.13184884567247224] [0.22981920305300152,-2.1200412353202585,0.38315092006095774,0.13302510439311097,-1.156949437742747,0.26610298105464025]
[0.22981920305300152,-2.1200412353202585,0.38315092006095774,0.13302510439311097,-1.156949437742747,0.26610298105464025] [0.06470173333160217,-2.226482058840825,0.473944020296976,0.006670939045825266,-1.2255584620031401,0.36855045171717205]
[0.06470173333160217,-2.226482058840825,0.473944020296976,0.006670939045825266,-1.2255584620031401,0.36855045171717205] [-0.11497660952020863,-2.197524434306029,0.4554111735814228,-0.1342851712683755,-1.2148149913404587,0.37275405010737206]
[-0.11497660952020863,-2.197524434306029,0.4554111735814228,-0.1342851712683755,-1.2148149913404587,0.37275405010737206] [-0.2756941359902465,-2.100276207979617,0.3906463301536762,-0.26327288818460043,-1.1617651811003404,0.32456255343354723]
[-0.2756941359902465,-2.100276207979617,0.3906463301536762,-0.26327288818460043,-1.1617651811003404,0.32456255343354723] [-0.4123254519482873,-1.9279663366810156,0.2750470477451854,-0.3765808413615529,-1.0620899311902812,0.21832417926668235]
[-0.4123254519482873,-1.9279663366810156,0.2750470477451854,-0.3765808413615529,-1.0620899311902812,0.21832417926668235] [-0.4649488167506806,-1.6777191037378656,0.11707191334582667,-0.43294261087482994,-0.9117004379578264,0.04677955069434425]
[-0.4649488167506806,-1.6777191037378656,0.11707191334582667,-0.43294261087482994,-0.9117004379578264,0.04677955069434425] [-0.48225162086965884,-1.4063056599989618,-0.05279334949439907,-0.46284805777451454,-0.7485931345204474,-0.13935533761552588]
[-0.48225162086965884,-1.4063056599989618,-0.05279334949439907,-0.46284805777451454,-0.7485931345204474,-0.13935533761552588] [-0.42635874304598825,-1.1216881838023598,-0.22978756650798537,-0.43385465367817905,-0.5795587865982991,-0.3286702284832579]
[-0.42635874304598825,-1.1216881838023598,-0.22978756650798537,-0.43385465367817905,-0.5795587865982991,-0.3286702284832579] [-0.330543532092034,-0.8603798616721644,-0.38386221345184524,-0.37017059062777546,-0.42910574560032566,-0.4940580914658401]
[-0.330543532092034,-0.8603798616721644,-0.38386221345184524,-0.37017059062777546,-0.42910574560032566,-0.4940580914658401] [-0.20790277039015959,-0.6067456326259515,-0.5278008732413557,-0.28366925960121653,-0.2862269882676759,-0.6489787617275118]
[-0.20790277039015959,-0.6067456326259515,-0.5278008732413557,-0.28366925960121653,-0.2862269882676759,-0.6489787617275118] [-0.20790277039015959,-0.6067456326259515,-0.5278008732413557,-0.28366925960121653,-0.2862269882676759,-0.6489787617275118]
