0, array([  22.83436618,   15.3651197 , -242.67103313,   25.43334236,
         -6.30607663, -437.19365961])
1, array([  23.16236511,   11.60833363, -242.79114208,   23.37531448,
        -14.00210946, -437.40399596])
2, array([  25.45414556,    9.14529432, -242.70255488,   27.6549407 ,
        -20.78736228, -436.28811694])
3, array([  29.49333743,    7.93691522, -242.29636492,   37.64259473,
        -26.47063686, -433.90505145])
4, array([  35.7578111 ,    8.54451442, -240.5670814 ,   54.98146012,
        -29.69905268, -429.34466579])
5, array([  43.21099559,   11.02110295, -238.20726433,   75.75337401,
        -26.83112633, -423.66889468])
6, array([  51.21654747,   15.16016161, -235.46216381,   97.8294063 ,
        -18.30111009, -417.34881683])
7, array([  58.96979664,   21.68833339, -232.51987574,  118.21280207,
         -1.10463563, -410.82542304])
8, array([  64.13878196,   29.97360423, -229.89127974,  131.59445068,
         24.60136802, -404.54542874])
9, array([  66.51151981,   38.72661815, -227.82282602,  137.70629777,
         54.90089598, -398.74949447])
10, array([  64.87235866,   47.43796258, -226.66625562,  133.55582352,
         89.5359882 , -393.72493016])
11, array([  57.70676224,   53.57379609, -226.94032624,  113.84595652,
        119.9061811 , -391.46505165])
12, array([  47.54020715,   56.75487389, -228.04080569,   86.91406344,
        142.52636398, -391.41079563])
13, array([  34.54756567,   56.446229  , -229.96777698,   53.57896216,
        155.32228674, -393.78498706])
14, array([  18.38174467,   49.79752393, -232.73734396,   13.88587313,
        150.58892427, -399.94237986])
15, array([   2.56823447,   40.7988135 , -235.71726601,  -23.80653566,
        137.07330567, -406.94580716])
16, array([ -12.41617954,   29.80461805, -238.66878256,  -58.43371391,
        115.44758463, -414.39889295])
17, array([ -24.79104672,   16.13363617, -240.40630306,  -85.2320363 ,
         80.96463447, -421.05147424])
18, array([ -33.78034921,    1.58533403, -241.29719013, -103.36084524,
         40.59821183, -424.72388001])
19, array([ -39.71050022,  -13.16234053, -241.55558982, -113.8637845 ,
         -3.22050813, -425.547523  ])
20, array([ -40.96615677,  -26.90098149, -241.10741408, -113.15998613,
        -48.14654253, -421.79345393])
21, array([ -38.23226771,  -38.63115161, -240.39182103, -101.8829492 ,
        -89.16278568, -413.38252188])
22, array([ -32.93119892,  -48.16829474, -239.63337185,  -83.85799095,
       -125.1778161 , -402.22576026])
23, array([ -24.84731936,  -54.61155956, -238.94243369,  -58.53602801,
       -153.85611048, -388.27908146])
24, array([ -14.49194606,  -56.09550548, -238.38256059,  -28.05065408,
       -170.19636187, -376.1525084 ])
25, array([  -3.83874453,  -55.11381187, -237.98890108,    4.28228449,
       -179.46140391, -366.82555659])
26, array([   6.63531592,  -51.72647058, -237.7979967 ,   37.55924231,
       -181.28856225, -361.02768421])
27, array([  15.7502729 ,  -46.09430707, -238.03202415,   64.16181504,
       -167.59093128, -363.181415  ])
28, array([  23.50592902,  -38.99671518, -238.55077735,   84.88666009,
       -146.17503367, -369.57101826])
29, array([  29.65957345,  -30.69545937, -239.29298135,   99.14766354,
       -118.56140174, -379.58697461])
30, array([  32.19802016,  -20.87260572, -240.13121629,   99.99365093,
        -86.20650235, -393.39314005])
31, array([  31.80474423,  -12.27270292, -240.80987972,   92.18498377,
        -57.78533129, -406.72026795])
32, array([  29.21246546,   -5.21328786, -241.37798084,   78.2686755 ,
        -33.88481902, -419.05561013])
33, array([  24.19222826,   -1.37417051, -241.83475696,   58.56232133,
        -18.8991219 , -428.69138853])
34, array([ 1.82183216e+01,  3.64247266e-01, -2.42479654e+02,  3.75411106e+01,
       -1.07907781e+01, -4.35122836e+02])
35, array([  12.1513742 ,    1.00075668, -243.10404986,   17.32220567,
         -7.25614006, -439.20111568])
36, array([   6.41649057,    0.69792614, -243.58082626,   -0.68337143,
         -8.70924212, -440.53308553])
37, array([ 1.97509263e+00, -4.17735214e-01, -2.43946987e+02, -1.34629167e+01,
       -1.35914469e+01, -4.40356114e+02])
38, array([  -1.73393768,   -1.77556454, -244.21624773,  -22.89615752,
        -19.26269352, -439.71984869])
39, array([  -4.62027613,   -3.294078  , -244.3717815 ,  -28.61602075,
        -25.31203638, -438.73480151])
