0, array([   5.33202257,    7.59145206, -250.41113639,    5.37495376,
        -16.00118821, -445.81065194])
1, array([   8.52432645,    7.51548017, -251.04148085,    9.2044323 ,
        -13.36174403, -448.98975575])
2, array([ 1.87205778e+01,  1.33761496e+01, -2.50182055e+02,  2.71676841e+01,
       -4.43314458e-01, -4.49627901e+02])
3, array([  33.36561962,   24.18211275, -247.47414242,   52.90043575,
         21.49987244, -447.62940201])
4, array([  49.19085355,   40.42202827, -242.81779183,   80.79262238,
         52.885956  , -442.09011831])
5, array([  61.70992502,   59.60652274, -237.13382997,  102.0455887 ,
         89.86401869, -434.03541915])
6, array([  64.44252392,   75.33639073, -232.94616165,  104.19065193,
        122.08764438, -427.9579172 ])
7, array([  57.00998603,   80.11154371, -232.42382482,   88.57375362,
        134.08964856, -427.66004643])
8, array([  42.24495755,   76.08699898, -234.89077819,   62.48813341,
        122.27738207, -431.19564908])
9, array([  22.76496693,   67.64878344, -239.1905485 ,   31.82288829,
         97.84125935, -437.16580571])
10, array([   2.63582313,   58.99794632, -242.66687047,    0.788426  ,
         78.22104139, -441.54274204])
11, array([ -15.12906818,   54.32463712, -243.54914738,  -33.67833187,
         74.94343837, -439.67999569])
12, array([ -30.13054167,   53.8078418 , -242.24998871,  -75.78185437,
         82.3996687 , -434.71003466])
13, array([ -41.49812027,   54.56323651, -240.00184199, -113.801343  ,
         94.06485189, -428.25638806])
14, array([ -48.374422  ,   50.83472506, -239.193734  , -140.80372602,
         97.2308956 , -425.73584714])
15, array([ -48.62858997,   39.4607368 , -240.55601548, -146.95742611,
         80.08734537, -427.87898537])
16, array([ -42.66866334,   23.75691058, -243.48685637, -128.07884486,
         50.17040453, -434.30430105])
17, array([ -35.29747867,    6.00890649, -246.20513092,  -92.44411916,
         21.07306334, -442.21692332])
18, array([ -31.58826236,  -10.96881349, -247.07337074,  -63.6250774 ,
         -3.0971455 , -447.05712004])
19, array([ -33.05686053,  -25.52823363, -246.13332092,  -57.66804698,
        -28.22104469, -448.07089001])
20, array([ -40.4669848 ,  -36.65039889, -243.02137603,  -71.52828811,
        -58.36687187, -439.12902325])
21, array([ -49.72554676,  -44.74376233, -239.23101972,  -93.52704685,
        -94.5766458 , -421.24046227])
22, array([ -54.21616974,  -50.06059103, -236.79190882, -108.75286821,
       -129.80858048, -402.78977574])
23, array([ -50.03102475,  -49.54884704, -237.31666185, -106.48527662,
       -152.17139867, -391.31914156])
24, array([ -38.15995353,  -44.59610991, -240.26145174,  -86.12738852,
       -152.8559059 , -391.66414311])
25, array([ -22.16513255,  -40.24065974, -243.59876312,  -56.61863338,
       -134.2602313 , -404.34867805])
26, array([  -4.81884345,  -39.44870398, -245.46343402,  -24.4921941 ,
       -114.53255202, -420.4050187 ])
27, array([  11.00711428,  -42.87265821, -245.2613009 ,    5.13129524,
       -106.57996092, -429.57308943])
28, array([  24.28854253,  -49.9209001 , -242.63930783,   33.29736887,
       -115.63773909, -424.85342515])
29, array([  36.84231941,  -56.32126545, -239.05621185,   66.14928275,
       -134.17323113, -409.95441298])
30, array([  47.71704386,  -55.19222137, -237.03462771,   99.92179664,
       -145.56079058, -395.56911383])
31, array([  55.39814395,  -46.62706271, -237.32403575,  124.35893042,
       -138.29179393, -390.2405946 ])
32, array([  58.9781998 ,  -34.73400933, -239.71490219,  134.93608502,
       -112.28644993, -396.3130993 ])
33, array([  56.68145697,  -21.51511689, -243.25473584,  129.84754344,
        -78.03201156, -410.48980594])
34, array([  46.97554219,   -8.83435038, -246.92541508,  107.47836748,
        -45.13604802, -427.12823961])
35, array([  30.70546918,    1.49151329, -249.39388844,   72.00217632,
        -21.36430935, -439.22721809])
36, array([  13.26533167,    9.42634319, -250.50111549,   35.88124789,
         -5.77004927, -445.970528  ])
37, array([  -2.30758588,   14.51380366, -250.53894112,    4.82014475,
          1.87235035, -448.47038375])
38, array([ -14.24942349,   15.69296544, -250.0439986 ,  -18.34435781,
          2.17388154, -448.74461789])
39, array([ -20.58767358,   13.18538123, -249.51402576,  -30.65031519,
         -2.68085962, -447.91493884])
