0, array([ -21.34869723,   -2.22402297, -244.28399697,  -46.77910465,
          2.96097197, -440.67139822])
1, array([ -25.72413216,    1.52879448, -244.32837016,  -54.34602629,
         15.3844692 , -440.12419525])
2, array([ -24.3742852 ,   -1.31422845, -244.74445687,  -53.16674583,
          9.02371502, -440.59141717])
3, array([ -19.23883508,   -7.04124667, -245.11846487,  -45.17420582,
         -6.18809807, -441.09783721])
4, array([ -11.10464834,  -12.99083178, -245.08474577,  -30.10026909,
        -23.02709006, -440.62023141])
5, array([   4.98799528,  -19.40782255, -244.08381081,    5.35004395,
        -41.8652226 , -436.78165481])
6, array([  20.11238181,  -20.57549238, -242.24900398,   41.09582579,
        -46.05310833, -430.78743502])
7, array([  35.20547774,  -18.08260665, -239.79026372,   76.90001374,
        -39.05515528, -423.0433502 ])
8, array([  50.25016289,  -12.18755281, -236.79554838,  111.77125654,
        -21.39428321, -413.6559892 ])
9, array([  62.39687864,   -2.35259176, -233.61148375,  138.67468204,
          8.02576978, -403.48224112])
10, array([  69.2798082 ,   11.00733276, -230.97757171,  152.29929537,
         48.36828109, -392.9082759 ])
11, array([  70.21806562,   24.40721409, -229.37033872,  150.72185592,
         91.23085673, -383.11007796])
12, array([  65.24803647,   36.33243275, -228.92102194,  133.9151459 ,
        132.93111019, -374.9977597 ])
13, array([  54.88702185,   44.6457865 , -229.74104663,  103.32987891,
        167.45270911, -370.06480701])
14, array([  39.71469777,   46.76760705, -231.57903301,   62.56819622,
        179.16780483, -372.14928096])
15, array([  22.71737623,   44.68101724, -234.15312227,   18.81310431,
        174.21199576, -378.3603654 ])
16, array([   5.37344108,   38.70352263, -236.9124338 ,  -23.79239974,
        155.81331015, -387.30377862])
17, array([ -11.54440108,   29.06399102, -239.45343991,  -63.34735427,
        126.29957324, -397.81323012])
18, array([ -24.53461653,   16.26370973, -240.94997163,  -93.41190291,
         85.98711683, -406.88418638])
19, array([ -33.22415524,    0.96737466, -241.46755097, -113.76861619,
         38.84393842, -413.15986626])
20, array([ -37.71134955,  -14.53199896, -241.24773954, -124.04906885,
         -9.80161208, -416.34793232])
21, array([ -38.17095724,  -29.55090212, -240.41089875, -124.03312395,
        -58.26583639, -416.01040143])
22, array([ -34.45336971,  -42.50270391, -239.08882901, -112.18678159,
       -101.02822994, -410.78614524])
23, array([ -27.19308142,  -52.83223257, -237.98892632,  -90.94371187,
       -135.00356961, -400.94302332])
24, array([ -17.87335897,  -60.66916523, -236.76283127,  -62.89942668,
       -160.64418829, -390.612302  ])
25, array([  -6.50090651,  -65.7142023 , -235.60346374,  -27.95773994,
       -178.30612875, -381.29580567])
26, array([   6.44556006,  -67.25715051, -234.8965459 ,   12.22613745,
       -187.34400659, -374.84498035])
27, array([  20.5705787 ,  -62.48052003, -234.17682352,   52.16832897,
       -178.90047326, -373.19692812])
28, array([  33.78727124,  -53.59398373, -233.63419359,   86.79267021,
       -157.36927483, -374.99665415])
29, array([  44.80181222,  -42.13774116, -233.33654859,  112.88934967,
       -127.52363671, -379.69134093])
30, array([  52.98184871,  -29.11834336, -233.3332914 ,  129.17523329,
        -92.73207926, -386.87375718])
31, array([  56.0986895 ,  -16.42903483, -233.81773019,  131.53127038,
        -58.5844799 , -396.10210265])
32, array([  55.68177583,   -5.25346447, -234.66118397,  124.6021438 ,
        -29.05701862, -406.0849508 ])
33, array([  52.15545629,    3.63289287, -235.7140914 ,  110.96716593,
         -6.23957822, -415.40826336])
34, array([  45.93131743,   10.08795125, -236.97466283,   91.99882104,
          9.479334  , -423.618816  ])
35, array([  38.20430535,   13.38138808, -238.45732295,   70.74913763,
         16.25507476, -429.67590144])
36, array([  29.96528891,   14.08179289, -239.5673788 ,   51.44177209,
         16.62786747, -433.67459273])
37, array([  22.85719444,   13.58344873, -240.74571206,   36.31473534,
         14.34021179, -436.08481141])
38, array([  17.25259315,   12.59388398, -241.80843496,   25.43987402,
         11.07535018, -437.27771182])
39, array([  13.70093122,   11.87522864, -242.37236866,   19.17524818,
          8.62914771, -437.59835906])
