0, array([  -5.67178776,   10.25786923, -242.91160391,  -11.69948296,
         13.86674311, -439.4401317 ])
1, array([  -9.67161728,   16.47718429, -242.21154072,  -22.75886864,
         33.11269173, -439.96321493])
2, array([ -11.39233504,   14.97522355, -242.43129394,  -32.03642147,
         25.61221276, -439.52960938])
3, array([ -10.38353779,    9.94289948, -242.92899278,  -34.30828295,
          6.46422691, -438.24119136])
4, array([  -5.57301741,    4.2809192 , -243.06093457,  -24.49254915,
        -15.57374302, -435.35464809])
5, array([   5.21280406,   -0.4549496 , -242.08786665,    3.46540256,
        -38.99887478, -428.87734497])
6, array([  15.68715239,    0.83844613, -240.15196005,   33.67536795,
        -39.54393802, -422.662703  ])
7, array([  26.41776571,    4.88717571, -237.84494107,   65.05288546,
        -27.76492213, -415.66359003])
8, array([  35.91288265,   11.98028972, -235.33207948,   93.68006024,
         -3.57245971, -408.2502676 ])
9, array([  42.73966903,   22.03535028, -232.84262204,  114.80438997,
         32.1333214 , -400.68520533])
10, array([  45.24701452,   34.28713964, -230.79816255,  120.7454074 ,
         76.87139467, -392.92590503])
11, array([  39.9174379 ,   43.96245623, -230.14246582,  103.93542072,
        119.06762377, -386.46491961])
12, array([  29.88894034,   48.05609594, -230.723203  ,   74.44621182,
        147.80539749, -383.59400519])
13, array([  16.07783457,   46.60670572, -232.0753016 ,   36.37497443,
        159.80088097, -384.91446589])
14, array([-2.62701280e-01,  4.03999014e+01, -2.33818395e+02, -6.17302598e+00,
        1.54441375e+02, -3.90277529e+02])
15, array([ -16.70651957,   30.80347026, -235.98536667,  -48.23966479,
        133.85541935, -398.46146514])
16, array([ -30.73958044,   17.94653946, -237.3040906 ,  -83.22196418,
        102.13614796, -407.30138602])
17, array([ -41.95099095,    2.95362486, -237.95290914, -110.67037622,
         63.52589326, -415.38159609])
18, array([ -50.04719835,  -13.17153815, -237.85135584, -129.86954367,
         20.52082296, -421.43196139])
19, array([ -54.89124764,  -29.25960978, -236.95778628, -140.26666365,
        -24.23348535, -424.23424685])
20, array([ -55.99496073,  -43.66286934, -235.33840855, -139.47156377,
        -67.81247767, -421.89215306])
21, array([ -52.81842469,  -55.4071864 , -233.71034782, -128.2442135 ,
       -105.61658421, -413.30520735])
22, array([ -46.71771912,  -65.26838402, -232.54250471, -107.90368808,
       -138.28033527, -401.3697769 ])
23, array([ -37.95080816,  -72.70635235, -231.89334727,  -78.74746132,
       -165.22721479, -388.59214846])
24, array([ -26.86553991,  -77.01789679, -231.72909782,  -41.98335177,
       -185.53878248, -377.57053241])
25, array([ -14.64313134,  -76.8959388 , -232.20140788,   -2.36418819,
       -194.33250832, -371.38338155])
26, array([  -1.50473369,  -71.95241994, -233.11769223,   35.87117761,
       -188.10167664, -369.54250538])
27, array([  11.61203978,  -64.42248852, -234.267977  ,   70.60760877,
       -170.23590802, -371.49483342])
28, array([  23.39652747,  -54.93718644, -235.62505934,   98.62532   ,
       -143.06406023, -377.12822729])
29, array([  32.31683892,  -43.89726972, -237.19476979,  116.36495748,
       -109.45158614, -386.19353537])
30, array([  35.81647904,  -32.94211558, -238.8683661 ,  118.19765354,
        -73.24558337, -398.11492945])
31, array([  34.56468939,  -23.8162978 , -240.55856012,  107.89697795,
        -41.08224348, -410.02555744])
32, array([  29.56297705,  -16.8214585 , -242.05604833,   88.93064637,
        -14.67032524, -420.42480825])
33, array([  21.74315747,  -12.24357746, -243.36090708,   64.3816291 ,
          4.81121061, -428.73823474])
34, array([  12.2822086 ,  -10.24556381, -244.57494044,   37.82639692,
         16.68767623, -434.90590643])
35, array([   2.49507946,  -10.66631889, -245.42476592,   12.58552667,
         19.95116132, -438.91832449])
36, array([  -6.6649249 ,  -12.95254456, -246.03947334,   -9.48748225,
         17.1166208 , -441.3794791 ])
37, array([ -14.12995585,  -15.94941173, -246.24821901,  -26.45161176,
         10.76864127, -442.44932663])
38, array([ -19.343996  ,  -19.0033386 , -246.05282648,  -37.41908643,
          3.07427831, -442.44663773])
39, array([ -22.15734521,  -21.76457849, -245.60379932,  -42.41936425,
         -3.79916345, -441.89228321])
