0, array([  -2.99339868,   18.74690222, -255.04066516,  -16.27840173,
         -6.33714807, -453.22740528])
1, array([   5.37001259,   23.4636358 , -253.58996213,    1.45568506,
          3.90611451, -451.46187803])
2, array([  13.88693046,   29.70506707, -251.61793871,   20.02169163,
         17.65957115, -448.61568671])
3, array([  23.0055734 ,   38.69682762, -248.71220218,   40.71261435,
         37.7195463 , -443.88509567])
4, array([  30.48647278,   50.90991317, -244.87679271,   59.21228308,
         65.00521036, -436.72876831])
5, array([  36.55395674,   64.0236595 , -240.82121425,   75.09344449,
         94.60409787, -428.78751757])
6, array([  37.68030856,   77.98332013, -236.73845955,   80.71134613,
        127.94515106, -419.76327859])
7, array([  35.16853796,   90.65346493, -233.20435756,   77.41250405,
        159.65889853, -411.12346045])
8, array([  29.45798453,  101.98119382, -230.21285133,   66.22974554,
        189.4366653 , -402.95864393])
9, array([  17.84335952,  107.81237759, -229.0450223 ,   40.26702464,
        208.76432309, -397.9874632 ])
10, array([   5.15831413,  110.74478022, -228.73464276,   11.31874307,
        221.93863681, -394.98209381])
11, array([  -8.34567581,  108.12678589, -230.00483903,  -20.45449824,
        222.91505489, -395.90052372])
12, array([ -20.49249392,  101.27043356, -232.40325921,  -49.38989792,
        214.21609318, -400.35409874])
13, array([ -31.56191912,   91.92882539, -235.42468555,  -75.96595432,
        199.8411979 , -406.78154929])
14, array([ -37.37395179,   76.48521715, -239.43396905,  -90.04897302,
        172.41024559, -416.30098599])
15, array([ -40.10249363,   58.98730681, -243.45244454,  -97.08150357,
        140.63299744, -426.15836202])
16, array([ -38.52187688,   39.02823129, -247.3983568 ,  -94.24418827,
        103.53743818, -436.27257698])
17, array([ -30.59909198,   18.65362228, -249.05320042,  -76.44696246,
         62.86159997, -441.96945949])
18, array([ -20.84150679,   -1.33026056, -249.59984493,  -54.01732612,
         21.66411113, -445.04317111])
19, array([  -8.66686048,  -20.88357227, -247.70656921,  -24.63431045,
        -21.64132322, -441.50129048])
20, array([   1.42988417,  -39.7893008 , -244.49967463,    0.81557875,
        -64.43906433, -434.04498524])
21, array([   9.86417501,  -57.93447453, -240.38933826,   23.02120201,
       -106.21014454, -423.86422783])
22, array([  11.66427736,  -71.29279745, -235.75798416,   29.00956807,
       -139.91370171, -410.98016609])
23, array([  10.59869848,  -82.13235727, -231.4262282 ,   28.30500943,
       -168.5989342 , -398.78070294])
24, array([   4.72782485,  -88.47736926, -227.78448723,   16.42809871,
       -188.0786881 , -388.34710015])
25, array([  -4.67861929,  -90.24760957, -225.91630817,   -2.64942048,
       -197.78385097, -382.01024845])
26, array([ -15.44718339,  -89.41862689, -225.0780507 ,  -24.53769645,
       -201.82175831, -378.11822229])
27, array([ -25.78484993,  -82.39140139, -226.78998021,  -45.86539618,
       -191.85930921, -380.61128627])
28, array([ -34.22723731,  -72.5707638 , -229.57936641,  -63.81299068,
       -175.7179749 , -386.08984999])
29, array([ -40.39380783,  -59.78075956, -233.53134131,  -77.65183156,
       -152.91205707, -394.82871186])
30, array([ -41.75576029,  -44.95682351, -238.19363676,  -82.37737261,
       -124.7321946 , -406.52752949])
31, array([ -41.10956857,  -29.68229819, -242.92259364,  -83.02701918,
        -95.58146941, -418.64175024])
32, array([ -36.41145596,  -14.87343498, -247.22750077,  -75.00874532,
        -67.72667197, -429.88145093])
33, array([ -30.15762341,   -2.63187121, -250.48853273,  -63.28209285,
        -45.33945316, -438.52144895])
34, array([ -22.79498071,    8.34800208, -253.19333606,  -48.99245141,
        -25.73201074, -445.78925464])
