0, array([  -8.21643652,   -5.34675967, -253.30625973,   -7.1982648 ,
          6.31975215, -453.09615292])
1, array([  -2.35775369,   -5.87172115, -253.24855137,    2.63098836,
          2.28351993, -453.89288871])
2, array([  11.27467957,    1.53502923, -251.89514015,   29.10099693,
         10.2174588 , -451.09173715])
3, array([  29.05930694,   14.60436848, -249.35959929,   64.57688641,
         26.86264314, -444.88315103])
4, array([  48.52480791,   32.20797881, -245.01858723,  103.61755443,
         54.05065821, -434.3218897 ])
5, array([  65.18673404,   52.34815939, -239.50301574,  134.69268398,
         94.04948192, -419.85233646])
6, array([  72.25615007,   67.58776984, -235.90173098,  145.22258328,
        135.59798211, -407.92868617])
7, array([  66.28205289,   71.35532307, -236.12115872,  132.61077037,
        154.83275125, -405.57473164])
8, array([  51.67692698,   67.70208317, -238.54924243,  103.97260125,
        149.49088735, -412.5078132 ])
9, array([  31.49772817,   60.16869692, -242.11412064,   64.72453725,
        132.59298827, -424.78521199])
10, array([   9.84544219,   52.8875858 , -245.34839371,   21.19981944,
        115.16032368, -436.28823534])
11, array([  -9.63422166,   49.07849823, -246.93743111,  -20.27495568,
        108.38408504, -439.22853236])
12, array([ -24.71029411,   49.17864048, -245.74723024,  -66.54716336,
        112.55262502, -433.60634333])
13, array([ -35.48978723,   50.06010718, -243.84925525, -109.83710962,
        122.09826819, -422.55392871])
14, array([ -41.87192396,   44.0986602 , -243.91078884, -138.21597132,
        122.42337691, -416.67604601])
15, array([ -41.19264352,   30.95511258, -245.34457653, -141.22301846,
        102.61548479, -419.159001  ])
16, array([ -34.93768467,   15.14939369, -247.29936005, -120.86162989,
         69.39303762, -428.16815709])
17, array([ -28.27118311,   -2.16759782, -249.14165692,  -86.09126054,
         32.32122589, -440.00437814])
18, array([ -25.40177968,  -18.83186531, -249.41642966,  -54.49062034,
         -1.72369236, -447.78683671])
19, array([ -29.0550305 ,  -32.86680894, -246.67503689,  -41.28908328,
        -29.9029781 , -446.23775   ])
20, array([ -38.97154759,  -45.44407882, -241.48837628,  -58.86022438,
        -64.17816811, -437.50288335])
21, array([ -51.20393887,  -58.84759601, -234.39911528,  -83.25280821,
       -104.34640849, -421.26241286])
22, array([ -58.81940267,  -70.16346426, -228.43107289, -103.62318681,
       -137.79658536, -406.71764235])
23, array([ -57.27784929,  -77.11166437, -225.68622064, -108.43185521,
       -156.84894084, -399.36037605])
24, array([ -47.85208822,  -78.76210429, -226.58386393,  -93.0790946 ,
       -156.92667013, -401.46057417])
25, array([ -34.84222925,  -77.42830048, -229.49864892,  -64.85415014,
       -145.05428963, -410.90236712])
26, array([ -21.38506677,  -76.09475061, -232.738073  ,  -34.0428988 ,
       -135.69832178, -419.0825127 ])
27, array([  -8.3696131 ,  -77.03212069, -233.53196301,   -4.37251306,
       -140.06897431, -416.22870837])
28, array([   3.89320641,  -79.28482986, -232.48422921,   25.7570646 ,
       -159.15021802, -399.79327231])
29, array([  15.47768612,  -81.81435007, -230.30158903,   56.60522626,
       -183.58204125, -377.54998568])
30, array([  25.24107507,  -81.27818109, -229.05986717,   83.19112636,
       -200.69883563, -359.49514543])
31, array([  32.44705902,  -75.84796369, -230.49796489,  103.1222563 ,
       -200.2726522 , -352.23973338])
32, array([  37.11970149,  -66.82477714, -233.88574427,  116.90115402,
       -179.99290976, -358.55009321])
33, array([  37.55708252,  -55.0703483 , -237.9833852 ,  120.06509461,
       -149.01697499, -375.98067446])
34, array([  32.85518593,  -40.99251193, -242.90347536,  108.36368715,
       -113.07251992, -397.45100277])
35, array([  25.73125222,  -27.24108943, -246.78960552,   87.96823613,
        -79.63273244, -415.84990247])
36, array([  18.33364888,  -14.56474763, -249.96097977,   65.99686345,
        -50.08369642, -429.24204457])
37, array([  11.71853862,   -4.96967499, -252.05838599,   45.99517303,
        -26.18224676, -438.89588757])
38, array([   6.53992057,    0.79323634, -253.10517506,   30.136101  ,
        -11.05499736, -444.42402327])
39, array([   3.40528052,    3.5057395 , -253.89306079,   20.77352271,
         -3.98752405, -446.48130542])
