0, array([  -5.89986951,  -27.13582162, -245.37148304,   -1.65842406,
        -43.4766814 , -441.22247859])
1, array([ -10.46090511,  -28.47934407, -245.6252826 ,  -14.98777874,
        -40.11411708, -442.92359134])
2, array([ -11.7335262 ,  -29.67201825, -245.80307635,  -20.0538286 ,
        -40.67748536, -443.6087081 ])
3, array([  -7.47954489,  -30.61117258, -245.8531326 ,  -11.23233476,
        -47.83888699, -442.58631327])
4, array([  -1.48423116,  -29.89669351, -245.6399725 ,    2.83427569,
        -52.60294375, -440.63311576])
5, array([   5.84418074,  -28.02493848, -245.21224702,   20.34323806,
        -55.15881393, -438.01498768])
6, array([  18.64742308,  -21.75762557, -243.86042152,   50.1058305 ,
        -47.42052607, -432.82271962])
7, array([  29.65340951,  -14.49418612, -242.44536205,   74.8304007 ,
        -34.2542645 , -427.93951249])
8, array([  38.52349429,   -6.45811057, -241.0106089 ,   93.75619264,
        -16.06514498, -423.51561881])
9, array([  44.76321058,    3.14885852, -239.80323682,  105.75781525,
          8.82038509, -419.25376247])
10, array([  49.24137383,   12.92888637, -238.73494892,  113.70105301,
         35.64365584, -415.24942608])
11, array([  49.58869901,   22.5931023 , -237.98498381,  112.47083579,
         65.49947104, -411.93740177])
12, array([  46.28416524,   30.8289962 , -237.49874615,  102.41367977,
         93.12691029, -409.94992907])
13, array([  40.80671851,   38.21501623, -237.16943042,   87.10435767,
        119.42843115, -408.75058521])
14, array([  31.00914686,   40.96360192, -237.5051781 ,   62.20157105,
        131.9612958 , -410.47348962])
15, array([  20.22749389,   41.80736962, -238.04791557,   35.10859567,
        138.11202843, -412.97796446])
16, array([   7.79196606,   39.44984636, -238.93852594,    4.33472712,
        133.53676958, -416.79596866])
17, array([  -4.613809  ,   34.13496041, -239.90463799,  -25.35684394,
        117.49933089, -420.89678427])
18, array([ -16.70559277,   27.30879956, -240.8384605 ,  -53.82305692,
         95.97443659, -424.7623405 ])
19, array([ -26.55076084,   16.75011408, -241.3435828 ,  -75.95281645,
         62.71826499, -426.17694021])
20, array([ -33.92458697,    4.4501697 , -241.29611368,  -92.97049403,
         24.84270201, -425.22450944])
21, array([ -38.60018421,   -9.21257378, -240.69751374, -104.35246882,
        -16.48685044, -421.93435376])
22, array([ -38.71607317,  -22.63018383, -239.6222445 , -103.14198881,
        -57.60337477, -415.40647281])
23, array([ -36.96601723,  -35.22595426, -238.5041693 ,  -97.09655252,
        -96.59210189, -408.12962001])
24, array([ -31.54517164,  -45.50420681, -237.44975866,  -81.84854832,
       -129.41304502, -399.93874891])
25, array([ -24.04165885,  -52.74650212, -236.70504631,  -61.18189946,
       -152.70135663, -392.81354101])
26, array([ -15.29892663,  -58.18235559, -236.14460926,  -37.29107263,
       -170.317604  , -386.32241931])
27, array([  -5.07813281,  -57.80544345, -236.01253993,  -11.50710917,
       -170.98223861, -384.43314185])
28, array([   4.75939396,  -55.70159018, -236.13400911,   12.64509008,
       -167.04926836, -384.66047101])
29, array([  13.95279132,  -50.69539083, -236.68158226,   34.05490025,
       -155.38943343, -388.44502908])
30, array([  20.43996508,  -42.79965233, -237.60986307,   47.79649036,
       -136.32051558, -395.37634391])
31, array([  25.43246472,  -33.82584737, -238.71582812,   57.46728397,
       -114.32598105, -403.59540921])
32, array([  26.18328742,  -24.15176911, -240.17759545,   56.33483236,
        -89.34300949, -413.41785107])
33, array([  24.86939459,  -15.62104662, -241.52785224,   50.06172354,
        -66.76034034, -422.4914199 ])
34, array([  21.53121369,   -8.49616367, -242.72505212,   38.84097624,
        -47.27282496, -430.53692898])
35, array([  16.3796498 ,   -4.39635557, -243.38477147,   24.14530216,
        -35.43959124, -435.40854569])
36, array([  10.93110162,   -1.32781063, -243.88861408,    9.61479848,
        -26.36827191, -439.12120329])
37, array([ 5.33059029e+00, -8.73023013e-02, -2.44148036e+02, -3.04927790e+00,
       -2.23706020e+01, -4.40689741e+02])
38, array([ 7.17779913e-01,  3.66325053e-01, -2.44314441e+02, -1.29005304e+01,
       -2.10567150e+01, -4.41160893e+02])
39, array([-3.30733301e+00,  3.51745971e-01, -2.44425499e+02, -2.10781088e+01,
       -2.13397207e+01, -4.40979083e+02])
