0, array([  -1.76848402,    3.22386697, -243.9678673 ,  -23.89209703,
        -24.10737743, -436.71501588])
1, array([   0.89422599,   -1.89841334, -244.497389  ,  -19.77469558,
        -35.66872156, -436.32669368])
2, array([   4.97078898,   -4.59722203, -244.55311596,  -10.96352283,
        -43.8064544 , -435.43985122])
3, array([  10.33029611,   -5.15761363, -244.12004373,    2.28461547,
        -48.34349282, -434.00523332])
4, array([  17.34535072,   -3.87816021, -243.03156095,   21.29841016,
        -48.51451874, -431.68316996])
5, array([ 2.55245401e+01, -1.03120334e-01, -2.41297936e+02,  4.39753062e+01,
       -4.05666878e+01, -4.28230193e+02])
6, array([  33.56986149,    5.26130318, -239.39203179,   66.72916127,
        -26.51985174, -424.19663703])
7, array([  41.18946498,   12.14455832, -237.41335755,   88.79562997,
         -6.32383988, -419.62600231])
8, array([  46.29760278,   21.20660095, -235.51220852,  104.78256497,
         23.22634306, -414.17270642])
9, array([  48.11360703,   30.4710882 , -234.06915454,  111.91042851,
         55.77752206, -408.8307592 ])
10, array([  46.81347108,   39.29880402, -233.07537378,  110.49862068,
         89.96584829, -403.53509393])
11, array([  41.32378956,   46.34447646, -232.7241514 ,   97.31287363,
        123.91869214, -398.24553336])
12, array([  32.02975872,   49.15463472, -233.46548835,   72.9296057 ,
        145.08083674, -394.63985438])
13, array([  20.37377076,   48.83431366, -234.6456771 ,   42.25263785,
        155.37758832, -393.75305747])
14, array([   6.40338546,   45.26226539, -236.14964476,    5.62615886,
        154.18253897, -396.0028453 ])
15, array([  -8.67781021,   37.61097439, -237.5971324 ,  -33.80055224,
        139.02555339, -401.20043783])
16, array([ -22.25386964,   27.46496567, -238.6634404 ,  -69.15448218,
        113.68138172, -406.61647431])
17, array([ -33.98234441,   15.07663274, -239.38624859,  -99.51944905,
         79.68132415, -411.6548701 ])
18, array([ -42.36859813,    0.65510849, -239.67494833, -120.93009978,
         37.84977914, -415.26635922])
19, array([ -46.07838669,  -14.67189688, -239.51379971, -129.13941419,
         -9.97084495, -414.71263519])
20, array([ -46.52865883,  -29.35248679, -239.09460696, -127.70849885,
        -58.0125069 , -410.90199876])
21, array([ -43.6643151 ,  -42.51359822, -238.45580986, -116.69542087,
       -103.41036415, -403.8489166 ])
22, array([ -35.76620827,  -52.58717476, -237.59320097,  -92.64608445,
       -141.6658219 , -391.90801619])
23, array([ -25.33925028,  -59.21446158, -236.72109524,  -60.61083054,
       -168.94145554, -378.80025566])
24, array([ -13.53858686,  -62.59112047, -236.01039562,  -24.2292581 ,
       -186.81149884, -366.65870007])
25, array([  -0.58898253,  -62.32884748, -235.61199996,   15.76288564,
       -195.32390288, -357.01692659])
26, array([  12.20287471,  -57.64485541, -235.29561201,   54.887854  ,
       -186.79551131, -354.87642174])
27, array([  23.40112618,  -50.23337746, -235.23382406,   86.930701  ,
       -165.5753711 , -357.43810009])
28, array([  32.92248826,  -40.42115561, -235.45167771,  111.53345897,
       -133.52626755, -364.22642604])
29, array([  39.56892952,  -28.52659297, -236.11672612,  124.50089226,
        -94.63963371, -375.75915383])
30, array([  42.36313513,  -18.28795707, -237.12038154,  126.51433137,
        -58.61703389, -389.23385162])
31, array([  42.11162767,   -9.81336328, -238.31055733,  120.49966686,
        -26.85625419, -402.98339493])
32, array([  38.50591307,   -3.5777764 , -239.65126663,  106.09196915,
         -1.12150856, -416.15903487])
33, array([  31.29552804,   -1.40456901, -241.06055248,   84.51002586,
         12.33384107, -426.2930207 ])
34, array([  23.2884578 ,   -1.34115406, -242.22587535,   61.90322073,
         17.93129336, -433.67034044])
35, array([  14.73861724,   -3.09097858, -243.1776389 ,   39.21147731,
         16.61956984, -438.66287733])
36, array([   6.68194992,   -6.13703506, -243.93753251,   20.48588373,
          9.71321391, -441.61419642])
37, array([ 2.00615672e-01, -9.61077138e+00, -2.44596473e+02,  7.49464336e+00,
        6.98196823e-01, -4.42828580e+02])
38, array([  -4.82882015,  -12.92316584, -245.009179  ,   -1.24544157,
         -7.77603864, -443.10444535])
39, array([  -8.11820215,  -15.69448388, -245.07150623,   -5.56696253,
        -14.24061914, -442.65967822])
