0, array([-1.65978537e+01,  4.18352741e-01, -2.53044926e+02, -1.44467669e+01,
       -2.29880130e+00, -4.50422398e+02])
1, array([  -4.3884423 ,    1.4664156 , -253.15924801,    6.14318948,
         -3.31052128, -450.56080178])
2, array([  10.29874281,    9.13717119, -251.38168501,   33.87443469,
          8.9942146 , -447.04316389])
3, array([  27.69312404,   22.33091689, -247.89337053,   68.04880306,
         32.66917272, -439.81240026])
4, array([  43.5676279 ,   39.78961462, -243.49553157,   98.80358075,
         69.02299067, -428.92190968])
5, array([  53.05434594,   56.13218709, -240.20179065,  115.53756947,
        110.3111727 , -418.35989561])
6, array([  52.23903681,   64.96455081, -239.18628795,  113.05523085,
        139.8911559 , -413.09669426])
7, array([  41.48067906,   65.24673972, -240.43911594,   92.3714644 ,
        147.48680386, -414.97858413])
8, array([  24.54467845,   60.35329005, -243.01156543,   60.37116511,
        137.05872002, -422.76105332])
9, array([   5.44830436,   53.59159109, -245.28570452,   24.3863764 ,
        120.10227827, -432.08833741])
10, array([ -13.1423923 ,   47.90004671, -246.39694586,  -15.00398415,
        105.30859647, -438.64722462])
11, array([ -29.59873037,   45.3639033 , -245.88849932,  -59.48903706,
         94.90385822, -439.40089679])
12, array([ -41.42548182,   44.88994693, -244.35674711,  -98.46476867,
         91.22457421, -434.9369975 ])
13, array([ -47.21628076,   40.06862402, -243.58555042, -124.46365869,
         90.08394324, -430.1092815 ])
14, array([ -47.45548621,   26.84652809, -244.39013121, -130.65784949,
         80.87452825, -429.70780289])
15, array([ -43.85087071,    9.22649679, -246.04468901, -115.56993063,
         58.77135412, -433.36867488])
16, array([ -39.81909908,   -8.28196793, -247.16287892,  -87.98479864,
         30.78314234, -439.48590077])
17, array([ -38.36793431,  -23.19395504, -246.68706675,  -63.22692263,
          4.52270659, -445.06599445])
18, array([ -40.19298203,  -36.07601608, -244.57101015,  -54.14638357,
        -20.85680271, -445.10207803])
19, array([ -45.46399219,  -46.81148634, -240.56780103,  -67.03626946,
        -51.90214771, -436.73402457])
20, array([ -51.98232913,  -56.36467803, -235.57275465,  -89.659801  ,
        -91.64312254, -420.62769516])
21, array([ -55.37428035,  -64.59746005, -231.5018913 , -105.51214422,
       -131.4351428 , -404.57835006])
22, array([ -53.23822709,  -68.33135944, -229.95236677, -109.05534475,
       -157.58613214, -394.96164369])
23, array([ -45.05382264,  -66.7623275 , -231.42033604,  -95.46698479,
       -160.80871217, -394.87209268])
24, array([ -33.13278136,  -63.19715814, -234.44760594,  -68.2859014 ,
       -148.13279819, -403.67768302])
25, array([ -20.42007058,  -60.42333404, -237.09365388,  -38.21795953,
       -132.50501647, -415.78271314])
26, array([  -7.70729699,  -60.01084863, -239.15279773,  -10.65130334,
       -124.75875696, -422.5581145 ])
27, array([   3.55204707,  -63.00007691, -239.00405951,   14.99491601,
       -132.14171046, -416.88414675])
28, array([  13.04293532,  -67.39372813, -237.16846893,   41.71920732,
       -151.75796681, -400.26903245])
29, array([  22.43484749,  -69.37458679, -235.38583362,   71.94929576,
       -172.27278855, -380.74624075])
30, array([  30.60305888,  -65.35897316, -235.13756821,   97.6703253 ,
       -176.35934253, -370.31196341])
31, array([  36.87658351,  -56.59795629, -236.70808449,  114.54627602,
       -158.86400039, -372.30527039])
32, array([  40.5743224 ,  -45.73225232, -239.8350174 ,  122.14533375,
       -126.51324358, -385.24233431])
33, array([  39.65285833,  -34.60848641, -243.29012938,  116.98952291,
        -91.23773808, -404.04307609])
34, array([  32.64835428,  -23.85701686, -246.62082921,   98.1788994 ,
        -60.30622439, -422.14874385])
35, array([  20.36434094,  -14.31303313, -249.15918041,   70.28622764,
        -36.6439249 , -435.28823005])
36, array([   5.80371005,   -6.4654208 , -250.68537492,   40.85059824,
        -20.84127469, -442.61830569])
37, array([-7.75737898e+00,  1.28130383e-01, -2.51382014e+02,  1.58070909e+01,
       -1.07228055e+01, -4.45184093e+02])
38, array([ -18.41328806,    4.96109201, -251.3528421 ,   -3.37429787,
         -3.26865947, -446.51119162])
39, array([ -25.3190127 ,    7.70548315, -250.61907459,  -16.10050562,
          1.62841223, -447.14684619])
