0, array([ -13.55848156,   -7.21059776, -253.05070206,   -4.22008913,
        -18.57019062, -450.64532838])
1, array([ -10.81035435,   -5.9329261 , -252.47243109,    2.79842597,
        -15.28927608, -448.94031794])
2, array([  -4.68203085,   -3.52998436, -253.31953095,   13.07983162,
        -13.1816593 , -450.23681823])
3, array([   8.94075759,    8.08958181, -251.98407949,   40.50163723,
          8.47129921, -446.62880521])
4, array([  25.9853174 ,   24.50486319, -249.38558246,   75.99435109,
         40.9316856 , -438.9638264 ])
5, array([  43.30704511,   43.55699125, -245.57361659,  110.85779037,
         84.47534299, -426.2593372 ])
6, array([  54.23154185,   58.82815898, -242.23858953,  128.30880937,
        130.85222466, -412.07108462])
7, array([  53.66506309,   63.90681621, -241.48328451,  121.40853416,
        161.46002045, -404.4206309 ])
8, array([  42.77902282,   58.69165511, -243.55912671,   95.94363114,
        163.34176292, -407.68473662])
9, array([  26.03294092,   50.57884408, -246.72431396,   62.02816759,
        145.50002352, -419.23938588])
10, array([   8.15212004,   44.76410623, -248.72194192,   26.04095963,
        124.94167201, -432.05137532])
11, array([  -7.75348851,   42.16420667, -249.36930496,   -7.82722858,
        112.57673342, -438.79911394])
12, array([ -20.02559294,   43.78631818, -248.55387032,  -39.94787724,
        114.8253465 , -435.10493336])
13, array([ -28.9962301 ,   46.2475492 , -246.65931628,  -75.75081812,
        127.00750342, -423.94361133])
14, array([ -34.54892454,   42.14918944, -246.4860494 , -104.50598357,
        132.25465391, -415.92971279])
15, array([ -35.56973977,   29.98506201, -247.60266619, -116.710055  ,
        117.75892811, -417.18549281])
16, array([ -32.23284323,   15.52941266, -249.16139956, -104.01804029,
         90.19511875, -425.43253752])
17, array([ -27.48484554,    1.20980365, -250.46887184,  -71.20520671,
         60.80230456, -436.28748383])
18, array([ -25.35623752,  -12.48743915, -250.70345813,  -36.89918724,
         33.47050927, -445.32510006])
19, array([ -29.74720407,  -24.02399953, -248.85062915,  -20.35238368,
          9.05366116, -448.00061897])
20, array([ -39.91519876,  -33.07826109, -244.98396304,  -30.07736293,
        -17.53623663, -445.15711775])
21, array([ -52.36035647,  -40.870402  , -240.44894941,  -58.20448543,
        -50.05631091, -436.94112   ])
22, array([ -62.07592644,  -48.36014706, -236.05165419,  -90.36149724,
        -87.0555712 , -425.13443384])
23, array([ -65.09458324,  -52.70870459, -233.78872961, -106.70564836,
       -118.33985199, -413.30331562])
24, array([ -60.79389231,  -50.41691566, -234.8320942 , -100.4954216 ,
       -134.08299051, -406.4368638 ])
25, array([ -49.96158806,  -45.79515814, -238.26044416,  -79.67209388,
       -130.92303443, -408.77476351])
26, array([ -35.88604211,  -43.95694482, -241.83240162,  -51.11046167,
       -114.13312647, -418.59486804])
27, array([ -20.67282354,  -49.62556833, -242.41163555,  -20.14962273,
        -98.74904833, -429.58148221])
28, array([  -6.98548344,  -60.25366681, -240.22731737,    7.10063294,
       -101.17068095, -431.89011812])
29, array([   4.1165134 ,  -72.89043275, -236.09715064,   30.82364154,
       -122.88395492, -422.30589688])
30, array([  12.52846665,  -83.47922802, -231.84386065,   54.09370039,
       -155.33387469, -403.63367186])
31, array([  20.95472243,  -84.31007336, -230.74340517,   80.87818492,
       -178.43436671, -384.79370333])
32, array([  30.88350074,  -75.61578299, -232.94357663,  107.46629485,
       -177.60084833, -375.38239311])
33, array([  38.10076482,  -62.71066205, -237.91244122,  126.624897  ,
       -153.77883582, -378.43693544])
34, array([  39.7418461 ,  -45.99205651, -243.42526513,  132.23466569,
       -112.13683994, -392.80681882])
35, array([  32.60109125,  -27.13764491, -247.91021972,  115.61424122,
        -65.85052779, -412.31159371])
36, array([  17.63938753,   -9.51058601, -250.75051688,   80.38276545,
        -27.09586176, -429.81241241])
37, array([ 3.44312093e-01,  3.48610926e+00, -2.51841363e+02,  4.12503277e+01,
       -3.24773639e-01, -4.41586067e+02])
38, array([ -13.58397373,   10.95959176, -251.77600021,   10.77357819,
         15.38529294, -447.22714428])
39, array([ -20.59953334,   13.91370886, -250.77325122,   -5.85368927,
         21.35534765, -448.33491316])
