0, array([ 241.99453125,  -17.52451172,  -52.46191406,  216.0984375 ,
        -27.57041016, -249.80800781])
1, array([ 242.66425781,  -17.74775391,  -52.46191406,  216.76816406,
        -28.24013672, -249.91962891])
2, array([ 242.32939453,  -18.75234375,  -52.79677734,  216.76816406,
        -28.46337891, -249.91962891])
3, array([ 242.21777344,  -18.64072266,  -53.35488281,  216.21005859,
        -28.90986328, -249.80800781])
4, array([ 240.98994141,  -18.08261719,  -52.68515625,  214.20087891,
        -28.46337891, -249.80800781])
5, array([ 243.55722656,  -19.53369141,  -53.02001953,  218.21923828,
        -32.92822266, -249.58476562])
6, array([ 247.57558594,  -24.66826172,  -52.79677734,  224.13515625,
        -40.29521484, -249.58476562])
7, array([ 259.18417969,  -24.55664062,  -53.46650391,  248.46855469,
        -44.6484375 , -249.36152344])
8, array([ 272.35546875,  -15.85019531,  -51.68056641,  276.59707031,
        -34.60253906, -248.35693359])
9, array([ 282.62460937,   -5.02294922,  -49.89462891,  307.85097656,
        -17.07802734, -244.45019531])
10, array([ 287.98242188,    6.02753906,  -47.10410156,  332.85410156,
          6.92050781, -239.09238281])
11, array([ 297.02373047,   26.11933594,  -39.62548828,  349.15078125,
         56.14541016, -230.27431641])
12, array([ 296.91210938,   40.85332031,  -37.72792969,  337.98867187,
        101.46357422, -224.13515625])
13, array([ 285.08027344,   44.98330078,  -38.62089844,  309.19042969,
        125.79697266, -222.23759766])
14, array([ 270.12304688,   49.33652344,  -39.62548828,  275.034375  ,
        138.96826172, -220.22841797])
15, array([ 245.34316406,   41.85791016,  -42.97412109,  220.22841797,
        133.83369141, -220.34003906])
16, array([ 217.884375  ,   25.89609375,  -43.08574219,  168.54785156,
         90.52470703, -227.59541016])
17, array([ 203.82011719,   11.49697266,  -42.52763672,  147.11660156,
         30.02607422, -235.29726562])
18, array([ 196.22988281,   -0.33486328,  -41.96953125,  128.69912109,
        -10.49238281, -242.21777344])
19, array([ 193.66259766,  -19.53369141,  -42.75087891,  104.70058594,
        -41.0765625 , -233.51132812])
20, array([ 198.79716797,  -43.53222656,  -43.53222656,  117.76025391,
       -101.35195312, -213.30791016])
21, array([ 208.06171875,  -64.29375   ,  -42.19277344,  143.99121094,
       -163.07841797, -193.88583984])
22, array([ 225.13974609,  -76.01396484,  -40.85332031,  192.65800781,
       -203.93173828, -177.92402344])
23, array([ 244.33857422,  -81.81826172,  -39.73710937,  249.36152344,
       -217.54951172, -169.10595703])
24, array([ 263.76064453,  -74.22802734,  -40.96494141,  306.51152344,
       -201.14121094, -169.77568359])
25, array([ 275.14599609,  -49.22490234,  -45.09492187,  330.17519531,
       -142.42851562, -198.2390625 ])
26, array([ 273.13681641,  -29.80283203,  -47.32734375,  308.85556641,
        -82.04150391, -229.38134766])
27, array([ 265.10009766,  -20.09179688,  -52.01542969,  273.80654297,
        -42.97412109, -243.89208984])
28, array([ 254.16123047,  -15.51533203,  -49.89462891,  244.78505859,
        -30.3609375 , -246.90585937])
29, array([ 244.78505859,  -16.18505859,  -51.56894531,  228.93486328,
        -33.15146484, -247.12910156])
30, array([ 241.43642578,  -20.20341797,  -51.45732422,  221.34462891,
        -39.06738281, -246.68261719])
31, array([ 240.65507812,  -17.859375  ,  -52.01542969,  221.23300781,
        -34.26767578, -246.90585937])
32, array([ 242.10615234,  -18.75234375,  -52.35029297,  222.68408203,
        -36.61171875, -247.12910156])
33, array([ 242.32939453,  -17.41289062,  -52.46191406,  222.57246094,
        -34.71416016, -247.57558594])
34, array([ 242.44101562,  -18.08261719,  -52.68515625,  222.23759766,
        -35.71875   , -247.68720703])
35, array([ 242.10615234,  -17.97099609,  -52.12705078,  220.78652344,
        -36.50009766, -248.02207031])
36, array([ 241.77128906,  -17.63613281,  -52.79677734,  220.45166016,
        -36.16523437, -248.02207031])
37, array([ 241.54804687,  -17.74775391,  -52.01542969,  219.89355469,
        -36.94658203, -247.91044922])
38, array([ 241.88291016,  -18.97558594,  -52.23867187,  221.00976562,
        -38.50927734, -247.79882812])
39, array([ 241.77128906,  -18.86396484,  -52.57353516,  220.22841797,
        -38.84414062, -247.68720703])
40, array([ 241.99453125,  -19.53369141,  -51.68056641,  220.45166016,
        -40.40683594, -247.57558594])
41, array([ 241.21318359,  -19.75693359,  -52.68515625,  219.6703125 ,
        -40.85332031, -247.46396484])
42, array([ 240.76669922,  -20.09179688,  -52.46191406,  219.11220703,
        -41.63466797, -247.24072266])
43, array([ 240.43183594,  -20.87314453,  -53.13164062,  218.77734375,
        -42.30439453, -247.24072266])
44, array([ 241.32480469,  -21.43125   ,  -52.12705078,  219.00058594,
        -42.97412109, -247.12910156])
45, array([ 241.1015625 ,  -20.87314453,  -52.68515625,  218.88896484,
        -43.19736328, -247.24072266])
46, array([ 240.98994141,  -21.20800781,  -52.57353516,  218.77734375,
        -44.20195312, -247.12910156])
47, array([ 241.1015625 ,  -22.10097656,  -52.12705078,  218.77734375,
        -44.53681641, -247.12910156])
48, array([ 240.87832031,  -22.54746094,  -52.68515625,  219.33544922,
        -45.31816406, -247.01748047])
49, array([ 240.98994141,  -21.76611328,  -53.13164062,  219.89355469,
        -45.65302734, -247.01748047])
