0, array([ 236.41347656,  -19.53369141,  -52.12705078,  213.75439453,
         -5.69267578, -247.91044922])
1, array([ 236.74833984,  -19.6453125 ,  -51.7921875 ,  213.64277344,
         -5.91591797, -247.91044922])
2, array([ 236.07861328,  -19.53369141,  -51.7921875 ,  213.41953125,
         -6.13916016, -247.91044922])
3, array([ 236.63671875,  -19.6453125 ,  -51.56894531,  213.53115234,
         -6.47402344, -248.02207031])
4, array([ 237.64130859,  -19.6453125 ,  -51.7921875 ,  215.20546875,
         -9.15292969, -248.02207031])
5, array([ 245.34316406,  -30.13769531,  -52.90839844,  225.25136719,
        -31.81201172, -248.91503906])
6, array([ 258.9609375 ,  -43.75546875,  -53.02001953,  251.37070312,
        -58.71269531, -248.2453125 ])
7, array([ 275.48085937,  -50.56435547,  -51.01083984,  281.73164063,
        -76.34882812, -244.6734375 ])
8, array([ 296.24238281,  -48.89003906,  -46.54599609,  329.17060547,
        -86.39472656, -234.73916016])
9, array([ 315.44121094,  -34.71416016,  -43.97871094,  381.63251953,
        -62.28457031, -220.45166016])
10, array([ 326.38007812,   -6.80888672,  -37.83955078,  414.67236328,
         -7.92509766, -207.83847656])
11, array([ 332.29599609,   14.17587891,  -29.91445312,  416.90478516,
         43.08574219, -203.15039062])
12, array([ 318.00849609,   30.80742187,  -31.92363281,  382.52548828,
        100.12412109, -206.16416016])
13, array([ 294.79130859,   40.40683594,  -35.27226562,  330.28681641,
        139.74960938, -205.60605469])
14, array([ 266.55117187,   31.03066406,  -43.53222656,  259.18417969,
        143.99121094, -208.50820312])
15, array([ 239.42724609,    7.25537109,  -48.2203125 ,  197.90419922,
        101.24033203, -219.78193359])
16, array([ 224.13515625,  -13.50615234,  -50.11787109,  166.0921875 ,
         43.97871094, -232.06025391])
17, array([ 215.76357422,  -23.66367187,  -48.66679687,  151.91630859,
          6.02753906, -239.42724609])
18, array([ 209.62441406,  -35.83037109,  -47.66220703,  129.36884766,
        -32.70498047, -238.53427734])
19, array([ 203.596875  ,  -51.34570312,  -45.65302734,  113.85351562,
        -66.30292969, -230.83242187])
20, array([ 206.27578125,  -67.30751953,  -43.86708984,  120.88564453,
       -121.77861328, -212.86142578])
21, array([ 219.22382812,  -88.06904297,  -40.85332031,  160.734375  ,
       -189.86748047, -193.21611328])
22, array([ 235.07402344, -100.34736328,  -37.5046875 ,  218.10761719,
       -234.96240234, -168.99433594])
23, array([ 255.94716797, -104.03085937,  -36.05361328,  275.14599609,
       -246.12451172, -157.38574219])
24, array([ 273.91816406,  -98.56142578,  -37.72792969,  330.62167969,
       -224.58164062, -159.84140625])
25, array([ 282.51298828,  -74.22802734,  -42.19277344,  374.60039062,
       -155.82304687, -183.05859375])
26, array([ 285.19189453,  -59.82890625,  -46.434375  ,  385.53925781,
        -99.00791016, -200.69472656])
27, array([ 279.83408203,  -52.01542969,  -49.55976562,  355.95966797,
        -51.68056641, -226.36757812])
28, array([ 270.79277344,  -45.31816406,  -54.80595703,  311.31123047,
        -35.27226562, -243.22236328])
29, array([ 255.05419922,  -42.30439453,  -54.80595703,  269.56494141,
        -31.58876953, -248.69179687])
30, array([ 245.90126953,  -43.08574219,  -52.79677734,  249.91962891,
        -34.15605469, -248.80341797])
31, array([ 242.44101562,  -39.73710937,  -53.02001953,  240.65507812,
        -27.34716797, -248.69179687])
32, array([ 240.76669922,  -37.28144531,  -53.02001953,  236.52509766,
        -23.10556641, -248.69179687])
33, array([ 241.65966797,  -37.05820312,  -52.46191406,  236.97158203,
        -23.88691406, -248.80341797])
34, array([ 240.20859375,  -36.61171875,  -52.68515625,  234.18105469,
        -22.88232422, -248.69179687])
35, array([ 239.20400391,  -35.83037109,  -53.13164062,  231.72539062,
        -22.65908203, -248.46855469])
36, array([ 238.64589844,  -33.82119141,  -53.02001953,  230.72080078,
        -21.98935547, -248.46855469])
37, array([ 238.53427734,  -33.9328125 ,  -52.90839844,  228.48837891,
        -21.65449219, -248.69179687])
38, array([ 237.86455078,  -32.70498047,  -53.13164062,  227.59541016,
        -19.86855469, -248.80341797])
39, array([ 237.19482422,  -32.59335937,  -53.46650391,  226.14433594,
        -20.31503906, -248.80341797])
40, array([ 235.63212891,  -31.81201172,  -52.79677734,  223.57705078,
        -19.75693359, -248.80341797])
41, array([ 235.40888672,  -30.24931641,  -52.57353516,  222.57246094,
        -18.64072266, -248.58017578])
42, array([ 234.06943359,  -28.46337891,  -52.12705078,  220.89814453,
        -15.62695312, -248.58017578])
43, array([ 232.50673828,  -25.56123047,  -52.79677734,  218.21923828,
        -11.83183594, -248.2453125 ])
44, array([ 232.72998047,  -23.88691406,  -52.79677734,  218.88896484,
         -9.26455078, -248.13369141])
45, array([ 234.18105469,  -23.66367187,  -52.12705078,  219.55869141,
         -9.04130859, -248.2453125 ])
46, array([ 233.62294922,  -23.44042969,  -52.57353516,  219.33544922,
         -8.59482422, -248.2453125 ])
47, array([ 231.94863281,  -22.54746094,  -53.35488281,  216.65654297,
         -6.36240234, -248.02207031])
48, array([ 232.28349609,  -22.21259766,  -51.56894531,  217.21464844,
         -6.69726562, -247.91044922])
49, array([ 232.39511719,  -22.32421875,  -52.23867187,  217.66113281,
         -7.03212891, -247.91044922])
