0, array([ 2.45678027e+02, -1.11621094e-01, -5.82662109e+01,  2.58514453e+02,
       -1.22783203e+01, -2.53045020e+02])
1, array([ 246.459375  ,   -0.66972656,  -57.15      ,  258.9609375 ,
        -12.94804687, -252.93339844])
2, array([ 2.46570996e+02, -2.23242187e-01, -5.67035156e+01,  2.59184180e+02,
       -1.31712891e+01, -2.52821777e+02])
3, array([ 246.34775391,    0.        ,  -57.48486328,  258.84931641,
        -12.83642578, -252.82177734])
4, array([ 246.68261719,   -0.44648437,  -57.59648437,  258.9609375 ,
        -13.39453125, -252.71015625])
5, array([ 2.46570996e+02,  1.11621094e-01, -5.69267578e+01,  2.58402832e+02,
       -1.30596680e+01, -2.52821777e+02])
6, array([ 246.79423828,   -2.00917969,  -57.59648437,  256.05878906,
        -17.859375  , -252.71015625])
7, array([ 254.49609375,   -0.89296875,  -57.26162109,  263.42578125,
        -21.09638672, -252.59853516])
8, array([ 272.35546875,   13.05966797,  -55.81054688,  297.24697266,
          0.        , -251.25908203])
9, array([ 288.98701172,   25.56123047,  -54.91757812,  334.64003906,
         34.71416016, -244.78505859])
10, array([ 302.15830078,   40.96494141,  -50.11787109,  359.41992188,
         60.83349609, -236.41347656])
11, array([ 312.65068359,   53.46650391,  -42.19277344,  381.29765625,
         88.40390625, -225.13974609])
12, array([ 315.99931641,   64.18212891,  -39.06738281,  396.14326172,
        122.11347656, -211.41035156])
13, array([ 314.88310547,   65.63320312,  -38.50927734,  388.44140625,
        150.13037109, -203.70849609])
14, array([ 303.27451172,   60.721875  ,  -41.41142578,  355.62480469,
        164.86435547, -207.72685547])
15, array([ 287.98242188,   51.90380859,  -50.00625   ,  313.32041016,
        156.82763672, -221.12138672])
16, array([ 271.01601562,   32.92822266,  -54.13623047,  285.52675781,
        110.728125  , -243.33398438])
17, array([ 257.06337891,   28.79824219,  -55.69892578,  256.17041016,
         68.20048828, -255.3890625 ])
18, array([ 248.80341797,   35.04902344,  -54.13623047,  227.81865234,
         77.79990234, -253.26826172])
19, array([ 239.315625  ,   37.83955078,  -52.46191406,  201.47607422,
         99.11953125, -246.23613281])
20, array([ 226.59082031,   31.25390625,  -52.01542969,  162.18544922,
        115.97431641, -231.39052734])
21, array([ 218.44248047,   21.87773437,  -52.57353516,  117.53701172,
        101.91005859, -220.11679687])
22, array([ 220.56328125,   13.50615234,  -54.02460937,   94.6546875 ,
         58.15458984, -222.12597656])
23, array([ 228.71162109,   -1.22783203,  -57.03837891,  138.63339844,
         31.03066406, -232.95322266])
24, array([ 235.96699219,  -14.95722656,  -57.81972656,  161.06923828,
         17.07802734, -246.459375  ])
25, array([ 241.43642578,  -26.45419922,  -57.03837891,  197.01123047,
         -0.55810547, -255.83554687])
26, array([ 238.98076172,  -32.25849609,  -57.48486328,  218.21923828,
        -15.40371094, -257.95634766])
27, array([ 225.92109375,  -38.06279297,  -54.91757812,  217.32626953,
        -32.25849609, -256.28203125])
28, array([ 213.08466797,  -45.76464844,  -52.57353516,  183.61669922,
        -50.56435547, -251.92880859])
29, array([ 207.61523438,  -50.00625   ,  -49.44814453,  147.00498047,
        -64.96347656, -244.45019531])
30, array([ 205.71767578,  -54.91757812,  -47.77382812,  127.47128906,
        -86.95283203, -233.06484375])
31, array([ 206.61064453,  -64.18212891,  -44.09033203,  127.02480469,
       -129.25722656, -213.97763672])
32, array([ 209.51279297,  -69.76318359,  -43.75546875,  138.18691406,
       -163.07841797, -198.90878906])
33, array([ 213.75439453,  -69.20507812,  -43.64384766,  158.61357422,
       -176.36132812, -194.33232422])
34, array([ 222.12597656,  -61.16835937,  -46.21113281,  172.90107422,
       -164.75273437, -201.47607422])
35, array([ 235.29726562,  -47.77382812,  -51.45732422,  193.88583984,
       -133.9453125 , -218.88896484])
36, array([ 250.58935547,  -40.85332031,  -54.13623047,  219.6703125 ,
        -97.78007812, -238.08779297])
37, array([ 258.40283203,  -49.67138672,  -53.13164062,  242.66425781,
        -74.33964844, -250.25449219])
38, array([ 257.84472656,  -71.88398437,  -47.88544922,  265.99306641,
        -90.41308594, -246.12451172])
39, array([ 262.08632812,  -80.14394531,  -45.76464844,  293.78671875,
       -124.45751953, -233.62294922])
40, array([ 266.88603516,  -79.58583984,  -44.20195312,  311.31123047,
       -145.10742188, -221.79111328])
41, array([ 273.69492187,  -80.3671875 ,  -42.8625    ,  332.29599609,
       -163.63652344, -205.94091797])
42, array([ 284.63378906,  -75.34423828,  -42.19277344,  358.19208984,
       -168.65947266, -190.87207031])
43, array([ 295.12617188,  -60.721875  ,  -45.65302734,  388.10654297,
       -144.54931641, -186.63046875])
44, array([ 293.56347656,  -52.12705078,  -47.10410156,  390.11572266,
       -117.76025391, -197.90419922])
45, array([ 287.08945312,  -45.54140625,  -51.12246094,  374.82363281,
        -89.85498047, -215.31708984])
46, array([ 280.05732422,  -31.92363281,  -54.58271484,  353.05751953,
        -59.60566406, -230.72080078])
47, array([ 268.22548828,  -21.65449219,  -58.26621094,  325.93359375,
        -26.90068359, -242.44101562])
48, array([ 258.9609375 ,  -12.61318359,  -58.82431641,  302.38154297,
         -8.03671875, -248.13369141])
49, array([ 250.03125   ,   -8.9296875 ,  -57.70810547,  279.83408203,
          3.571875  , -251.48232422])
50, array([ 246.12451172,  -10.715625  ,  -58.26621094,  271.57412109,
          2.34404297, -251.59394531])
51, array([ 243.55722656,   -4.57646484,  -57.03837891,  264.65361328,
         11.83183594, -252.26367188])
52, array([ 249.24990234,   -4.57646484,  -57.48486328,  272.46708984,
         11.16210938, -251.70556641])
53, array([ 250.03125   ,   -5.69267578,  -56.59189453,  272.69033203,
          8.81806641, -252.04042969])
54, array([ 248.58017578,   -6.13916016,  -57.93134766,  270.79277344,
          9.04130859, -252.26367188])
55, array([ 248.69179687,   -5.69267578,  -57.81972656,  269.6765625 ,
          8.48320312, -252.37529297])
56, array([ 248.46855469,   -7.47861328,  -58.04296875,  269.6765625 ,
          6.80888672, -252.48691406])
57, array([ 248.91503906,   -7.14375   ,  -58.48945312,  269.89980469,
          5.02294922, -252.48691406])
58, array([ 248.13369141,   -8.59482422,  -57.93134766,  269.45332031,
          3.571875  , -252.59853516])
59, array([ 248.02207031,   -8.37158203,  -57.70810547,  268.89521484,
          3.23701172, -252.59853516])
60, array([ 248.46855469,   -7.47861328,  -57.70810547,  269.11845703,
          2.90214844, -252.71015625])
61, array([ 249.47314453,   -8.03671875,  -58.15458984,  270.56953125,
          2.79052734, -252.93339844])
62, array([ 249.13828125,   -7.47861328,  -58.26621094,  270.56953125,
          2.34404297, -253.04501953])
63, array([ 248.80341797,   -9.71103516,  -57.81972656,  270.34628906,
          1.22783203, -253.04501953])
64, array([ 247.01748047,   -3.90673828,  -57.70810547,  266.21630859,
          7.92509766, -253.26826172])
65, array([ 248.13369141,   -5.80429687,  -57.93134766,  267.890625  ,
          6.47402344, -253.15664062])
66, array([ 248.80341797,   -5.80429687,  -58.26621094,  269.00683594,
          5.02294922, -253.26826172])
67, array([ 249.47314453,   -6.80888672,  -58.37783203,  269.78818359,
          3.46025391, -253.37988281])
68, array([ 250.58935547,   -7.59023437,  -58.60107422,  270.79277344,
          2.00917969, -253.49150391])
69, array([ 2.49808008e+02, -8.14833984e+00, -5.81545898e+01,  2.71016016e+02,
        1.11621094e-01, -2.53491504e+02])
70, array([ 249.69638672,   -9.59941406,  -58.71269531,  270.34628906,
         -2.45566406, -253.49150391])
71, array([ 249.80800781,  -10.15751953,  -58.37783203,  270.34628906,
         -2.79052734, -253.37988281])
72, array([ 250.03125   ,   -9.82265625,  -58.15458984,  270.45791016,
         -2.79052734, -253.26826172])
73, array([ 249.02666016,   -9.59941406,  -58.82431641,  269.00683594,
         -2.34404297, -253.37988281])
74, array([ 250.14287109,  -10.49238281,  -58.15458984,  270.56953125,
         -3.571875  , -253.26826172])
