0, array([ 307.85097656,  -19.42207031,  -58.37783203,  302.04667969,
        -44.6484375 , -240.43183594])
1, array([ 307.51611328,  -22.32421875,  -56.92675781,  302.26992187,
        -44.76005859, -240.43183594])
2, array([ 308.74394531,  -23.88691406,  -56.81513672,  304.16748047,
        -46.32275391, -240.09697266])
3, array([ 308.74394531,  -23.44042969,  -57.26162109,  302.60478516,
        -49.00166016, -239.98535156])
4, array([ 306.95800781,  -23.44042969,  -58.15458984,  303.16289062,
        -55.47568359, -236.74833984])
5, array([ 301.48857422,   -9.71103516,  -55.47568359,  298.80966797,
        -51.90380859, -227.70703125])
6, array([ 301.60019531,   10.04589844,  -50.67597656,  300.81884766,
        -46.32275391, -215.98681641])
7, array([ 304.83720703,   33.9328125 ,  -43.30898437,  300.81884766,
        -18.75234375, -209.06630859])
8, array([ 304.72558594,   50.22949219,  -39.51386719,  301.60019531,
        -10.60400391, -202.70390625])
9, array([ 303.72099609,   54.80595703,  -34.49091797,  302.60478516,
        -15.73857422, -186.29560547])
10, array([ 303.72099609,   54.24785156,  -33.26308594,  308.85556641,
        -26.67744141, -175.35673828])
11, array([ 302.26992187,   55.69892578,  -31.58876953,  312.65068359,
        -37.16982422, -164.30625   ])
12, array([ 301.93505859,   45.65302734,  -34.93740234,  318.00849609,
        -63.73564453, -150.24199219])
13, array([ 305.17207031,   27.79365234,  -43.42060547,  321.80361328,
        -92.75712891, -151.69306641])
14, array([ 306.28828125,   10.49238281,  -48.55517578,  323.2546875 ,
       -120.10429687, -146.67011719])
15, array([ 305.95341797,   -8.14833984,  -49.22490234,  315.66445312,
       -139.86123047, -144.88417969])
16, array([ 308.52070312,  -22.32421875,  -51.12246094,  313.99013672,
       -165.31083984, -138.29853516])
17, array([ 310.19501953,  -44.98330078,  -52.35029297,  312.65068359,
       -190.20234375, -132.38261719])
18, array([ 310.30664062,  -64.51699219,  -50.89921875,  306.95800781,
       -213.08466797, -128.81074219])
19, array([ 309.97177734,  -82.04150391,  -50.56435547,  302.60478516,
       -233.73457031, -120.55078125])
20, array([ 307.96259766,  -98.56142578,  -46.32275391,  296.01914062,
       -256.17041016, -110.50488281])
21, array([ 308.07421875, -115.52783203,  -41.29980469,  296.91210938,
       -275.70410156,  -96.88710937])
22, array([ 309.97177734, -128.5875    ,  -39.73710937,  298.02832031,
       -292.33564453,  -82.26474609])
23, array([ 310.97636719, -141.31230469,  -32.146875  ,  294.56806641,
       -305.95341797,  -68.08886719])
24, array([ 314.54824219, -156.15791016,  -21.54287109,  296.35400391,
       -324.81738281,  -42.19277344])
25, array([ 304.16748047, -163.30166016,  -19.86855469,  282.51298828,
       -330.06357422,  -33.9328125 ])
26, array([ 309.41367187, -139.74960938,  -34.49091797,  300.0375    ,
       -304.72558594,  -71.10263672])
27, array([ 316.22255859, -104.25410156,  -48.10869141,  316.78066406,
       -252.71015625, -126.24345703])
28, array([ 316.1109375 ,  -65.07509766,  -56.25703125,  311.08798828,
       -193.43935547, -167.43164062])
29, array([ 313.20878906,  -32.59335937,  -54.69433594,  303.16289062,
       -139.19150391, -192.21152344])
30, array([ 319.6828125 ,  -13.05966797,  -52.35029297,  310.97636719,
        -80.59042969, -214.98222656])
31, array([ 322.47333984,   -8.70644531,  -50.78759766,  321.46875   ,
        -54.91757812, -223.57705078])
32, array([ 321.46875   ,   -9.04130859,  -57.70810547,  321.58037109,
        -39.290625  , -230.72080078])
33, array([ 323.03144531,   -7.36699219,  -54.91757812,  322.25009766,
        -36.38847656, -231.83701172])
34, array([ 320.91064453,  -10.60400391,  -55.3640625 ,  318.67822266,
        -39.06738281, -232.39511719])
35, array([ 317.896875  ,  -12.16669922,  -54.58271484,  315.77607422,
        -40.85332031, -232.50673828])
36, array([ 316.55742187,  -11.49697266,  -54.58271484,  314.77148438,
        -42.30439453, -232.61835937])
37, array([ 316.78066406,  -13.84101562,  -55.69892578,  313.76689453,
        -45.31816406, -232.39511719])
38, array([ 314.88310547,  -12.05507812,  -57.03837891,  312.42744141,
        -43.64384766, -232.50673828])
39, array([ 315.77607422,  -12.38994141,  -55.47568359,  311.98095703,
        -47.66220703, -232.84160156])
40, array([ 314.54824219,  -13.95263672,  -57.48486328,  311.86933594,
        -50.00625   , -233.06484375])
41, array([ 315.66445312,  -16.51992187,  -57.03837891,  313.32041016,
        -52.01542969, -232.95322266])
42, array([ 315.77607422,  -17.30126953,  -57.37324219,  313.87851562,
        -53.02001953, -232.84160156])
43, array([ 317.00390625,  -16.51992187,  -55.47568359,  315.21796875,
        -54.24785156, -232.61835937])
44, array([ 315.66445312,  -17.52451172,  -56.25703125,  313.43203125,
        -53.578125  , -232.61835937])
45, array([ 315.66445312,  -16.85478516,  -55.69892578,  312.98554687,
        -54.58271484, -232.50673828])
46, array([ 315.88769531,  -17.63613281,  -56.03378906,  312.98554687,
        -55.92216797, -232.50673828])
47, array([ 316.44580078,  -19.19882812,  -55.3640625 ,  313.32041016,
        -55.81054688, -232.61835937])
48, array([ 316.44580078,  -20.20341797,  -57.37324219,  313.65527344,
        -56.36865234, -232.50673828])
49, array([ 316.44580078,  -17.859375  ,  -57.15      ,  313.43203125,
        -58.9359375 , -232.39511719])
