0, array([ 3.08409082e+02, -2.23242187e-01, -5.49175781e+01,  3.09971777e+02,
       -3.23701172e+01, -2.31613770e+02])
1, array([ 3.08855566e+02,  1.11621094e-01, -5.39129883e+01,  3.10083398e+02,
       -3.38211914e+01, -2.31613770e+02])
2, array([ 310.19501953,   -4.01835938,  -54.69433594,  311.42285156,
        -37.39306641, -231.61376953])
3, array([ 308.63232422,   -2.90214844,  -55.58730469,  309.07880859,
        -36.94658203, -231.94863281])
4, array([ 310.19501953,   -3.23701172,  -54.02460937,  310.19501953,
        -38.06279297, -231.61376953])
5, array([ 309.74853516,   -2.67890625,  -55.69892578,  309.52529297,
        -37.61630859, -230.94404297])
6, array([ 307.85097656,   -1.45107422,  -53.35488281,  307.18125   ,
        -46.32275391, -224.47001953])
7, array([ 305.50693359,   21.20800781,  -49.00166016,  299.92587891,
        -20.09179688, -216.21005859])
8, array([ 309.52529297,   46.21113281,  -38.73251953,  305.3953125 ,
          6.47402344, -201.25283203])
9, array([ 309.86015625,   69.09345703,  -27.68203125,  305.61855469,
         39.84873047, -189.08613281])
10, array([ 306.62314453,   82.04150391,  -20.64990234,  304.50234375,
         28.12851562, -168.99433594])
11, array([ 307.62773437,   91.75253906,  -10.93886719,  308.52070312,
         40.74169922, -157.05087891])
12, array([ 309.07880859,   96.77548828,   -7.14375   ,  307.96259766,
         36.05361328, -140.08447266])
13, array([ 314.325     ,   90.30146484,  -12.27832031,  313.32041016,
         17.63613281, -131.37802734])
14, array([ 314.325     ,   70.65615234,  -21.20800781,  313.54365234,
        -14.73398437, -135.84287109])
15, array([ 313.43203125,   55.58730469,  -30.24931641,  309.97177734,
        -47.66220703, -137.40556641])
16, array([ 312.98554687,   32.03525391,  -36.94658203,  307.73935547,
        -81.48339844, -133.38720703])
17, array([ 310.753125  ,    9.59941406,  -44.09033203,  304.83720703,
       -116.19755859, -123.89941406])
18, array([ 311.42285156,  -11.72021484,  -48.55517578,  301.37695312,
       -143.09824219, -117.42539062])
19, array([ 313.76689453,  -30.13769531,  -49.78300781,  302.60478516,
       -168.54785156, -108.27246094])
20, array([ 313.76689453,  -52.12705078,  -48.44355469,  302.71640625,
       -195.11367187,  -95.88251953])
21, array([ 308.07421875,  -77.68828125,  -44.42519531,  291.33105469,
       -225.69785156,  -83.71582031])
22, array([ 302.93964844, -103.02626953,  -42.41601562,  286.19648438,
       -253.82636719,  -65.18671875])
23, array([ 303.16289062, -124.79238281,  -35.16064453,  287.08945312,
       -279.94570312,  -42.41601562])
24, array([ 306.95800781, -143.99121094,  -24.22177734,  295.12617188,
       -298.13994141,  -19.98017578])
25, array([ 316.66904297, -149.90712891,  -16.18505859,  306.39990234,
       -307.06962891,   -4.35322266])
26, array([ 313.09716797, -144.6609375 ,  -16.18505859,  302.04667969,
       -301.04208984,  -16.51992187])
27, array([ 307.85097656, -118.76484375,  -37.61630859,  301.60019531,
       -273.2484375 ,  -72.10722656])
28, array([ 307.62773437,  -97.89169922,  -42.75087891,  305.3953125 ,
       -240.20859375, -131.60126953])
29, array([ 304.94882812,  -76.01396484,  -50.56435547,  303.609375  ,
       -199.91337891, -165.53408203])
30, array([ 310.30664062,  -45.20654297,  -55.47568359,  305.95341797,
       -155.93466797, -178.25888672])
31, array([ 315.32958984,  -15.40371094,  -51.01083984,  310.41826172,
       -112.40244141, -187.07695312])
32, array([ 324.03603516,   13.28291016,  -42.30439453,  322.69658203,
        -67.30751953, -194.77880859])
33, array([ 323.81279297,   16.74316406,  -45.42978516,  318.90146484,
        -43.42060547, -204.48984375])
34, array([ 321.35712891,    5.91591797,  -47.99707031,  318.12011719,
        -43.19736328, -211.85683594])
35, array([ 316.22255859,    1.56269531,  -50.45273437,  314.21337891,
        -41.0765625 , -214.53574219])
36, array([ 310.753125  ,   -0.66972656,  -49.22490234,  306.39990234,
        -44.76005859, -215.76357422])
37, array([ 311.53447266,    4.91132812,  -50.67597656,  307.40449219,
        -40.74169922, -215.98681641])
38, array([ 314.10175781,    1.56269531,  -48.66679687,  311.98095703,
        -42.8625    , -216.76816406])
39, array([ 312.87392578,    2.79052734,  -49.67138672,  306.51152344,
        -41.96953125, -218.77734375])
40, array([ 312.09257812,    2.12080078,  -50.45273437,  307.85097656,
        -46.65761719, -218.33085937])
41, array([ 312.5390625 ,    0.78134766,  -51.01083984,  306.51152344,
        -45.42978516, -218.66572266])
42, array([ 311.42285156,    0.44648437,  -51.7921875 ,  307.85097656,
        -47.55058594, -217.77275391])
43, array([ 3.11534473e+02,  1.11621094e-01, -5.13457031e+01,  3.05395312e+02,
       -4.74389648e+01, -2.17995996e+02])
44, array([ 310.753125  ,    1.11621094,  -51.56894531,  304.39072266,
        -47.10410156, -218.21923828])
45, array([ 312.09257812,    2.45566406,  -49.55976562,  306.73476562,
        -45.76464844, -218.21923828])
46, array([ 313.09716797,    3.23701172,  -51.90380859,  307.40449219,
        -43.42060547, -218.55410156])
47, array([ 313.32041016,    1.45107422,  -51.45732422,  307.51611328,
        -44.09033203, -218.44248047])
48, array([ 313.54365234,    2.00917969,  -51.45732422,  307.18125   ,
        -43.97871094, -218.55410156])
49, array([ 313.09716797,    3.12539062,  -51.34570312,  307.51611328,
        -44.76005859, -218.33085937])
