0, array([ 313.09716797,    1.56269531,  -51.34570312,  306.62314453,
        -46.54599609, -218.21923828])
1, array([ 313.32041016,    0.55810547,  -50.34111328,  307.51611328,
        -46.88085938, -218.10761719])
2, array([ 312.31582031,    1.45107422,  -50.34111328,  305.61855469,
        -45.54140625, -218.33085937])
3, array([ 312.5390625 ,    1.7859375 ,  -50.67597656,  306.39990234,
        -45.65302734, -218.33085937])
4, array([ 312.98554687,    1.56269531,  -50.67597656,  306.28828125,
        -46.09951172, -218.33085937])
5, array([ 311.98095703,    2.34404297,  -51.23408203,  304.94882812,
        -49.78300781, -216.87978516])
6, array([ 305.50693359,    8.25996094,  -51.45732422,  296.57724609,
        -60.49863281, -204.15498047])
7, array([ 302.38154297,   24.77988281,  -43.64384766,  292.78212891,
        -47.43896484, -188.63964844])
8, array([ 301.48857422,   48.66679687,  -34.82578125,  298.36318359,
        -26.34257812, -177.36591797])
9, array([ 299.59101563,   78.13476562,  -19.98017578,  300.81884766,
          7.47861328, -163.85976562])
10, array([ 297.69345703,   93.53847656,  -10.38076172,  302.82802734,
         29.46796875, -155.48818359])
11, array([ 299.03291016,   93.98496094,  -10.82724609,  307.18125   ,
         18.97558594, -148.34443359])
12, array([ 302.60478516,   76.90693359,  -16.96640625,  313.09716797,
        -17.07802734, -144.21445313])
13, array([ 302.49316406,   56.14541016,  -28.90986328,  306.84638672,
        -46.65761719, -146.00039062])
14, array([ 301.71181641,   38.39765625,  -37.28144531,  301.8234375 ,
        -74.00478516, -146.89335937])
15, array([ 301.37695312,   20.31503906,  -42.19277344,  304.05585938,
       -103.36113281, -145.88876953])
16, array([ 303.609375  ,    2.34404297,  -45.42978516,  306.51152344,
       -124.45751953, -144.54931641])
17, array([ 309.19042969,  -15.96181641,  -48.33193359,  306.39990234,
       -150.57685547, -142.20527344])
18, array([ 308.63232422,  -46.99248047,  -51.23408203,  301.93505859,
       -192.09990234, -129.59208984])
19, array([ 303.83261719,  -76.7953125 ,  -47.21572266,  294.45644531,
       -232.171875  , -106.37490234])
20, array([ 299.47939453,  -97.89169922,  -41.18818359,  290.99619141,
       -260.52363281,  -77.68828125])
21, array([ 301.15371094, -125.57373047,  -30.69580078,  296.13076172,
       -289.43349609,  -47.55058594])
22, array([ 302.60478516, -141.31230469,  -21.54287109,  294.6796875 ,
       -307.73935547,  -30.47255859])
23, array([ 306.73476562, -160.62275391,   -8.9296875 ,  298.2515625 ,
       -326.04521484,   -4.46484375])
24, array([ 304.61396484, -173.79404297,   -1.56269531,  296.91210938,
       -336.42597656,   16.74316406])
25, array([ 306.84638672, -172.11972656,    1.33945312,  299.70263672,
       -335.30976562,   16.40830078])
26, array([ 307.85097656, -139.41474609,  -20.20341797,  315.88769531,
       -304.27910156,  -30.58417969])
27, array([ 307.62773437, -101.35195312,  -40.51845703,  324.14765625,
       -262.42119141,  -77.24179687])
28, array([ 304.72558594,  -69.53994141,  -52.01542969,  311.98095703,
       -216.32167969, -120.10429687])
29, array([ 304.39072266,  -35.16064453,  -52.46191406,  301.8234375 ,
       -170.33378906, -149.46064453])
30, array([ 299.70263672,    0.78134766,  -47.21572266,  292.00078125,
       -117.871875  , -166.65029297])
31, array([ 302.38154297,   21.76611328,  -44.98330078,  293.67509766,
        -78.69287109, -176.47294922])
32, array([ 308.07421875,   24.66826172,  -43.53222656,  296.01914062,
        -50.67597656, -190.53720703])
33, array([ 311.86933594,   21.98935547,  -44.6484375 ,  302.04667969,
        -20.98476562, -209.40117187])
34, array([ 315.10634766,    9.59941406,  -45.65302734,  312.31582031,
        -10.49238281, -221.00976562])
35, array([ 314.99472656,   -2.00917969,  -48.66679687,  316.33417969,
        -12.72480469, -228.6       ])
36, array([ 313.43203125,  -13.17128906,  -52.12705078,  313.09716797,
        -25.22636719, -230.60917969])
37, array([ 313.32041016,  -13.17128906,  -52.46191406,  314.99472656,
        -27.34716797, -228.82324219])
38, array([ 314.54824219,  -15.62695312,  -50.11787109,  313.99013672,
        -34.60253906, -228.82324219])
39, array([ 312.65068359,  -17.18964844,  -53.68974609,  309.97177734,
        -40.96494141, -229.26972656])
40, array([ 313.87851562,  -17.41289062,  -52.79677734,  311.53447266,
        -43.30898437, -229.26972656])
41, array([ 312.42744141,  -16.0734375 ,  -54.35947266,  308.07421875,
        -44.98330078, -230.3859375 ])
42, array([ 309.30205078,  -17.97099609,  -53.46650391,  305.17207031,
        -44.87167969, -231.05566406])
43, array([ 310.64150391,  -18.19423828,  -54.58271484,  306.84638672,
        -45.42978516, -230.83242187])
44, array([ 309.52529297,  -14.84560547,  -54.91757812,  303.94423828,
        -44.42519531, -231.50214844])
45, array([ 309.07880859,  -12.72480469,  -54.80595703,  303.27451172,
        -41.0765625 , -231.94863281])
46, array([ 305.50693359,  -14.2875    ,  -53.68974609,  296.91210938,
        -45.54140625, -229.71621094])
47, array([ 303.609375  ,  -17.859375  ,  -52.90839844,  293.89833984,
        -43.75546875, -230.60917969])
48, array([ 304.27910156,  -13.28291016,  -52.68515625,  295.23779297,
        -40.63007812, -229.71621094])
49, array([ 299.92587891,   -5.91591797,  -53.13164062,  290.10322266,
        -32.37011719, -230.3859375 ])
