0, array([ 301.93505859,   -0.78134766,  -55.58730469,  294.12158203,
        -33.82119141, -234.40429688])
1, array([ 301.93505859,   -1.45107422,  -55.69892578,  294.34482422,
        -35.16064453, -234.51591797])
2, array([ 302.04667969,   -2.34404297,  -54.91757812,  295.57265625,
        -35.60712891, -234.51591797])
3, array([ 301.04208984,   -2.45566406,  -57.48486328,  293.78671875,
        -35.60712891, -234.51591797])
4, array([ 301.60019531,   -2.79052734,  -55.81054688,  294.23320312,
        -35.49550781, -234.40429688])
5, array([ 300.93046875,   -1.67431641,  -55.02919922,  293.56347656,
        -35.71875   , -234.40429688])
6, array([ 295.68427734,    3.79511719,  -53.02001953,  288.65214844,
        -37.61630859, -226.59082031])
7, array([ 295.01455078,   18.30585938,  -52.12705078,  284.07568359,
        -25.11474609, -219.78193359])
8, array([ 298.58642578,   26.23095703,  -46.65761719,  286.19648438,
        -12.16669922, -213.30791016])
9, array([ 300.14912109,   51.23408203,  -38.50927734,  283.40595703,
         11.60859375, -200.13662109])
10, array([ 303.38613281,   66.97265625,  -33.03984375,  290.10322266,
         23.55205078, -186.07236328])
11, array([ 301.37695312,   72.10722656,  -30.02607422,  289.43349609,
         14.73398437, -176.24970703])
12, array([ 300.70722656,   71.99560547,  -28.24013672,  291.44267578,
          1.7859375 , -166.20380859])
13, array([ 301.37695312,   67.41914062,  -30.47255859,  294.56806641,
        -16.40830078, -160.28789062])
14, array([ 306.06503906,   41.85791016,  -38.50927734,  303.72099609,
        -62.06132812, -160.06464844])
15, array([ 305.61855469,   22.88232422,  -43.86708984,  303.16289062,
        -93.76171875, -149.90712891])
16, array([ 301.93505859,   10.60400391,  -50.67597656,  296.57724609,
       -117.09052734, -145.66552734])
17, array([ 306.62314453,   -6.69726562,  -53.02001953,  301.48857422,
       -141.20068359, -142.42851562])
18, array([ 310.52988281,  -20.53828125,  -51.56894531,  307.40449219,
       -157.38574219, -145.77714844])
19, array([ 310.41826172,  -33.37470703,  -54.69433594,  308.40908203,
       -169.77568359, -153.70224609])
20, array([ 311.53447266,  -41.0765625 ,  -54.91757812,  307.85097656,
       -180.82617188, -150.24199219])
21, array([ 311.98095703,  -55.02919922,  -53.80136719,  304.83720703,
       -202.36904297, -139.19150391])
22, array([ 306.95800781,  -73.89316406,  -53.91298828,  292.00078125,
       -224.13515625, -128.02939453])
23, array([ 306.73476562,  -87.06445312,  -52.57353516,  290.77294922,
       -242.44101562, -117.53701172])
24, array([ 305.3953125 ,  -98.2265625 ,  -48.2203125 ,  287.20107422,
       -256.72851562, -110.50488281])
25, array([ 304.72558594, -105.70517578,  -46.76923828,  288.98701172,
       -268.22548828, -105.25869141])
26, array([ 303.05126953, -117.98349609,  -41.63466797,  283.40595703,
       -277.49003906,  -94.6546875 ])
27, array([ 300.70722656, -126.8015625 ,  -39.290625  ,  269.6765625 ,
       -287.20107422,  -81.48339844])
28, array([ 302.04667969, -130.15019531,  -40.74169922,  275.034375  ,
       -293.11699219,  -74.67451172])
29, array([ 300.37236328, -137.18232422,  -36.27685547,  276.8203125 ,
       -298.47480469,  -68.87021484])
30, array([ 299.81425781, -116.64404297,  -42.30439453,  274.81113281,
       -276.37382812,  -91.75253906])
31, array([ 294.6796875 ,  -90.41308594,  -53.35488281,  269.11845703,
       -242.55263672, -116.0859375 ])
32, array([ 292.89375   ,  -72.44208984,  -54.58271484,  269.11845703,
       -223.13056641, -124.68076172])
33, array([ 299.14453125,  -45.87626953,  -56.14541016,  283.85244141,
       -185.84912109, -147.78632812])
34, array([ 297.24697266,  -17.30126953,  -56.36865234,  285.97324219,
       -146.22363281, -164.08300781])
35, array([ 297.58183594,   -1.45107422,  -54.35947266,  287.42431641,
       -110.28164062, -181.49589844])
36, array([ 298.02832031,    0.66972656,  -54.13623047,  290.32646484,
        -68.20048828, -214.98222656])
37, array([ 302.60478516,   -4.24160156,  -58.60107422,  298.13994141,
        -41.29980469, -231.50214844])
38, array([ 306.39990234,   -8.14833984,  -56.36865234,  301.26533203,
        -29.13310547, -237.30644531])
39, array([ 305.73017578,  -12.16669922,  -56.70351562,  299.92587891,
        -19.42207031, -242.21777344])
40, array([ 308.18583984,  -12.5015625 ,  -57.48486328,  302.71640625,
        -18.08261719, -242.99912109])
41, array([ 308.63232422,  -11.72021484,  -56.92675781,  303.94423828,
        -22.32421875, -242.21777344])
42, array([ 309.63691406,  -13.72939453,  -57.15      ,  305.06044922,
        -27.23554687, -241.32480469])
43, array([ 309.63691406,  -15.40371094,  -57.03837891,  305.3953125 ,
        -31.36552734, -241.1015625 ])
44, array([ 309.52529297,  -16.85478516,  -58.04296875,  305.61855469,
        -33.48632812, -240.76669922])
45, array([ 309.30205078,  -18.30585938,  -60.16376953,  306.28828125,
        -36.61171875, -240.43183594])
46, array([ 310.30664062,  -17.30126953,  -58.60107422,  305.73017578,
        -37.16982422, -240.43183594])
47, array([ 310.64150391,  -16.29667969,  -57.70810547,  305.28369141,
        -36.72333984, -240.43183594])
48, array([ 309.86015625,  -18.52910156,  -58.04296875,  305.95341797,
        -39.290625  , -240.54345703])
49, array([ 311.08798828,  -18.97558594,  -58.82431641,  306.06503906,
        -41.29980469, -240.54345703])
