0, array([ 259.29580078,   38.73251953,  -51.56894531,  238.64589844,
         31.14228516, -247.68720703])
1, array([ 259.18417969,   39.06738281,  -51.7921875 ,  238.53427734,
         30.80742187, -247.68720703])
2, array([ 259.74228516,   38.50927734,  -51.68056641,  238.31103516,
         30.02607422, -248.02207031])
3, array([ 259.29580078,   38.73251953,  -51.7921875 ,  238.19941406,
         30.24931641, -247.79882812])
4, array([ 259.07255859,   37.83955078,  -52.23867187,  238.64589844,
         28.79824219, -248.02207031])
5, array([ 256.39365234,   34.26767578,  -53.02001953,  234.29267578,
         24.66826172, -248.58017578])
6, array([ 253.26826172,   29.91445312,  -54.35947266,  228.6       ,
         15.18046875, -248.80341797])
7, array([ 252.93339844,   18.41748047,  -55.81054688,  228.71162109,
         -4.91132812, -248.91503906])
8, array([ 265.32333984,   26.00771484,  -54.58271484,  248.80341797,
         14.2875    , -249.58476562])
9, array([ 282.28974609,   45.98789062,  -48.33193359,  284.52216797,
         53.13164062, -245.56640625])
10, array([ 296.24238281,   67.30751953,  -38.84414062,  324.59414062,
        105.81679687, -230.72080078])
11, array([ 288.98701172,  100.12412109,  -26.45419922,  317.896875  ,
        184.06318359, -204.04335937])
12, array([ 260.746875  ,  111.73271484,  -20.53828125,  254.04960937,
        221.12138672, -191.54179687])
13, array([ 223.91191406,   98.89628906,  -28.79824219,  175.021875  ,
        196.11826172, -202.70390625])
14, array([ 210.62900391,   73.44667969,  -36.72333984,  155.71142578,
        136.17773438, -220.89814453])
15, array([ 214.20087891,   41.52304687,  -46.76923828,  170.78027344,
         66.0796875 , -242.44101562])
16, array([ 241.21318359,   10.04589844,  -55.47568359,  223.35380859,
         15.51533203, -251.8171875 ])
17, array([ 262.19794922,  -24.22177734,  -55.47568359,  265.76982422,
        -43.75546875, -248.91503906])
18, array([ 283.74082031,  -47.55058594,  -49.22490234,  312.20419922,
        -99.90087891, -232.28349609])
19, array([ 301.37695312,  -65.96806641,  -40.85332031,  344.12783203,
       -150.80009766, -205.94091797])
20, array([ 285.30351562,  -90.30146484,  -35.71875   ,  309.63691406,
       -201.69931641, -187.07695312])
21, array([ 249.80800781, -106.04003906,  -31.58876953,  235.29726562,
       -230.3859375 , -176.24970703])
22, array([ 225.69785156, -105.48193359,  -31.36552734,  182.27724609,
       -224.58164062, -175.24511719])
23, array([ 209.06630859,  -81.48339844,  -38.84414062,  147.22822266,
       -176.91943359, -195.44853516])
24, array([ 200.69472656,  -65.29833984,  -43.64384766,  129.92695312,
       -135.73125   , -210.40576172])
25, array([ 203.93173828,  -42.19277344,  -50.00625   ,  135.17314453,
        -89.96660156, -229.04648437])
26, array([ 216.65654297,  -20.53828125,  -55.69892578,  161.06923828,
        -58.04296875, -241.21318359])
27, array([ 236.85996094,   -6.25078125,  -57.59648437,  200.47148437,
        -38.28603516, -247.79882812])
28, array([ 251.8171875 ,    5.80429687,  -58.9359375 ,  227.93027344,
        -15.29208984, -251.48232422])
29, array([ 259.07255859,   13.84101562,  -57.03837891,  240.54345703,
          0.        , -253.04501953])
30, array([ 255.27744141,   13.72939453,  -57.15      ,  234.73916016,
          0.44648437, -253.26826172])
31, array([ 256.39365234,   15.18046875,  -56.70351562,  237.64130859,
          2.79052734, -252.93339844])
32, array([ 256.61689453,   20.20341797,  -56.25703125,  236.74833984,
         11.16210938, -253.15664062])
33, array([ 256.17041016,   21.43125   ,  -56.25703125,  235.85537109,
         12.72480469, -253.15664062])
34, array([ 255.50068359,   22.54746094,  -56.81513672,  235.29726562,
         13.28291016, -253.15664062])
35, array([ 254.71933594,   23.10556641,  -57.37324219,  233.62294922,
         14.39912109, -253.37988281])
36, array([ 254.71933594,   23.77529297,  -56.81513672,  233.73457031,
         15.18046875, -253.37988281])
37, array([ 254.60771484,   26.11933594,  -57.03837891,  233.51132812,
         18.75234375, -253.49150391])
38, array([ 255.3890625 ,   27.34716797,  -56.36865234,  232.95322266,
         20.20341797, -253.37988281])
39, array([ 251.92880859,   28.79824219,  -55.92216797,  226.92568359,
         23.99853516, -253.26826172])
40, array([ 252.15205078,   31.70039062,  -54.47109375,  226.70244141,
         28.575     , -252.93339844])
41, array([ 252.15205078,   33.48632812,  -55.02919922,  227.93027344,
         29.24472656, -252.82177734])
42, array([ 247.24072266,   34.26767578,  -55.47568359,  222.34921875,
         30.80742187, -252.15205078])
43, array([ 248.58017578,   34.49091797,  -54.69433594,  223.57705078,
         29.02148438, -251.8171875 ])
44, array([ 249.47314453,   32.25849609,  -54.91757812,  224.13515625,
         27.57041016, -252.59853516])
45, array([ 249.91962891,   33.03984375,  -55.69892578,  226.03271484,
         29.80283203, -253.37988281])
46, array([ 251.25908203,   38.06279297,  -53.46650391,  227.59541016,
         38.06279297, -252.48691406])
47, array([ 253.37988281,   37.72792969,  -54.47109375,  231.05566406,
         36.38847656, -252.48691406])
48, array([ 252.71015625,   37.72792969,  -55.69892578,  231.27890625,
         37.16982422, -253.04501953])
49, array([ 253.82636719,   37.5046875 ,  -55.3640625 ,  232.28349609,
         36.83496094, -253.49150391])
