0, array([ 248.91503906,    4.79970703,  -48.10869141,  232.95322266,
          5.3578125 , -243.44560547])
1, array([ 248.46855469,    4.35322266,  -48.2203125 ,  232.39511719,
          4.46484375, -243.78046875])
2, array([ 249.58476562,    4.24160156,  -47.43896484,  233.28808594,
          3.79511719, -243.89208984])
3, array([ 249.13828125,    4.01835938,  -47.99707031,  233.17646484,
          3.79511719, -243.89208984])
4, array([ 248.69179687,    4.01835938,  -48.55517578,  232.72998047,
          3.34863281, -243.89208984])
5, array([ 248.91503906,    0.66972656,  -49.22490234,  233.73457031,
         -2.67890625, -244.45019531])
6, array([ 251.48232422,   -1.11621094,  -47.77382812,  237.41806641,
         -5.80429687, -243.44560547])
7, array([ 260.30039062,    2.56728516,  -48.44355469,  251.03583984,
         -2.79052734, -243.78046875])
8, array([ 281.17353516,   16.0734375 ,  -44.42519531,  286.30810547,
         21.87773437, -242.32939453])
9, array([ 297.35859375,   43.97871094,  -41.29980469,  317.56201172,
         79.36259766, -232.84160156])
10, array([ 305.50693359,   63.95888672,  -31.70039062,  337.98867187,
        122.11347656, -217.99599609])
11, array([ 294.34482422,   81.14853516,  -26.45419922,  326.8265625 ,
        160.84599609, -204.93632812])
12, array([ 275.14599609,   86.28310547,  -28.35175781,  294.79130859,
        181.27265625, -197.90419922])
13, array([ 253.603125  ,   85.27851562,  -31.36552734,  245.67802734,
        190.42558594, -194.22070312])
14, array([ 233.9578125 ,   78.35800781,  -32.70498047,  196.11826172,
        180.82617188, -193.66259766])
15, array([ 217.32626953,   67.08427734,  -32.81660156,  161.40410156,
        161.29248047, -192.09990234])
16, array([ 204.71308594,   49.78300781,  -36.27685547,  135.95449219,
        110.95136719, -203.26201172])
17, array([ 203.03876953,   27.34716797,  -39.84873047,  146.78173828,
         47.32734375, -220.22841797])
18, array([ 215.76357422,    2.00917969,  -44.6484375 ,  172.56621094,
         12.27832031, -234.29267578])
19, array([ 239.53886719,  -20.87314453,  -46.65761719,  216.21005859,
        -17.74775391, -238.75751953])
20, array([ 259.07255859,  -44.31357422,  -43.64384766,  252.26367188,
        -61.72646484, -235.74375   ])
21, array([ 274.14140625,  -64.07050781,  -39.290625  ,  282.40136719,
       -103.36113281, -226.25595703])
22, array([ 283.85244141,  -69.6515625 ,  -36.27685547,  308.40908203,
       -144.10283203, -209.28955078])
23, array([ 282.28974609,  -81.26015625,  -31.81201172,  307.51611328,
       -187.5234375 , -185.7375    ])
24, array([ 260.41201172,  -95.88251953,  -27.57041016,  262.42119141,
       -221.45625   , -168.54785156])
25, array([ 233.73457031,  -99.90087891,  -26.11933594,  197.68095703,
       -222.90732422, -167.09677734])
26, array([ 217.54951172,  -88.06904297,  -30.47255859,  151.13496094,
       -185.29101562, -181.94238281])
27, array([ 215.20546875,  -69.42832031,  -37.28144531,  148.79091797,
       -143.43310547, -202.14580078])
28, array([ 221.34462891,  -48.55517578,  -44.42519531,  168.99433594,
       -101.12871094, -223.01894531])
29, array([ 233.17646484,  -29.69121094,  -49.67138672,  196.11826172,
        -66.41455078, -235.07402344])
30, array([ 246.01289062,  -16.63154297,  -50.67597656,  215.31708984,
        -40.63007812, -241.1015625 ])
31, array([ 253.37988281,   -6.47402344,  -50.78759766,  229.71621094,
        -19.19882812, -244.33857422])
32, array([ 252.71015625,   -5.13457031,  -51.90380859,  228.82324219,
        -18.30585938, -244.56181641])
33, array([ 250.70097656,   -3.01376953,  -52.35029297,  225.69785156,
        -15.73857422, -244.78505859])
34, array([ 250.14287109,   -1.56269531,  -53.578125  ,  226.59082031,
        -12.38994141, -245.23154297])
35, array([ 248.91503906,    3.571875  ,  -52.68515625,  225.25136719,
         -8.03671875, -245.67802734])
36, array([ 248.58017578,    5.02294922,  -52.57353516,  224.80488281,
         -5.46943359, -245.11992187])
37, array([ 248.69179687,    5.3578125 ,  -52.46191406,  224.80488281,
         -3.90673828, -245.11992187])
38, array([ 248.80341797,    6.92050781,  -52.46191406,  224.58164062,
         -2.79052734, -245.11992187])
39, array([ 248.91503906,    7.25537109,  -52.12705078,  225.13974609,
         -3.46025391, -245.00830078])
40, array([ 248.46855469,    7.25537109,  -51.56894531,  223.91191406,
         -2.34404297, -244.89667969])
41, array([ 248.2453125 ,    8.14833984,  -51.56894531,  223.13056641,
         -1.67431641, -244.78505859])
42, array([ 2.47240723e+02,  8.81806641e+00, -5.12340820e+01,  2.21791113e+02,
       -1.11621094e-01, -2.44673437e+02])
43, array([ 246.90585937,   10.60400391,  -51.68056641,  221.67949219,
          1.22783203, -244.56181641])
44, array([ 247.91044922,   10.60400391,  -51.01083984,  222.79570312,
          1.89755859, -244.22695312])
45, array([ 246.90585937,   10.715625  ,  -51.56894531,  221.79111328,
          2.34404297, -244.11533203])
46, array([ 246.90585937,   10.82724609,  -51.34570312,  221.45625   ,
          2.34404297, -244.11533203])
47, array([ 246.68261719,   10.26914062,  -51.45732422,  221.23300781,
          1.7859375 , -244.22695312])
48, array([ 246.68261719,   10.715625  ,  -51.34570312,  221.23300781,
          1.56269531, -244.22695312])
49, array([ 246.68261719,    9.48779297,  -51.23408203,  220.67490234,
          0.89296875, -244.33857422])
