0, array([ 247.01748047,    8.25996094,  -51.34570312,  221.23300781,
         -1.89755859, -244.00371094])
1, array([ 246.79423828,    9.04130859,  -51.23408203,  220.22841797,
         -0.78134766, -244.00371094])
2, array([ 246.459375  ,    9.37617187,  -51.23408203,  219.89355469,
         -0.78134766, -244.00371094])
3, array([ 245.67802734,   10.60400391,  -51.90380859,  219.33544922,
         -0.66972656, -244.00371094])
4, array([ 245.45478516,    9.15292969,  -51.7921875 ,  219.33544922,
         -0.89296875, -244.00371094])
5, array([ 247.12910156,    6.36240234,  -51.90380859,  223.2421875 ,
         -4.57646484, -244.45019531])
6, array([ 2.45119922e+02, -1.11621094e-01, -5.21270508e+01,  2.19670312e+02,
       -1.68547852e+01, -2.44226953e+02])
7, array([ 254.60771484,    3.34863281,  -52.12705078,  234.96240234,
        -10.715625  , -244.78505859])
8, array([ 271.4625    ,   19.42207031,  -49.33652344,  263.64902344,
         20.76152344, -245.11992187])
9, array([ 289.21025391,   42.08115234,  -43.75546875,  295.34941406,
         62.73105469, -239.315625  ])
10, array([ 302.26992187,   61.83808594,  -36.94658203,  323.14306641,
         99.56601562, -227.70703125])
11, array([ 303.72099609,   79.36259766,  -28.24013672,  329.05898437,
        154.59521484, -210.07089844])
12, array([ 281.62001953,   99.23115234,  -22.32421875,  286.08486328,
        203.82011719, -193.21611328])
13, array([ 251.03583984,  101.01708984,  -23.55205078,  226.25595703,
        210.07089844, -190.64882812])
14, array([ 226.03271484,   94.20820312,  -25.67285156,  173.57080078,
        192.65800781, -192.09990234])
15, array([ 209.95927734,   73.44667969,  -30.91904297,  146.67011719,
        146.22363281, -202.03417969])
16, array([ 202.59228516,   50.78759766,  -37.16982422,  136.06611328,
         82.37636719, -220.56328125])
17, array([ 211.85683594,   24.55664062,  -43.97871094,  165.42246094,
         37.95117188, -234.62753906])
18, array([ 2.31390527e+02, -8.92968750e-01, -4.92249023e+01,  1.97680957e+02,
        2.23242187e-01, -2.42552637e+02])
19, array([ 258.06796875,  -23.44042969,  -48.33193359,  246.57099609,
        -39.06738281, -242.21777344])
20, array([ 278.60625   ,  -46.88085938,  -43.86708984,  284.96865234,
        -82.26474609, -233.51132812])
21, array([ 292.33564453,  -63.28916016,  -36.83496094,  321.46875   ,
       -130.48505859, -213.86601562])
22, array([ 294.45644531,  -72.55371094,  -34.15605469,  335.42138672,
       -161.96220703, -195.78339844])
23, array([ 275.70410156,  -92.75712891,  -28.46337891,  301.26533203,
       -200.24824219, -182.72373047])
24, array([ 241.21318359, -102.13330078,  -28.35175781,  230.49755859,
       -220.89814453, -176.36132812])
25, array([ 214.87060547,  -93.76171875,  -30.13769531,  174.46376953,
       -204.26660156, -181.27265625])
26, array([ 203.82011719,  -68.75859375,  -38.73251953,  144.88417969,
       -148.56767578, -204.15498047])
27, array([ 208.73144531,  -45.76464844,  -45.54140625,  152.25117187,
       -101.24033203, -223.57705078])
28, array([ 222.23759766,  -20.98476562,  -51.34570312,  179.37509766,
        -57.70810547, -238.64589844])
29, array([ 236.74833984,   -5.3578125 ,  -53.13164062,  209.73603516,
        -31.25390625, -244.6734375 ])
30, array([ 247.46396484,    9.04130859,  -53.46650391,  230.83242187,
         -4.01835938, -248.02207031])
31, array([ 253.603125  ,   12.94804687,  -52.46191406,  240.20859375,
          5.02294922, -247.68720703])
32, array([ 250.58935547,   12.27832031,  -54.24785156,  235.40888672,
          3.571875  , -248.13369141])
33, array([ 250.14287109,   11.49697266,  -52.12705078,  234.18105469,
         -1.67431641, -248.02207031])
34, array([ 249.24990234,   15.96181641,  -53.24326172,  233.39970703,
          6.13916016, -247.91044922])
35, array([ 248.69179687,   17.07802734,  -52.57353516,  232.72998047,
          8.48320312, -247.24072266])
36, array([ 247.57558594,   18.97558594,  -52.57353516,  230.83242187,
         11.38535156, -247.24072266])
37, array([ 247.46396484,   19.31044922,  -52.46191406,  230.72080078,
         12.61318359, -247.12910156])
38, array([ 246.68261719,   21.43125   ,  -51.90380859,  228.82324219,
         14.95722656, -247.12910156])
39, array([ 246.90585937,   20.87314453,  -52.01542969,  229.15810547,
         14.73398437, -247.01748047])
40, array([ 246.68261719,   20.53828125,  -51.90380859,  227.81865234,
         15.06884766, -247.12910156])
41, array([ 245.67802734,   21.76611328,  -51.56894531,  227.26054687,
         15.96181641, -247.12910156])
42, array([ 244.89667969,   23.66367187,  -52.23867187,  226.36757812,
         17.41289062, -247.24072266])
43, array([ 245.11992187,   24.33339844,  -51.68056641,  225.92109375,
         20.53828125, -247.46396484])
44, array([ 244.89667969,   24.55664062,  -51.7921875 ,  225.80947266,
         20.64990234, -247.57558594])
45, array([ 244.11533203,   25.67285156,  -50.89921875,  223.91191406,
         22.99394531, -247.57558594])
46, array([ 244.6734375 ,   26.34257812,  -51.7921875 ,  224.69326172,
         22.54746094, -247.46396484])
47, array([ 244.11533203,   26.34257812,  -51.7921875 ,  224.35839844,
         22.88232422, -247.57558594])
48, array([ 244.11533203,   26.11933594,  -51.90380859,  224.35839844,
         22.77070312, -247.68720703])
49, array([ 244.00371094,   26.34257812,  -51.34570312,  223.80029297,
         22.43583984, -247.79882812])
