0, array([   3.39285862,    4.30833781, -174.19814677,   -1.5011859 ,
        -19.5262076 , -351.16769208]), array([ 1.31712902e+00,  2.58960515e-01, -1.74535202e+02, -8.61714840e+00,
       -1.44750242e+01, -3.52794098e+02])
1, array([   4.6600037 ,    3.07336939, -174.20511394,    2.31247697,
        -23.06818277, -350.5770794 ]), array([   2.7702127 ,   -1.08350737, -173.86346882,   -4.02410339,
        -18.83829548, -352.56932401])
2, array([   6.56420445,    2.5681472 , -174.23345888,    7.73732286,
        -25.34942405, -349.6565604 ]), array([   3.21435264,   -1.74971621, -173.41932604,   -0.35995082,
        -21.05899421, -352.23621313])
3, array([   9.78196556,    3.44660638, -172.51263311,   17.11722838,
        -24.80513447, -347.4266697 ]), array([   6.45756083,    0.70460804, -171.74385254,    7.71595753,
        -18.70741417, -351.33757467])
4, array([  13.47555997,    5.0027454 , -170.07236663,   27.72967807,
        -21.69435657, -344.72777753]), array([   8.01205013,    0.48253789, -171.52177356,   17.37599568,
        -16.26464595, -349.89411442])
5, array([  17.98099496,    7.54211562, -166.64833359,   40.3370977 ,
        -14.33121309, -341.40053111]), array([  11.15217785,    3.73328269, -169.61449231,   24.90736273,
         -8.63321271, -347.64812722])
6, array([  22.17895032,   10.86097511, -163.30666245,   51.9682641 ,
         -3.67978477, -338.32275954]), array([  15.26047012,    8.39675012, -166.50550802,   37.56534473,
          3.80270027, -343.87295152])
7, array([  26.11532775,   14.14127692, -160.39738226,   62.78545702,
          7.37534263, -335.68468114]), array([  20.74849347,   10.98061458, -162.25011427,   53.01854637,
         12.55185123, -338.27355854])
8, array([  29.04022276,   17.31843308, -158.20458087,   70.59651727,
         18.70874223, -333.83039211]), array([  24.85678764,   13.64545324, -159.25216188,   62.23444458,
         18.99187793, -333.94320816])
9, array([  30.64375497,   19.98103904, -156.79369585,   74.66497208,
         28.76730811, -332.69867376]), array([  28.2221678 ,   13.99170415, -157.00717947,   75.8924208 ,
         26.6117555 , -327.89622389])
10, array([  31.34270687,   22.65298364, -155.61312604,   76.11495852,
         39.16920048, -331.83293744]), array([  31.10907501,   16.21240383, -154.67544884,   84.10900155,
         33.38488738, -323.67689023])
11, array([  29.71224165,   26.90175902, -153.93486874,   70.43943599,
         55.46889546, -330.88771708]), array([  30.56160411,   20.57567414, -152.43490451,   79.11803975,
         48.48514014, -322.09704107])
12, array([  26.50983464,   32.01400956, -152.32537784,   60.20010008,
         74.87992915, -329.99232018]), array([  30.22850082,   22.79637287, -153.32317489,   80.45046051,
         56.25758569, -320.43151702])
13, array([  21.76309421,   37.46302499, -151.27502023,   45.44966441,
         96.03166023, -329.38416141]), array([  27.99456978,   25.93181229, -153.5504303 ,   67.06195068,
         67.78972626, -323.66098022])
14, array([  15.0840949 ,   40.78662987, -152.44430449,   25.540723  ,
        109.33958304, -330.24893881]), array([  17.35589886,   32.75778206, -156.91415098,   31.56753184,
         96.5245736 , -322.3139969 ])
15, array([   8.28429313,   41.71801665, -154.93449449,    5.49583205,
        114.00645909, -331.96924651]), array([   9.694489  ,   36.53296914, -160.24519908,    7.13984771,
        107.18392447, -320.64847285])
16, array([   1.16460921,   39.91007263, -158.62387752,  -15.19486222,
        108.24111321, -334.54469276]), array([   0.94249069,   37.43046196, -161.69877625,  -18.33128353,
        104.0816467 , -321.84446669])
17, array([  -5.21890719,   35.5855134 , -161.68371331,  -34.11281197,
         92.81494185, -336.71826124]), array([  -9.60582845,   37.87460095, -161.69877625,  -48.75485536,
        108.07890138, -313.73894062])
18, array([ -11.01737669,   30.18186867, -164.23382302,  -51.54980794,
         73.85605445, -338.31703103]), array([ -15.88491349,   35.17861316, -163.3781169 ,  -65.23081697,
        102.42482827, -309.84208335])
19, array([ -15.97939314,   23.88299692, -166.16361786,  -66.97509623,
         52.47110789, -339.02851592]), array([ -19.99320576,   29.29375925, -165.04365613,  -72.44808784,
         76.22059389, -317.1704013 ])
20, array([ -19.61499706,   17.66025395, -167.4085864 ,  -78.69788207,
         31.35751567, -338.59356224]), array([ -23.46677456,   22.23475046, -166.50073505,  -82.08040739,
         56.35438232, -319.98805936])
21, array([ -22.4581591 ,   12.1663333 , -168.06760983,  -88.05314676,
         12.59545929, -337.56393252]), array([ -25.24333241,   16.23886465, -167.5000677 ,  -89.40871016,
         34.25842693, -324.65152062])
22, array([ -23.4139932 ,    7.39421185, -168.31464868,  -91.13186272,
         -4.05847633, -335.50024842]), array([ -25.47226831,    6.94567599, -168.39704673,  -96.47064782,
          0.89753714, -330.91769112])
23, array([ -22.97271731,    2.66842393, -168.71784141,  -88.77566483,
        -21.04590917, -332.61110861]), array([-2.56943378e+01, -4.95253829e-02, -1.69063268e+02, -1.01578259e+02,
       -1.97549610e+01, -3.31805977e+02])
24, array([ -21.49943406,   -2.93801551, -169.23466387,  -82.3897324 ,
        -42.16944167, -328.35410739]), array([ -21.33826886,   -3.6497035 , -168.95474875,  -88.74744405,
        -37.59541451, -338.28536539])
25, array([ -17.84528882,   -8.84785107, -169.56137013,  -67.54536777,
        -65.70229585, -321.97837936]), array([ -16.45273242,   -6.20350647, -169.73198723,  -70.64875092,
        -57.24859599, -340.95019172])
26, array([ -13.71786699,  -14.07289996, -169.57556631,  -50.61124736,
        -86.18001809, -315.73806383]), array([ -13.64009762,  -12.91232967, -168.28442383,  -61.97203064,
        -82.67552185, -337.39038086])
27, array([  -8.94744406,  -18.12378917, -169.31465918,  -30.87868828,
       -101.0281291 , -310.32676222]), array([ -11.39712586,  -19.85092329, -168.62582464,  -50.05227036,
       -112.19774743, -329.22394786])
28, array([  -3.96141444,  -19.23665168, -169.2658844 ,  -10.63303082,
       -104.04448319, -309.54516406]), array([  -9.06539144,  -23.84818177, -170.06926971,  -30.62115837,
       -124.18951905, -325.22670836])
29, array([   0.51091549,  -18.52350278, -169.25349677,    7.44273169,
        -99.18706815, -311.60263968]), array([  -3.35295373,  -20.83365708, -169.50387913,   -1.72494368,
       -116.12081134, -328.02172712])
30, array([   4.22544042,  -15.74384394, -169.46057709,   22.34363317,
        -86.25718227, -316.94280329]), array([   1.42154868,  -19.83434341, -167.2831804 ,   20.3710078 ,
       -105.23938909, -330.0203924 ])
31, array([   6.30829897,  -11.64446505, -170.10231745,   30.4662635 ,
        -69.49551513, -324.04217648]), array([   3.55156069,  -15.01403866, -168.50899976,   32.0249861 ,
        -84.5979487 , -335.51459993])
32, array([   7.51844914,   -7.3148389 , -170.91328455,   34.96046051,
        -52.83957244, -331.32485636]), array([   4.21777012,   -8.68504481, -168.95315772,   36.02224458,
        -55.83988953, -342.7318708 ])
33, array([   7.30914708,   -2.91228128, -171.99497524,   33.51473235,
        -36.59810602, -339.15571676]), array([   9.02777715,   -2.85663237, -169.06954876,   43.18709547,
        -35.19710936, -346.214997  ])
34, array([   6.13585257,    0.49049572, -173.2362554 ,   28.04116324,
        -23.27024633, -346.33382416]), array([  12.91399993,    1.47373035, -170.73505763,   48.51677091,
        -17.76462282, -349.10188714])
35, array([   4.40572278,    3.34456199, -174.48759863,   20.28543428,
        -11.10638582, -353.22344655]), array([  12.58516531,    5.39319637, -169.18056545,   40.58380504,
         -2.19620078, -352.46442021])
36, array([   2.10083979,    4.83751164, -175.12263392,   10.55481327,
         -4.04664231, -357.58929539]), array([   8.80997728,    5.17112593, -171.29024745,   24.70580685,
         -1.86309594, -355.90651539])
37, array([-1.78141342e-02,  5.66107986e+00, -1.75485387e+02,  2.07090963e+00,
        3.43090200e-02, -3.60053246e+02]), array([   3.43391027,    7.96115133, -172.97310507,    8.56119672,
          7.40631207, -357.70591623])
38, array([  -2.04746811,    5.98086326, -175.63831357,   -5.66297324,
          1.71256913, -361.02100292]), array([  -1.89576659,    8.40529127, -173.75034356,   -6.42852065,
         12.18081425, -358.37210763])
39, array([  -2.04746811,    5.98086326, -175.63831357,   -5.66297324,
          1.71256913, -361.02100292]), array([  -4.82203102,    8.74216461, -174.2003479 ,  -12.97037125,
         10.97458553, -358.93325806])
