0, array([   0.50350698,   19.57352191, -173.81702037,  -14.20972331,
         24.02648102, -360.63158297]), array([  -0.35718748,   17.44861031, -177.43734741,  -15.20279312,
         32.85232162, -352.01275635])
1, array([   0.48215516,   18.81908549, -174.6192363 ,  -15.5320745 ,
         22.43281932, -360.81620791]), array([  -0.91328324,   16.4410048 , -176.09940768,  -18.20852545,
         30.94571793, -352.12687123])
2, array([   2.73048529,   16.74714661, -175.5389183 ,  -12.25323634,
         16.38836343, -360.99847853]), array([  -0.46914357,   15.77479537, -176.43251856,  -16.4319657 ,
         28.9470887 , -352.68204592])
3, array([   6.6668886 ,   14.47383288, -175.8051271 ,   -4.57841563,
          9.35615759, -360.86600834]), array([   1.45345238,   13.6526546 , -176.54020098,  -13.35865782,
         25.1353924 , -353.57878895])
4, array([  13.84573571,   12.62067402, -174.2736824 ,   11.96490109,
          3.49257424, -359.69412724]), array([   8.00451382,   13.43058416, -175.42985161,    2.07519783,
         21.13813583, -354.46707451])
5, array([  19.53490693,   13.03361337, -172.06121604,   27.19980879,
          4.76536908, -357.49809473]), array([  13.60717259,   11.87358371, -175.30885504,   18.7598289 ,
         17.46334797, -354.01557809])
6, array([  24.56202132,   14.68655892, -169.21730998,   42.20435511,
         10.46866757, -354.31193256]), array([  17.49339537,   13.87221295, -172.75504543,   28.64193939,
         22.34888442, -351.90589608])
7, array([  28.95445514,   16.83501135, -166.04206509,   56.4775591 ,
         18.94279264, -350.32580097]), array([  21.74730471,   12.98803618, -170.29360962,   38.28657016,
         24.49179284, -349.4369239 ])
8, array([  31.34270687,   19.3843634 , -163.22891412,   65.64786669,
         29.64577857, -346.6069222 ]), array([  23.30179496,   14.87563067, -170.29360962,   48.39075014,
         29.37732929, -345.66171784])
9, array([  30.30575835,   23.75731585, -160.900664  ,   65.95644916,
         44.50167173, -343.789688  ]), array([  26.76589962,   18.90906151, -164.93260901,   56.9037605 ,
         43.70351414, -339.61426161])
10, array([  26.99875253,   29.71525668, -158.38650872,   59.57785185,
         63.60081969, -341.44940218]), array([  26.21072493,   25.12701682, -162.82294219,   56.45962151,
         59.58151234, -333.95149807])
11, array([  21.81715942,   36.0777654 , -155.96339829,   46.62113298,
         86.37649827, -339.06026504]), array([  22.74402444,   31.18060106, -161.47505299,   43.83354017,
         79.74097233, -328.45910235])
12, array([  15.42273408,   40.67781047, -154.62889776,   27.71480973,
        107.18310277, -336.78834266]), array([  16.97020813,   34.62268485, -160.80883123,   28.95486134,
         90.06721991, -326.34942034])
13, array([   7.80979292,   41.46955367, -154.64653639,    5.20995452,
        114.14427642, -336.12143931]), array([  12.47923756,   34.08015442, -162.36851501,   16.49759674,
         89.44421387, -328.12585449])
14, array([ 8.29427095e-02,  3.92476972e+01, -1.54889142e+02, -1.69706666e+01,
        1.08676747e+02, -3.37392420e+02]), array([   3.05081471,   32.86036036, -163.59885603,   -9.4315719 ,
         95.94586891, -325.52188651])
15, array([  -7.04596458,   34.52337683, -155.74613273,  -37.85765489,
         93.90856188, -340.09522534]), array([  -8.49681887,   34.6369201 , -164.15401553,  -41.40963778,
        102.05279041, -317.41633007])
16, array([ -13.31449039,   28.18368303, -157.31370577,  -57.33039331,
         73.30508397, -343.33904703]), array([ -17.56986256,   32.49400976, -163.81959534,  -63.03356072,
         95.1857097 , -311.93493426])
17, array([ -18.01995196,   21.83276245, -158.81801826,  -71.99091279,
         51.49656419, -345.68754005]), array([ -23.67678596,   26.27605256, -163.81959534,  -78.13431284,
         78.53046923, -310.38042693])
18, array([ -20.94004861,   16.66910701, -159.73715864,  -81.360998  ,
         32.22954128, -346.85081509]), array([ -30.27431845,   22.34386021, -162.48247767,  -98.27132754,
         56.44063194, -306.37377854])
19, array([ -22.67386372,   12.41697906, -159.98693503,  -87.47023372,
         16.18577416, -346.79290644]), array([ -31.16260022,   17.01418288, -163.25971615, -105.71066221,
         31.45776934, -311.03727016])
20, array([ -23.4139932 ,    8.4727443 , -159.54591691,  -91.00091177,
          2.34181665, -345.70767403]), array([ -25.5732556 ,   14.31065879, -164.93754947,  -96.55170196,
         17.29779965, -322.45276085])
21, array([ -22.90131298,    4.01011851, -158.14311179,  -91.13186272,
        -10.73106626, -343.59394205]), array([-2.10208243e+01,  8.75891196e+00, -1.65714788e+02, -8.64475334e+01,
       -2.36508378e-02, -3.31113462e+02])
22, array([ -21.44535984,   -1.15051289, -156.06925659,  -87.08867676,
        -25.59340137, -340.04293865]), array([ -17.7622074 ,    1.92423332, -166.38519658,  -78.69073595,
        -19.52309352, -335.72125615])
23, array([ -18.74686682,   -6.96199429, -153.74435377,  -78.91383978,
        -43.72414645, -334.87771006]), array([ -12.54356482,   -4.07165367, -165.27483204,  -62.47964206,
        -36.17833589, -339.16335132])
24, array([ -14.84991449,  -12.90714042, -151.56239221,  -65.86177537,
        -65.2939322 , -327.75309691]), array([  -5.03966294,  -10.46135239, -165.60266747,  -39.74310508,
        -52.54928703, -339.73225887])
25, array([ -10.11498854,  -17.66295534, -150.1894849 ,  -47.78867427,
        -87.36911044, -319.63130875]), array([   2.39967766,  -16.67931149, -161.8274766 ,  -18.09129247,
        -67.76107105, -336.84533838])
26, array([  -4.23488033,  -19.31823343, -150.41058925,  -25.21123482,
       -101.22214682, -313.68231163]), array([   7.45628834,  -19.72121429, -160.91743469,   -6.60796833,
        -75.9782486 , -334.04174805])
27, array([   2.26394505,  -18.11322748, -152.49757885,   -1.56268342,
       -103.91609785, -310.33243953]), array([   8.55893392,  -19.26568712, -159.91585631,  -11.0597501 ,
        -81.01978738, -332.81390381])
28, array([   8.94581842,  -14.06345993, -155.7468235 ,   21.67784426,
        -94.8672443 , -310.557612  ]), array([   5.56099149,  -17.26705978, -160.58206289,   -8.17284099,
        -85.12808155, -332.81390381])
29, array([  15.67836182,   -7.59526202, -159.43493678,   44.00292253,
        -75.64384191, -314.43629124]), array([  10.27947396,  -12.65433426, -161.68872782,   20.97139957,
        -74.89243105, -333.93014526])
30, array([ 2.16285298e+01,  2.27317061e-01, -1.63020924e+02,  6.15110638e+01,
       -5.20209441e+01, -3.20928637e+02]), array([  18.94019749,   -3.43843557, -159.02388631,   52.94946355,
        -53.35165414, -333.93014526])
31, array([  26.22391972,    6.76117982, -165.11026897,   72.17969555,
        -32.35035935, -327.23206847]), array([  24.54838478,   -1.72844707, -161.81943788,   63.83833762,
        -47.01847516, -334.94979552])
32, array([  29.26038782,   11.24089433, -165.99610942,   76.11495852,
        -19.18853762, -332.26254243]), array([  29.21184984,    5.48882403, -164.81739028,   68.27973887,
        -30.47427038, -339.94636766])
33, array([  30.64851573,   14.20450596, -166.3086526 ,   73.6689    ,
        -10.37173665, -336.95729103]), array([  29.326235  ,   15.11361109, -165.16155446,   62.34648512,
         -1.95637873, -345.32378061])
34, array([  29.96035873,   16.50818383, -166.74803458,   65.2622235 ,
         -3.37177129, -342.12189992]), array([  25.88415121,   19.11086672, -166.27190383,   50.2436778 ,
          5.59399673, -348.98790922])
35, array([  28.61513198,   18.38028086, -167.25756521,   55.24369526,
          3.46706981, -347.19661951]), array([  23.75095815,   16.66575386, -168.8425293 ,   41.71006439,
         -3.30454046, -351.90631474])
36, array([  26.82540169,   19.99789555, -168.05606411,   44.94396064,
          9.73858675, -351.78113389]), array([  22.41853929,   15.66644114, -168.8425293 ,   32.49416238,
          2.24720637, -355.34840992])
37, array([  24.7674324 ,   21.26914249, -169.02312233,   34.87302503,
         14.82513093, -355.55431227]), array([  17.72417348,   18.56373076, -172.86081713,   13.81257847,
         10.19390815, -357.70574878])
38, array([  22.7677831 ,   22.01249355, -169.85764027,   26.1023049 ,
         18.04196456, -358.12663386]), array([  16.05864944,   17.1202781 , -172.74977005,    5.70702868,
         11.08218802, -358.14990674])
39, array([  22.7677831 ,   22.01249355, -169.85764027,   26.1023049 ,
         18.04196456, -358.12663386]), array([  19.28812408,   17.11374664, -172.52603149,   13.37220669,
         11.08620739, -357.9286499 ])
