0, array([   0.5233479 ,   12.64830113, -173.63947331,   -6.3470986 ,
         21.13163174, -358.35892454]), array([  -1.58501935,   12.64890289, -175.65142822,  -16.98872948,
         35.86608887, -351.34301758])
1, array([   1.87467958,   12.01852762, -173.62804721,   -3.21855816,
         18.55810062, -358.20829637]), array([   0.87767846,   12.63634238, -175.53929252,  -10.60422196,
         35.13607109, -351.57429245])
2, array([   4.9000871 ,    8.59582663, -174.85886674,    1.4511951 ,
          7.82508213, -359.04539279]), array([   2.43216752,    9.86046802, -175.42826061,   -5.71868457,
         21.81188061, -353.35086357])
3, array([   8.69263495,    8.89036034, -173.59318878,   11.58210841,
          4.96484449, -357.16469539]), array([   7.24225758,    8.85629762, -173.97416574,    5.81504843,
         17.4460982 , -352.90025789])
4, array([  12.9672854 ,   10.12990296, -171.38249808,   23.7024762 ,
          4.89169466, -354.12757857]), array([   9.68502675,    9.52250705, -173.19691207,   14.58680907,
         16.77988782, -351.456828  ])
5, array([  18.25026836,   12.23213825, -167.97946504,   39.06860622,
          8.13603585, -349.49943979]), array([  14.05533189,    9.98205454, -171.84222497,   26.69162626,
         15.57952069, -348.65103012])
6, array([  23.17393752,   15.49787893, -163.77817153,   53.23802825,
         15.55913244, -344.2745007 ]), array([  18.4967284 ,   13.97931112, -167.17876371,   38.79443357,
         25.01749219, -344.32067974])
7, array([  27.67535766,   18.5158893 , -160.10507322,   66.11735894,
         23.23816755, -339.36650867]), array([  21.53109869,   17.45036878, -165.03411016,   51.79749244,
         36.09511041, -338.38267967])
8, array([  30.51818552,   21.3693282 , -157.66021987,   74.12751223,
         32.01015373, -335.40719343]), array([  26.19456375,   18.22761295, -159.14925245,   64.01133545,
         38.64891243, -332.94194957])
9, array([  31.34270687,   24.15374189, -156.02577207,   76.11495852,
         42.14775253, -332.43152153]), array([  29.11480008,   17.23457764, -156.66963052,   70.42382153,
         43.36044619, -328.00430976])
10, array([  30.73856232,   27.85889901, -154.32812605,   73.87758725,
         55.99152614, -329.47386498]), array([  31.7796397 ,   23.34149914, -152.56134394,   79.19557695,
         53.79773325, -321.45326065])
11, array([  26.47694208,   33.7449574 , -152.31409537,   61.30566773,
         77.52121276, -326.90107389]), array([  33.01509254,   22.91904798, -152.32410858,   82.34400127,
         55.07061643, -320.09137222])
12, array([  20.87106464,   38.38566697, -151.28462003,   44.45617711,
         96.69595985, -325.64287794]), array([  29.79507824,   24.25146684, -154.32274351,   69.0198013 ,
         62.62099059, -323.08930943])
13, array([  13.86099297,   40.81189454, -151.67689212,   23.16720679,
        110.13559777, -326.36592657]), array([  20.29271507,   29.95017052, -157.3455658 ,   40.71937561,
         83.19343567, -324.55395508])
14, array([   5.48652262,   39.0808867 , -153.8705188 ,   -2.82772174,
        109.41392827, -330.24482034]), array([  10.08897209,   32.18812093, -158.81019619,   11.68039006,
         95.71358923, -323.76608203])
15, array([  -2.61779292,   34.68866275, -156.73680408,  -27.96903718,
         97.60444125, -334.50039072]), array([-1.26241520e-01,  3.34095060e+01, -1.61808133e+02, -1.68555892e+01,
        9.98218758e+01, -3.22322622e+02])
16, array([ -10.53990795,   28.0104561 , -159.85360536,  -52.49270311,
         75.05469404, -338.3475958 ]), array([ -13.10878886,   36.75445438, -161.37521136,  -54.33590928,
        106.38424454, -311.2530537 ])
17, array([ -16.69311283,   19.96304412, -161.78736645,  -71.17428573,
         46.91606133, -339.84320559]), array([ -20.21502404,   35.53306932, -164.37316375,  -71.76839203,
         99.38903747, -306.47854536])
18, array([ -21.38280265,   13.17664991, -162.75721745,  -85.2667347 ,
         22.36318883, -339.72619061]), array([ -22.91637098,   27.69061984, -163.82562436,  -78.64342771,
         71.70659363, -313.85476076])
19, array([ -23.4139932 ,    7.7923408 , -162.6560189 ,  -91.13186272,
          2.56397555, -338.12547571]), array([ -26.80259565,   18.69679113, -165.82424411,  -91.8565806 ,
         38.0630056 , -319.2954605 ])
20, array([ -23.12506985,    3.2257566 , -161.71636646,  -89.45638962,
        -14.77384993, -335.61880404]), array([ -26.12709049,    9.0629605 , -166.61112749,  -93.75464312,
          4.00559452, -328.03252911])
21, array([ -21.52869939,   -1.98930534, -160.30726767,  -83.45305812,
        -35.08156877, -331.93325743]), array([ -19.6870638 ,    2.84500377, -167.0552551 ,  -80.76355404,
        -17.42414955, -336.1381159 ])
22, array([ -17.79925736,   -7.94137183, -158.91823962,  -70.1801683 ,
        -58.50090569, -326.01049968]), array([ -15.08162623,   -1.20266411, -167.72414122,  -69.32712916,
        -29.24099661, -338.84095875])
23, array([ -13.25994817,  -13.43046754, -157.97515235,  -53.69930511,
        -79.80040168, -319.45756338]), array([  -8.75263523,   -8.19786418, -166.28069615,  -61.44365171,
        -50.44866834, -338.50784787])
24, array([  -8.04069763,  -18.12039471, -157.53011755,  -34.54543346,
        -97.27767651, -312.79634283]), array([  -2.36243171,  -13.91968302, -165.93762061,  -44.99021911,
        -73.86405997, -335.93846317])
25, array([  -2.2022045 ,  -19.93452795, -158.02616877,  -12.51057085,
       -103.96794828, -309.66060321]), array([   2.8562104 ,  -17.58383441, -162.27347681,  -24.55978967,
        -82.63583058, -334.8281138 ])
26, array([   3.40957123,  -19.61263229, -159.16312104,    8.17320316,
       -101.71637636, -309.82503064]), array([   7.00980473,  -19.60959435, -161.92202759,   -4.15230465,
        -91.82844543, -332.59066772])
27, array([   8.95287586,  -17.16958372, -160.91946624,   28.04619476,
        -90.93549472, -313.29226781]), array([   8.81835096,  -21.25225826, -161.69827384,   13.25145868,
        -99.44689453, -329.25761   ])
28, array([  12.80014536,  -12.13723121, -162.98412729,   40.45263185,
        -72.09498199, -319.83512653]), array([  13.8149231 ,  -14.25705688, -161.58724194,   35.90258781,
        -81.01509811, -332.69970518])
29, array([  15.61128592,   -7.00077825, -165.16762348,   48.67028621,
        -53.75569799, -326.29067767]), array([  17.93527347,   -9.32035538, -162.60345901,   53.19204664,
        -60.93016461, -335.18852292])
30, array([  16.95667439,   -1.9502103 , -167.71723219,   50.92262514,
        -36.47516826, -332.85864459]), array([  14.38215683,   -3.99067923, -165.7124433 ,   45.53063679,
        -36.83558568, -343.29407936])
31, array([  16.3253931 ,    1.81739908, -169.95152219,   46.20561262,
        -22.58773275, -339.13177062]), array([  13.61320164,    4.17742215, -169.51225281,   43.21355629,
         -8.16797206, -348.21527624])
32, array([  14.93864364,    4.97563135, -171.92482755,   38.85818895,
         -9.45831853, -345.37161189]), array([  19.49805365,    8.06364493, -169.51225281,   55.98257398,
         10.48589859, -347.43803775])
33, array([  12.60780792,    7.14722609, -173.28026798,   28.1321267 ,
          1.69014178, -350.96657852]), array([  19.1634412 ,    8.40880821, -170.07663857,   47.141397  ,
         14.32799135, -351.01920149])
34, array([   9.96915368,    8.45455965, -174.21315475,   16.94155704,
         10.48602018, -355.22874806]), array([  13.38962393,    9.07501859, -172.85252716,   24.15716553,
         16.43765723, -355.90475691])
35, array([   7.13763439,    9.27504704, -174.8981261 ,    5.43844801,
         17.76789011, -358.56726096]), array([   8.90016158,    9.75010316, -173.0868013 ,    6.88026368,
         25.38007081, -357.14747584])
36, array([   4.38656138,    9.28374013, -175.39939336,   -4.90546533,
         21.1855314 , -360.07785404]), array([   4.12565988,   11.97080189, -174.86337242,   -5.00047462,
         29.59939878, -357.25852292])
37, array([   1.98111178,    8.9898806 , -175.66211712,  -13.29442223,
         22.7853976 , -360.75406692]), array([   1.53844511,    9.74733985, -175.31655884,  -13.31176542,
         27.71791802, -357.81671216])
38, array([-2.17859095e-01,  8.45452197e+00, -1.75746438e+02, -2.03743159e+01,
        2.30031318e+01, -3.60829253e+02]), array([  -1.01535845,   10.52458497, -175.31655884,  -21.9724918 ,
         27.93998752, -357.3725542 ])
39, array([-2.17859095e-01,  8.45452197e+00, -1.75746438e+02, -2.03743159e+01,
        2.30031318e+01, -3.60829253e+02]), array([  -1.13853514,    9.41189098, -176.20951843,  -21.56519699,
         26.82478142, -357.70541382])
