0, array([  -5.40112309,   14.43875537, -174.26821098,    6.43387117,
          6.98099337, -355.55086853]), array([  -8.6171484 ,   13.31862926, -175.42817688,   -8.17066383,
         11.19782829, -353.57543945])
1, array([   2.33795222,   17.29692615, -173.53541305,   18.01653934,
         11.29787063, -354.39670331]), array([   0.5724579 ,   15.24080608, -173.85442529,   12.88393862,
         14.82647643, -352.33104569])
2, array([  12.57532143,   22.92556346, -168.4641569 ,   36.46362938,
         25.93933974, -347.80347815]), array([   8.67800835,   20.68151816, -171.41166276,   28.31779403,
         27.37342463, -348.66685636])
3, array([  23.13934747,   27.59886393, -162.63154585,   55.32916782,
         43.88791452, -338.35260879]), array([  15.40399567,   24.60533684, -167.81952951,   37.63710713,
         49.9755691 , -342.72056629])
4, array([  30.24672202,   28.72992041, -159.0152765 ,   66.61008848,
         61.22246068, -329.77657314]), array([  21.39988054,   28.04742253, -162.93397409,   49.07370787,
         61.96734072, -335.39224834])
5, array([  31.34270687,   29.9054751 , -157.89202327,   65.01317392,
         79.21158094, -324.58125172]), array([  24.76593249,   30.2893904 , -159.79084041,   56.36877018,
         65.48051321, -330.00464991])
6, array([  27.05503487,   33.16028323, -158.41766409,   53.25082456,
         94.55489859, -323.76594272]), array([  27.54180401,   31.73284495, -156.34876041,   63.80810865,
         77.02814964, -323.78668133])
7, array([  19.34431268,   33.95506767, -162.56458471,   35.49538558,
         97.16367902, -330.17903042]), array([  24.51798835,   33.73574286, -158.13695572,   50.39021864,
         92.56005698, -322.55833468])
8, array([  10.80034038,   32.31972866, -168.41665785,   17.15965611,
         84.61067928, -342.69848742]), array([  17.30071558,   29.51641489, -162.578338  ,   32.62462501,
         88.34073091, -328.55423947])
9, array([   2.74078938,   30.9364827 , -170.68526192,    1.33416415,
         70.32002856, -353.64729379]), array([   6.43026265,   29.05854498, -167.50509195,    1.81661863,
         83.74768163, -333.92495357])
10, array([  -4.904657  ,   30.89089505, -170.08448581,  -16.7163418 ,
         66.72373514, -355.5695203 ]), array([  -7.7822096 ,   29.94682106, -168.83750511,  -37.04561079,
         81.1938872 , -330.48285839])
11, array([ -12.00684357,   31.60994478, -167.62061589,  -39.77317094,
         74.3783639 , -345.19300486]), array([ -15.98816071,   30.61939542, -167.83728175,  -55.17403275,
         80.73400193, -324.32644841])
12, array([ -18.14457719,   30.29574639, -165.63514121,  -65.43044206,
         76.63593269, -330.80799544]), array([ -21.31783709,   29.95318504, -166.94898101,  -69.60857449,
         75.73742979, -318.66365451])
13, array([ -21.19624191,   26.25089838, -165.75106088,  -83.76850719,
         63.13309276, -324.16905111]), array([ -27.14624977,   26.82477951, -166.2752533 ,  -85.9705658 ,
         62.8783989 , -313.94995117])
14, array([ -21.15221898,   22.22595789, -167.1309631 ,  -91.13186272,
         47.36022864, -324.32249876]), array([ -29.14337175,   21.22764928, -166.50299599,  -92.20777867,
         49.67545504, -315.76249881])
15, array([ -18.22267439,   18.24679967, -169.84112851,  -85.55624767,
         37.43703556, -328.05814244]), array([ -26.47853403,   17.67453169, -167.50232863,  -89.20984145,
         42.68025177, -321.64738688])
16, array([ -13.48484112,   13.26794246, -172.70340166,  -65.83888679,
         26.77373768, -338.41317594]), array([ -19.41550588,   14.96363686, -169.74178441,  -71.60686688,
         37.93622816, -332.96154385])
17, array([  -9.46744331,    7.57080025, -174.16094176,  -42.1042692 ,
         12.12818934, -352.84800545]), array([ -11.75409508,    7.19119225, -171.40730845,  -51.39851072,
         24.50100388, -342.51053017])
18, array([  -9.14848593,    2.8917466 , -172.80133746,  -29.27051423,
         -0.68321994, -360.4608808 ]), array([  -9.74273785,    0.35952921, -170.85102995,  -43.56861795,
          1.7794529 , -347.54657275])
19, array([-1.20566834e+01, -2.96754933e-01, -1.69892734e+02, -2.94666066e+01,
       -1.45552897e+01, -3.59409968e+02]), array([ -12.85171646,   -3.30462467, -170.62896615,  -48.2320868 ,
        -12.2109489 , -347.10241479])
20, array([ -17.04205358,   -2.30545219, -166.3150116 ,  -39.91065948,
        -35.04006225, -351.86455344]), array([ -13.19084974,   -6.88956246, -169.28573579,  -43.30317472,
        -33.72660517, -344.63620602])
21, array([ -21.80997492,   -3.00705383, -162.55163019,  -53.57542798,
        -58.90246456, -338.74443854]), array([ -11.96946563,   -8.99922644, -167.8423059 ,  -30.86726032,
        -57.04394183, -340.41690272])
22, array([ -23.4139932 ,   -3.33673946, -160.77587027,  -60.96206642,
        -77.79328694, -326.92802137]), array([ -10.4040915 ,   -8.78150936, -166.2750858 ,  -26.82244127,
        -68.74933831, -339.61275432])
23, array([ -20.43628029,   -5.22219048, -160.77085544,  -55.04425514,
        -92.01401235, -320.25662371]), array([ -11.07030093,   -8.22633468, -166.16403872,  -34.15074593,
        -86.29285676, -332.95065814])
24, array([ -13.77902057,   -7.24740879, -162.26006231,  -39.87830202,
        -96.7300081 , -321.03441389]), array([ -10.51252946,   -9.67548428, -166.94404045,  -30.82045147,
       -102.42976976, -324.44408026])
25, array([  -5.58233601,   -8.6383595 , -163.82786097,  -21.53878586,
        -88.39507264, -329.36201791]), array([  -7.6256213 ,   -9.89755283, -165.72265918,  -18.49557466,
        -98.87665028, -326.77582607])
26, array([   2.17939426,  -10.37586376, -163.21952079,   -5.11359863,
        -74.09674401, -340.68841233]), array([  -3.37095714,  -11.79611778, -164.48930359,   -8.95201111,
        -89.59602356, -335.04632568])
27, array([   8.02477994,  -13.05185087, -160.7687962 ,    7.52950785,
        -66.99804324, -346.71566502]), array([   1.67208902,  -16.16491661, -162.69584802,   -0.56184011,
        -83.67659017, -339.28893816])
28, array([  12.67980636,  -16.64316889, -155.59022315,   19.34158481,
        -73.81433959, -341.70015833]), array([   6.1134866 ,  -19.60699851, -161.0303088 ,    3.54645227,
        -82.89934409, -339.51100196])
29, array([  17.53668944,  -17.86888007, -151.15095804,   34.04728598,
        -85.22296633, -329.18812707]), array([   8.01565081,  -22.38797986, -160.02698719,   -1.93118736,
        -86.99315181, -337.39373035])
30, array([  22.93949653,  -13.7356538 , -151.25315471,   51.68049526,
        -84.8430158 , -318.9854098 ]), array([   8.34875505,  -19.16796556, -160.69319377,   -4.92913062,
        -77.55518221, -338.28201592])
31, array([  27.74217853,   -6.86999364, -154.41881356,   66.21408086,
        -69.57458276, -317.02751619]), array([  15.40215347,  -10.54885902, -160.24201705,   20.47869325,
        -58.08370034, -339.39353759])
32, array([  30.67453495,   -0.83910821, -157.95953245,   75.03234123,
        -49.80813244, -320.64366761]), array([  22.2863201 ,   -4.1088328 , -158.35441403,   45.12844687,
        -46.42503202, -337.39490266])
33, array([  30.27030059,    2.9928338 , -161.15683231,   76.11495852,
        -35.34838375, -326.16917722]), array([  25.99342844,    1.39426328, -161.80938944,   64.19145778,
        -40.54688161, -336.38702883])
34, array([  24.59883768,    6.32233699, -165.49529442,   66.46204044,
        -25.70807382, -333.60317238]), array([  29.54654793,    9.83291862, -161.36524666,   78.18185674,
        -19.56127748, -336.94223386])
35, array([  15.74445811,   10.6347451 , -169.76558148,   49.30555291,
        -15.77404957, -342.64991396]), array([  22.39844248,   17.55822057, -164.05068741,   65.46509535,
         -1.309596  , -341.97456166])
36, array([   7.05096462,   15.28805847, -172.41417289,   32.1841116 ,
         -5.75414363, -349.72499156]), array([  12.40529819,   16.22580172, -169.26932335,   42.81396527,
         -5.1958196 , -347.08215053])
37, array([   0.63864953,   18.76677691, -173.52850726,   19.55163294,
          2.59489612, -353.66746475]), array([   0.86093111,   20.02066693, -172.41573799,   15.91520857,
          4.06806214, -350.67381173])
38, array([  -2.9281253 ,   21.18770872, -173.43776424,   11.42810951,
          8.73849606, -355.66618201]), array([ -12.01912228,   26.34965983, -174.19230912,  -16.28492396,
         22.6108971 , -351.34000314])
39, array([  -2.9281253 ,   21.18770872, -173.43776424,   11.42810951,
          8.73849606, -355.66618201]), array([ -10.068223  ,   24.14587593, -173.97709656,  -10.84957027,
         19.23454857, -352.23596191])
