0, array([ 1.20479849e-02,  1.90933338e+01, -1.73770409e+02, -1.39013073e+01,
        1.54977367e+00, -3.58049518e+02]), array([  -3.03609395,   18.11833572, -175.87464905,  -22.45816612,
         11.3094492 , -355.02651978])
1, array([   6.08638491,   19.73878765, -173.32336132,   -1.78587503,
          0.8710613 , -358.26356995]), array([   2.35286877,   17.01920708, -175.41059216,   -6.28876373,
         13.70775339, -355.01446174])
2, array([  14.42595419,   22.99529767, -170.00249094,   21.1976004 ,
         11.86088064, -354.1588323 ]), array([   9.23703492,   20.79439416, -171.52436939,   14.91890942,
         25.69952691, -352.34963541])
3, array([  22.9556591 ,   26.05075918, -165.31019403,   47.01465166,
         27.97358076, -346.56432325]), array([  13.05199696,   25.82982206, -170.61464716,   25.15019894,
         44.28791297, -347.52027942])
4, array([  29.36086957,   27.47670812, -161.39925682,   67.8636924 ,
         43.44014077, -337.36384884]), array([  16.93822069,   28.38362408, -166.95048818,   40.47302055,
         57.61210914, -340.19196147])
5, array([  31.34270687,   28.88327188, -159.44003801,   76.11495852,
         56.56488758, -330.07153056]), array([  23.4261429 ,   31.06839114, -161.8023556 ,   60.15517799,
         63.346989  , -331.79257882])
6, array([  27.81883613,   33.58895645, -159.09558199,   67.90035594,
         78.75838484, -324.32844691]), array([  26.09098252,   31.73460342, -159.13752926,   64.70761114,
         70.67529177, -326.240832  ])
7, array([  21.921094  ,   36.45106562, -160.88638363,   50.47586458,
         96.56187798, -323.5774739 ]), array([  25.4164822 ,   34.19177246, -157.46143917,   59.31412831,
         83.87747815, -322.54929109])
8, array([  14.26036016,   36.33627051, -164.4345925 ,   27.42752063,
         94.82973892, -330.89659792]), array([  20.64198145,   34.19177246, -159.3490422 ,   38.99473266,
         90.20646346, -324.54792601])
9, array([   6.37517064,   34.35875269, -167.28122977,    4.20095381,
         80.05068569, -342.61585983]), array([  11.68114293,   32.63075265, -162.14861314,   16.6756207 ,
         86.65117442, -329.02064101])
10, array([  -0.59642467,   32.18418811, -168.24531332,  -17.4697324 ,
         65.99012274, -351.46709451]), array([   0.57764958,   33.74110201, -164.36931187,  -13.30381025,
         84.98565037, -330.2420071 ])
11, array([  -5.8570228 ,   31.0726695 , -167.08242757,  -37.67469347,
         61.94970098, -350.4297214 ]), array([ -11.3000742 ,   34.19093509, -165.15929356,  -50.49038333,
         83.74558821, -323.43397599])
12, array([  -9.62562643,   30.76890585, -165.34133117,  -59.913696  ,
         64.31212317, -341.04852775]), array([ -16.62975153,   33.08058573, -165.49238926,  -70.80977519,
         75.86211834, -318.43740385])
13, array([ -12.17254679,   29.44417719, -165.00121198,  -79.96723821,
         59.88419934, -333.61454814]), array([ -20.11412048,   29.61531067, -165.15904236,  -86.75191498,
         63.88298798, -314.17318726])
14, array([ -12.54908626,   26.76930205, -166.03119988,  -91.13186272,
         49.65332076, -332.06512293]), array([ -22.5632527 ,   26.69657968, -165.61305083, -100.46974472,
         58.38340991, -305.60549993])
15, array([ -10.84990149,   22.80698007, -168.26232484,  -89.59961033,
         42.33154915, -334.65153196]), array([ -21.11980005,   23.0324264 , -167.27857488,  -97.91595029,
         51.72131373, -311.60140472])
16, array([  -7.25823863,   18.02826479, -171.1261247 ,  -70.83836875,
         38.19784089, -342.05869311]), array([ -15.0735875 ,   19.66721371, -169.5156023 ,  -81.20962737,
         44.5536919 , -327.82950399])
17, array([  -5.01182924,   12.62157964, -172.99938986,  -45.22972882,
         27.56471466, -351.57978501]), array([ -10.41012055,   16.00306233, -170.40388786,  -61.88955298,
         39.55712355, -338.04471208])
18, array([  -5.89829557,    7.51775077, -172.15493066,  -27.42811726,
         13.73068116, -357.10395948]), array([  -6.27344009,    8.16362737, -169.84712219,  -43.97993213,
         22.84703437, -345.43245269])
19, array([ -10.29891619,    3.93324155, -168.53657205,  -29.89065049,
          1.00219154, -356.94245783]), array([  -6.38447531,    1.39049513, -169.84712219,  -36.98473265,
         -0.69237256, -347.20902382])
20, array([ -16.58264744,    2.06759249, -163.92240605,  -48.48960797,
        -13.2355017 , -351.25011533]), array([ -10.52375018,   -3.97912356, -166.83284113,  -44.69136416,
        -16.38388785, -343.96926097])
21, array([ -21.83806537,    1.47424751, -160.41386671,  -70.97809481,
        -26.15916222, -342.5424524 ]), array([ -14.52100961,   -2.42463379, -166.61079251,  -53.79622667,
        -21.38045999, -340.9712934 ])
22, array([ -23.4139932 ,    0.90894953, -158.92469144,  -86.1558481 ,
        -33.30134655, -336.1659514 ]), array([ -17.54465779,   -1.19211328, -167.05492011,  -65.55194589,
        -21.96670101, -338.05861234])
23, array([ -19.93785068,   -0.97154163, -159.06197172,  -84.08942358,
        -42.32176303, -333.80920339]), array([ -16.10120514,   -1.19211328, -165.94457075,  -70.88162132,
        -30.62742644, -337.0592797 ])
24, array([ -14.18084184,   -2.55249706, -161.25588191,  -67.76312225,
        -52.90357985, -335.04872344]), array([ -13.08006716,   -2.86894167, -167.27874236,  -72.23312644,
        -44.06148143, -335.82853512])
25, array([  -7.83302204,   -4.36591296, -163.41957162,  -45.68707555,
        -55.19485559, -340.65918892]), array([ -10.52626229,   -6.19998953, -165.83529729,  -61.57377937,
        -53.16634395, -336.93888449])
26, array([  -2.03021866,   -7.33515113, -163.64688522,  -24.64946115,
        -52.00735107, -347.61196178]), array([  -4.15230465,  -10.23342228, -164.2660675 ,  -36.18755722,
        -62.9185791 , -338.17172241])
27, array([   2.85278743,  -11.74606283, -160.44156844,   -6.29239947,
        -56.62301467, -347.71732282]), array([   0.44375455,  -14.60875163, -162.80594365,  -14.55575922,
        -73.79254423, -335.80508883])
28, array([   6.99417235,  -17.01697615, -154.98050516,   11.9243399 ,
        -72.99699039, -336.91024342]), array([   4.77411712,  -19.49428998, -160.80732391,    5.09742463,
        -84.11879939, -330.80851669])
29, array([  11.38503731,  -19.70089265, -150.71498348,   32.06183779,
        -86.40033811, -323.2838186 ]), array([   7.22425417,  -21.16601055, -160.69126779,   16.26221311,
        -85.55966381, -328.57735084])
30, array([  16.03353063,  -17.94530922, -149.86336147,   51.51775522,
        -84.95992373, -315.37856861]), array([   4.89252117,  -19.5004865 , -159.91401413,   13.04220071,
        -80.78515547, -329.90976401])
31, array([  19.56815429,  -13.36545651, -153.29518   ,   65.16540488,
        -68.72862049, -316.77414087]), array([   6.81804746,  -14.79079495, -160.24637138,   23.50920977,
        -71.11255091, -331.13992239])
32, array([  21.03684994,   -8.29027725, -157.76483847,   71.40712565,
        -49.251743  , -323.08518658]), array([  17.25533025,   -8.46180395, -159.8022286 ,   53.71071591,
        -49.2386707 , -331.25096947])
33, array([  19.86510504,   -3.84147423, -162.70260425,   67.38712733,
        -35.71104219, -331.30917403]), array([  23.07244037,   -3.30462467, -163.38339227,   68.13796798,
        -33.40840779, -333.61888962])
34, array([ 1.65762499e+01,  3.20565204e-01, -1.67810223e+02,  5.39773180e+01,
       -2.44188177e+01, -3.41685328e+02]), array([  18.29793773,    0.35952921, -167.93582162,   50.37237814,
        -14.75453713, -344.0561615 ])
35, array([  11.83597278,    3.57737345, -171.67086036,   35.1967633 ,
        -15.07738519, -350.25602185]), array([  18.94790127,    4.50675871, -169.51526734,   52.75603393,
          1.38890473, -345.8797927 ])
36, array([   7.60020093,    6.46229648, -174.13202079,   18.44483023,
         -6.59680465, -356.03938336]), array([  15.39478463,    8.61505146, -171.51390227,   40.54218713,
         10.49376985, -349.98807928])
37, array([   4.49192369,    8.38408319, -175.34731827,    5.68584083,
         -0.44469388, -359.37600908]), array([   4.10296722,   12.76244974, -174.4246878 ,    7.10568312,
         19.68379549, -355.13870873])
38, array([   2.61551598,    9.22821128, -175.83661591,   -2.90404689,
          2.53012219, -361.00002631]), array([  -2.11498951,   15.31625271, -175.86811769,  -13.76888437,
         23.34794878, -355.91597758])
39, array([   2.61551598,    9.22821128, -175.83661591,   -2.90404689,
          2.53012219, -361.00002631]), array([  -2.2547462 ,   13.65349197, -175.98628235,  -14.30982399,
         20.3507576 , -356.58920288])
