0, array([   6.33019781,   18.24034683, -174.40383013,    1.73083138,
         19.55909854, -359.58887512]), array([  -1.58501935,   15.99753571, -178.10708618,  -18.66304588,
         28.72233963, -352.12435913])
1, array([  12.27909925,   19.45897228, -172.24504093,   18.80439323,
         24.32840984, -356.74183284]), array([   7.79651087,   18.00881932, -174.75575845,    8.02865444,
         37.99148261, -350.55937917])
2, array([  18.90452578,   20.82680138, -169.07676621,   38.53006408,
         30.38670965, -351.80266792]), array([  14.0449965 ,   20.46525053, -171.63343944,   24.65607953,
         43.35503956, -347.8772312 ])
3, array([  24.65490785,   22.09737543, -165.58342101,   56.14844998,
         36.5002291 , -345.73016144]), array([  15.84509778,   22.14530909, -171.84365998,   30.6060699 ,
         49.38947225, -344.62852549])
4, array([  29.54690909,   22.43512287, -162.65004189,   71.20735674,
         39.42410948, -340.14641947]), array([  22.53853531,   25.48456306, -166.92658669,   47.79552617,
         56.08214415, -337.92628331])
5, array([  31.34270687,   23.59956421, -160.27955956,   76.11495852,
         45.34939717, -335.49843112]), array([  26.43139671,   25.26160834, -161.57615238,   60.58505771,
         59.76736137, -331.45483784])
6, array([  30.55092409,   26.47295268, -157.92170585,   72.80248727,
         57.19725273, -330.99323396]), array([  26.32076379,   25.15097353, -159.03160649,   59.92126773,
         63.08632638, -326.91893713])
7, array([  27.46873401,   31.28414846, -154.88625302,   62.22624974,
         75.85335165, -325.09221139]), array([  24.87457192,   25.70649502, -157.79659977,   55.69236044,
         61.09992543, -325.67472788])
8, array([  19.96560326,   37.58316191, -151.54963499,   38.40619116,
         98.26789871, -318.6364477 ]), array([  23.64485698,   22.25820507, -156.90163041,   53.67316159,
         54.52563837, -327.22838304])
9, array([  11.36394624,   41.74979717, -149.31845267,   11.66299082,
        112.85496199, -313.71503457]), array([  16.95748062,   25.92444319, -158.57004519,   35.73237484,
         64.30982447, -328.23544748])
10, array([   1.41711361,   42.32555475, -149.53885964,  -18.20522595,
        114.38304229, -312.9964641 ]), array([   5.125772  ,   29.38810934, -159.68832968,   -1.65389359,
         75.59031488, -327.45700894])
11, array([  -7.75746291,   39.25756985, -152.23157275,  -45.37904638,
        103.30929178, -316.59050795]), array([  -2.92217595,   32.40497669, -160.47072396,  -22.34064261,
         77.72339291, -325.55910555])
12, array([ -16.25808164,   33.60090337, -156.02548278,  -70.35275931,
         83.54754484, -322.4062779 ]), array([ -12.30625942,   31.62212626, -161.25230408,  -47.14193051,
         78.05593353, -320.41964219])
13, array([ -20.94152415,   27.7219024 , -159.53283041,  -84.16403429,
         63.2404638 , -328.83587705]), array([ -22.12856419,   27.49068064, -161.25453712,  -74.26789642,
         72.91918938, -312.82720054])
14, array([ -23.4139932 ,   23.06672493, -162.16915117,  -91.13186272,
         47.63809323, -333.96658611]), array([ -25.81113555,   24.810242  , -162.81677365,  -86.54117641,
         69.32485467, -308.26185692])
15, array([ -22.785696  ,   20.38532913, -164.5378408 ,  -88.51667089,
         39.09511572, -338.97888208]), array([ -27.69277714,   22.46243398, -163.60090584,  -91.97108786,
         57.26962237, -310.29767987])
16, array([ -18.0370601 ,   18.19669246, -167.20522301,  -72.10943279,
         32.45693532, -344.3091804 ]), array([ -24.00254958,   19.55958486, -165.05010392,  -83.33494294,
         48.42166559, -320.25386101])
17, array([ -11.91652248,   14.26490352, -169.96924782,  -51.1402708 ,
         19.27073096, -349.54331046]), array([ -19.41673702,   17.08771554, -165.73177511,  -66.21896269,
         33.95704521, -333.53950101])
18, array([  -3.47549954,    8.87039193, -171.65597992,  -22.49325384,
          0.66811369, -351.65747119]), array([ -13.77449574,   11.77737114, -168.71885269,  -44.53505716,
          8.84354552, -344.93462028])
19, array([   4.09195772,    3.00959144, -171.63074845,    3.23476868,
        -19.1756771 , -349.51544377]), array([  -3.5148617 ,    2.18669762, -169.8436131 ,   -7.28327802,
        -18.51903245, -350.09906199])
20, array([  10.90938815,   -2.3829628 , -170.3505398 ,   26.44980462,
        -36.43872659, -344.6124435 ]), array([   5.09259511,   -2.29811583, -169.62438128,   21.34359306,
        -37.31447464, -347.10830055])
21, array([  14.24589411,   -7.09872415, -167.68484235,   37.36530974,
        -51.5930504 , -336.60917097]), array([   7.23001595,   -6.32094184, -169.73534463,   31.10608391,
        -46.3857351 , -343.98050979])
22, array([  15.44630991,  -11.35773307, -165.06340698,   41.22647618,
        -65.62681885, -329.08713409]), array([  12.92246919,  -10.00807216, -165.38475146,   41.71790353,
        -58.44684477, -338.95593506])
23, array([  12.88497613,  -15.45961713, -162.44278587,   32.74972009,
        -81.41198313, -321.3539105 ]), array([  16.49663972,  -16.81996023, -162.59141684,   47.18679404,
        -79.1111025 , -332.03154143])
24, array([   7.47055686,  -18.65692659, -160.42358082,   15.27851631,
        -95.29925235, -314.75301313]), array([  13.13824619,  -19.9514762 , -161.47644864,   24.05120932,
       -105.25104944, -328.44971945])
25, array([   0.84031801,  -20.31825346, -158.92309783,   -6.09493627,
       -104.08341162, -309.71551002]), array([   3.76542396,  -26.07870543, -162.25645034,   -7.96014999,
       -129.77314143, -318.86372348])
26, array([  -6.37460802,  -18.55489085, -159.3654544 ,  -29.93362998,
       -100.57261849, -310.13311347]), array([ 6.66472689e-02, -2.35963707e+01, -1.62042897e+02, -1.43682026e+01,
       -1.26430950e+02, -3.20137920e+02])
27, array([ -12.82816855,  -14.71052529, -160.56350445,  -51.74431786,
        -88.47418338, -313.89098106]), array([  -7.86441619,  -12.56129132, -165.2698158 ,  -34.82315915,
        -87.42462496, -337.17502424])
28, array([ -18.31455506,   -9.38528475, -162.25733623,  -70.89891309,
        -69.68158186, -320.25268282]), array([ -15.55501085,   -8.21556423, -165.05252838,  -58.11480249,
        -73.81150753, -339.29661035])
29, array([ -20.42762934,   -5.13784334, -164.10625951,  -80.41068711,
        -52.34711637, -327.17793769]), array([ -19.31650378,   -6.33481871, -166.15883493,  -68.84612423,
        -63.85461248, -341.17735115])
30, array([ -21.12241787,   -1.8113735 , -165.96997941,  -85.44645277,
        -38.28969041, -333.23663464]), array([ -22.22496934,   -2.76705907, -167.05353235,  -81.35122165,
        -47.23704285, -343.29903147])
31, array([-1.88780574e+01,  2.29368230e-01, -1.68490124e+02, -8.05231426e+01,
       -3.03837458e+01, -3.39083356e+02]), array([ -25.01827206,   -2.19813921, -168.94928174,  -92.19349454,
        -41.39063532, -343.86297486])
32, array([ -15.0306284 ,    2.30611105, -171.32417673,  -69.73741843,
        -23.6512348 , -345.43344927]), array([-2.07911212e+01,  3.18899512e-02, -1.72742760e+02, -8.13012360e+01,
       -3.17927555e+01, -3.50327338e+02])
33, array([ -10.10602809,    5.02355198, -174.35179127,  -55.09518186,
        -15.08011984, -352.63775983]), array([ -12.86554523,    5.611988  , -174.3106261 ,  -59.75808317,
        -17.1664677 , -356.80691873])
34, array([ -10.10602809,    5.02355198, -174.35179127,  -55.09518186,
        -15.08011984, -352.63775983]), array([  -9.62173843,    7.06784773, -174.31196594,  -51.59127045,
        -11.90773773, -358.59838867])
