0, array([  21.89416105,   22.03696724, -167.20784184,   42.70715798,
         24.82246506, -350.90712955]), array([  14.04193401,   17.44861031, -172.30278015,   22.52513504,
         22.13669586, -352.01275635])
1, array([  26.52420422,   23.04224677, -165.13131029,   57.83880108,
         31.69110704, -346.46575736]), array([  18.17440332,   17.55975174, -169.51072157,   41.73286503,
         28.38958143, -348.43801635])
2, array([  30.40657076,   23.33418534, -163.31795059,   71.21027207,
         36.36831188, -341.93472652]), array([  21.07769905,   17.00710132, -167.72497851,   52.11525217,
         30.85500867, -345.08533357])
3, array([  31.34270687,   24.59687861, -162.28971099,   76.11495852,
         42.0960903 , -338.69548157]), array([  23.2072099 ,   19.91145168, -166.93405152,   58.27718954,
         37.79063712, -341.05522098])
4, array([  30.53722438,   27.1419555 , -161.45392121,   75.44227995,
         50.97820218, -336.16304215]), array([  27.99801507,   22.70973093, -162.69304849,   71.20073734,
         48.29010496, -333.80316914])
5, array([  28.13891973,   30.96510952, -160.64759908,   69.50531767,
         64.78839744, -333.57997532]), array([  28.98002025,   27.06046455, -159.69199828,   73.69366766,
         58.2415123 , -329.35031865])
6, array([  22.66659722,   36.10590755, -160.14489184,   52.44399804,
         86.20762845, -330.20652343]), array([  24.55473356,   29.93689977, -160.24515911,   58.53705545,
         70.07915192, -328.57589953])
7, array([  15.40549252,   40.27047892, -160.02003188,   28.95273097,
        104.51653502, -326.89609678]), array([  18.41796407,   32.84153913, -158.35719356,   40.34048611,
         84.92421354, -326.90423092])
8, array([   6.70911235,   42.39287422, -160.40309566,    0.38185143,
        114.64555178, -324.53576539]), array([  10.15880141,   32.96362447, -161.57790695,   14.33950481,
         93.21572746, -326.89801025])
9, array([  -2.69748211,   40.87250199, -161.61492457,  -30.6193658 ,
        108.81195051, -325.53448931]), array([   1.22337235,   32.0727589 , -163.25812502,  -16.70340861,
         93.35072885, -326.00682186])
10, array([ -10.48685337,   36.55378981, -163.00884064,  -56.54045947,
         91.59603941, -328.58562036]), array([ -10.61280251,   35.63876566, -163.70745162,  -52.55489883,
         97.58770326, -316.75106961])
11, array([ -16.82964438,   30.85445526, -164.25154181,  -78.08742899,
         68.50297893, -332.33877031]), array([ -19.33028494,   34.08060103, -163.37318836,  -78.14978394,
         93.46375815, -306.25110659])
12, array([ -19.57267584,   26.08161871, -165.32283491,  -88.93784483,
         49.15310342, -335.77548633]), array([ -22.45899364,   30.50470309, -164.82455578,  -86.53109573,
         74.58827405, -308.70663695])
13, array([ -19.54414145,   22.47869318, -166.44117635,  -91.13186272,
         36.94853044, -338.74921885]), array([ -23.91147187,   24.25255125, -165.49485351,  -90.77697047,
         56.49446194, -313.73134069])
14, array([ -17.64540624,   19.18120767, -167.67945909,  -86.79967808,
         28.23400295, -342.13825144]), array([ -25.46478758,   20.78703294, -166.16540643,  -95.44431478,
         41.41218022, -316.98642805])
15, array([ -13.30191635,   15.41860702, -168.77717518,  -72.47058502,
         18.76156237, -346.58715616]), array([ -22.32443697,   16.31766117, -166.94987429,  -89.26375493,
         26.1066305 , -326.9323994 ])
16, array([  -6.84448422,   10.85078804, -169.22175508,  -50.29018185,
          4.84136949, -350.37801232]), array([ -15.2818123 ,   11.61572969, -168.50408705,  -71.57096771,
         10.66604084, -337.8717193 ])
17, array([   0.57179128,    5.79582794, -168.74981868,  -24.50159192,
        -12.05009095, -352.1223426 ]), array([  -7.12540116,    4.46585406, -167.61470032,  -43.52896645,
        -10.66807087, -346.5520119 ])
18, array([   9.01778142,    0.94526888, -166.91292506,    5.14798795,
        -28.68125741, -350.06578397]), array([   1.17201197,   -2.61460388, -167.61470032,  -15.53902871,
        -31.02439077, -348.32210843])
19, array([  15.18107013,   -2.94472922, -164.08598593,   27.7531798 ,
        -41.54927869, -344.05025614]), array([   8.10425833,   -6.31510398, -166.94706704,   10.38864841,
        -46.4618513 , -344.65733198])
20, array([  19.10017015,   -6.22360042, -160.93132916,   43.28251041,
        -51.64341115, -336.97593833]), array([  14.47387083,  -10.22449004, -163.49263732,   36.975138  ,
        -56.64457326, -337.29559124])
21, array([  19.0859246 ,   -9.87744584, -157.23716298,   46.14384935,
        -63.39835066, -329.22727651]), array([  15.93741772,  -10.45634413, -159.69502886,   39.59949226,
        -59.00849123, -334.6036816 ])
22, array([  14.54510698,  -14.46247156, -153.54218345,   34.11912675,
        -80.0492849 , -321.38467931]), array([   8.13048083,  -13.13403928, -159.68960571,   10.93294004,
        -66.37461904, -336.1616739 ])
23, array([   8.30916424,  -18.34430925, -150.49489445,   15.87841487,
        -95.32368247, -314.19458564]), array([   4.66700608,  -19.72277744, -159.80093665,   -6.15937926,
        -91.60999448, -330.8033768 ])
24, array([   0.4426845 ,  -20.28257978, -149.07219289,   -8.83280822,
       -104.08463519, -309.53572573]), array([   9.01604992,  -25.18733134, -158.79867251,    1.20474225,
       -108.35181108, -326.00516302])
25, array([  -7.58489097,  -18.31625236, -150.50040443,  -35.45178155,
        -98.89957041, -310.81376876]), array([   6.43070849,  -22.27421015, -160.58948779,    0.48017819,
       -111.32797103, -326.13274666])
26, array([ -14.7456456 ,  -13.82713512, -153.35679455,  -59.61433471,
        -83.69275232, -315.73477859]), array([  -4.08215486,  -15.12241999, -164.05015342,  -27.37494778,
        -94.20563491, -334.17249143])
27, array([ -20.79180211,   -7.48329625, -157.07433988,  -80.42657206,
        -60.73255047, -323.25588355]), array([ -18.58087043,   -7.3200754 , -166.61261088,  -68.31114993,
        -66.76891667, -340.84815866])
28, array([ -23.23614267,   -2.23417964, -160.23293438,  -88.52001033,
        -42.43132023, -329.80576087]), array([ -26.48315972,   -4.30678477, -167.28544547,  -92.02005569,
        -51.60350436, -340.18141853])
29, array([ -23.4139932 ,    1.34767929, -162.80331728,  -89.15818477,
        -30.28069032, -335.22441815]), array([ -27.92137639,   -1.98350992, -168.50239628,  -96.77723737,
        -42.64229806, -340.29203255])
30, array([ -21.05762666,    4.30250592, -165.66135873,  -81.55893829,
        -21.01676066, -341.28758871]), array([ -26.14778565,   -0.41612478, -168.06270374,  -93.12695158,
        -37.37534147, -342.51727666])
31, array([ -16.15193021,    7.67152059, -169.11174733,  -64.84907796,
        -11.3238457 , -348.47146989]), array([ -22.46763877,    2.14991594, -170.51054453,  -81.98091263,
        -28.56196336, -348.0916626 ])
32, array([-1.12797538e+01,  1.15341408e+01, -1.72398184e+02, -4.79241395e+01,
       -3.86946005e-02, -3.55098875e+02]), array([ -17.22096733,   10.84803503, -172.85688138,  -65.90633125,
         -5.80762565, -354.12320907])
33, array([  -6.43725536,   15.18294796, -175.21203019,  -30.75156206,
         10.38264438, -360.38046413]), array([ -10.29739836,   15.10093083, -175.98360268,  -47.92318018,
          9.28735023, -358.2599783 ])
34, array([  -6.43725536,   15.18294796, -175.21203019,  -30.75156206,
         10.38264438, -360.38046413]), array([  -3.92906213,   19.1229248 , -176.76763916,  -27.59273338,
         17.2253685 , -361.27728271])
