0, array([  15.93899724,   13.4875672 , -173.1142939 ,   25.47986707,
         12.89815376, -357.45753119]), array([   7.6795311 ,   11.532691  , -176.65600586,    5.11224604,
         18.56482124, -355.24975586])
1, array([  21.02699407,   14.80958328, -170.39857392,   41.685838  ,
         18.00948885, -353.56356175]), array([  13.93347129,   14.54856561, -174.19872095,   24.76607444,
         27.83291149, -351.8988262 ])
2, array([  25.50667208,   16.71175881, -167.32837186,   56.57644658,
         24.98205172, -348.8152939 ]), array([  17.61897562,   17.00442165, -172.29876065,   34.70465764,
         31.96968837, -349.2149556 ])
3, array([  29.0996506 ,   18.34026013, -164.54905089,   68.5606075 ,
         30.90311292, -344.33940577]), array([  20.64049858,   18.34760679, -169.94783013,   42.21179181,
         38.01129305, -344.961098  ])
4, array([  31.34270687,   19.95262871, -162.19039114,   76.11495852,
         36.59306318, -340.62125162]), array([  25.6558873 ,   20.69021498, -165.70143736,   58.26340837,
         47.49076371, -337.3723888 ])
5, array([  31.036306  ,   22.78136562, -159.97501012,   75.17582569,
         46.8074871 , -337.93364366]), array([  27.21417953,   22.03464426, -161.12966502,   63.93416902,
         52.1799996 , -332.12840461])
6, array([  29.25409261,   26.98790716, -157.25571157,   69.32004237,
         62.28364164, -335.02471399]), array([  27.43544348,   24.24728761, -158.58513425,   63.38100818,
         56.16275837, -328.47753704])
7, array([  23.12494456,   33.55397584, -153.74007737,   49.22292784,
         85.88108945, -332.01945927]), array([  26.54681287,   26.148004  , -154.56996804,   57.81813698,
         65.63367199, -325.68053379])
8, array([  15.97487656,   39.5445982 , -150.18095879,   25.83619258,
        106.61577055, -328.55329947]), array([  21.31229755,   29.82802328, -157.22627632,   43.21682751,
         74.90699397, -326.11539261])
9, array([   6.65016759,   42.27995814, -149.04233473,   -3.62072014,
        114.78971959, -327.71338102]), array([  12.71967488,   31.39812074, -159.68469296,   21.45247067,
         82.17432788, -327.34202609])
10, array([  -2.36426607,   41.9514586 , -149.49447074,  -31.79818746,
        111.95996391, -328.21472527]), array([  -0.45375142,   38.09085454, -162.36545253,  -16.16437985,
         97.57494291, -321.88128311])
11, array([ -10.52570205,   37.70525167, -152.27836312,  -56.45824966,
         96.02287494, -331.03337688]), array([ -12.40885239,   39.54917254, -161.69896765,  -50.01890994,
        102.83724578, -312.27837823])
12, array([ -17.08378974,   31.90769188, -155.7160023 ,  -75.66555868,
         75.59241779, -334.35507735]), array([ -18.88941397,   34.8582459 , -162.03428365,  -66.22326473,
         85.75102144, -312.83271942])
13, array([ -22.1050992 ,   25.51191912, -159.24633927,  -89.53404321,
         54.32129279, -337.6018422 ]), array([ -24.36146649,   29.16196647, -163.14921857,  -83.08739379,
         68.78521978, -311.03936731])
14, array([ -23.4139932 ,   21.50750057, -161.65452894,  -91.13186272,
         43.19292247, -340.53197528]), array([ -28.37791067,   24.3604407 , -162.70389476,  -96.35872699,
         62.40588038, -305.13802191])
15, array([ -23.00238134,   18.55232673, -163.87038542,  -87.04288575,
         35.2454145 , -344.22187426]), array([ -30.04488988,   20.56136667, -162.93081617,  -99.56132071,
         50.98094212, -307.85921653])
16, array([ -18.4233573 ,   16.27621892, -166.30514608,  -68.2794934 ,
         28.05493871, -348.51208243]), array([ -28.90316016,   16.52973768, -164.27410654,  -90.88989343,
         30.09168424, -323.28239305])
17, array([ -13.13916513,   12.53731031, -169.04488339,  -47.22148541,
         14.52859944, -352.02829333]), array([ -21.63017789,   10.04745153, -166.28447261,  -64.94123318,
          9.66377957, -340.22158179])
18, array([  -4.81430249,    7.60806549, -171.15288799,  -16.70646203,
         -3.0930948 , -352.31763179]), array([ -12.1158117 ,    3.07762415, -168.16521341,  -33.07917431,
         -7.2629424 , -348.51899434])
19, array([   3.35875318,    2.24389415, -172.23095479,   12.71439588,
        -20.83828845, -349.99315733]), array([  -4.95611013,   -4.0718044 , -168.50660721,   -8.35983573,
        -25.46831446, -350.33282535])
20, array([  11.20424787,   -2.61525998, -171.48456935,   39.7743221 ,
        -34.3601943 , -344.64753148]), array([   1.41420325,   -9.66255647, -168.17357139,   15.21591721,
        -40.67127408, -348.1111222 ])
21, array([  16.80768824,   -6.27507621, -169.78435337,   57.74789112,
        -42.23460997, -338.67681768]), array([  11.12590794,  -12.57331795, -166.61235572,   44.13831486,
        -49.51144701, -342.86729898])
22, array([  20.56980038,   -9.17905324, -167.54139064,   68.1037278 ,
        -47.49488191, -332.8560354 ]), array([  16.38297811,  -14.25082444, -165.82921249,   62.14035125,
        -55.32502475, -337.39350714])
23, array([  20.58162561,  -12.0449365 , -165.66344419,   64.11564131,
        -59.37549336, -327.27235963]), array([  18.73001862,  -17.8240089 , -164.37752605,   66.16824974,
        -69.95399227, -332.36663412])
24, array([  19.22929539,  -15.15543316, -163.79996194,   54.9099964 ,
        -74.86200226, -320.56764067]), array([  18.72619051,  -19.05085086, -163.81946772,   63.57987583,
        -81.46197682, -329.57805271])
25, array([  14.29700465,  -18.10802988, -163.0322954 ,   33.84791981,
        -91.47991822, -314.63810994]), array([  15.36999815,  -18.50320887, -163.70796204,   44.44705363,
        -93.99256301, -330.57612261])
26, array([   9.12783123,  -20.08937804, -162.44855851,   11.94586673,
       -102.17981787, -309.98348184]), array([   9.6676566 ,  -23.40311763, -163.71210916,   10.72485095,
       -115.62447243, -327.89301763])
27, array([   3.10363021,  -19.73322172, -162.9855302 ,  -13.63706202,
       -102.14237014, -309.8009686 ]), array([   2.29808016,  -22.83831299, -165.16070116,  -17.31730981,
       -122.83505473, -324.55644339])
28, array([  -2.44141089,  -17.81415751, -163.91766445,  -37.4110998 ,
        -93.75625863, -312.5001871 ]), array([  -4.06569402,  -20.58815422, -165.6075562 ,  -45.65662363,
       -116.26769091, -325.26401647])
29, array([  -7.15870617,  -14.25685853, -165.45812736,  -58.06028956,
        -77.70646828, -318.31074781]), array([  -9.4866704 ,  -14.94591105, -166.05008789,  -65.79167958,
        -90.82229245, -334.00394559])
30, array([  -9.93298986,  -10.11117997, -167.02827985,  -71.29168817,
        -60.31457634, -324.4376168 ]), array([ -10.06630895,  -10.58321554, -166.60820858,  -70.55077835,
        -72.02419679, -339.49241177])
31, array([ -11.29632674,   -5.89044667, -168.63346727,  -79.09180017,
        -44.6729074 , -330.06455328]), array([ -13.74224397,   -8.34160527, -167.61211638,  -83.03625673,
        -63.60983569, -339.28850755])
32, array([  -9.90015145,   -1.83010743, -170.36555193,  -76.00192259,
        -34.91053462, -334.77609023]), array([ -14.75458591,   -4.88154248, -168.7289972 ,  -87.97132213,
        -50.21674379, -341.29367384])
33, array([  -7.73373316,    2.49657525, -172.18309865,  -69.86085223,
        -24.91400001, -339.91993444]), array([-1.06298695e+01,  1.43033384e-01, -1.68619389e+02, -7.54888986e+01,
       -3.56954743e+01, -3.46761851e+02])
34, array([  -7.73373316,    2.49657525, -172.18309865,  -69.86085223,
        -24.91400001, -339.91993444]), array([-8.28228474e+00,  2.58960515e-01, -1.70293610e+02, -6.98971329e+01,
       -3.30041275e+01, -3.48664093e+02])
