0, array([  22.0743759 ,   18.78544336, -167.96747765,   29.49762973,
         20.81124498, -353.5426642 ]), array([  14.15355492,   14.99294472, -171.07495117,   12.1443758 ,
         25.37370682, -351.67788696])
1, array([  26.9576481 ,   19.50731538, -165.5639039 ,   44.69527449,
         28.28043877, -348.82017301]), array([  19.51395177,   17.56147439, -169.84492103,   33.24975684,
         31.74185094, -348.21407986])
2, array([  29.93625527,   20.54994995, -163.26073847,   54.3220566 ,
         37.6400289 , -343.55445253]), array([  22.5272424 ,   19.01398453, -167.27562003,   43.74424435,
         38.45021997, -344.07769343])
3, array([  31.34270687,   21.87349787, -161.27498635,   58.85649298,
         47.6261567 , -338.57255597]), array([  23.76014553,   20.58002867, -164.81039179,   50.22985009,
         48.27842925, -338.26411951])
4, array([  30.47554798,   24.84262271, -159.0170528 ,   56.02702274,
         61.40286348, -333.29677409]), array([  26.53737022,   22.92531653, -159.44989356,   59.00800776,
         56.98812693, -330.79096732])
5, array([  26.49467219,   30.10064823, -156.02230951,   43.74610904,
         79.20880656, -327.75658332]), array([  24.73889682,   25.04984895, -154.67861925,   53.94821304,
         64.43870088, -326.79259765])
6, array([  20.71134903,   36.03041987, -152.46802857,   25.99400762,
         98.10060691, -321.63409614]), array([  20.42424116,   27.59438918, -157.44440831,   41.44677588,
         63.88554004, -328.23082187])
7, array([  11.52413125,   40.55713616, -150.12326592,    0.48132999,
        109.5657522 , -318.27388933]), array([  16.62331877,   25.71561867, -159.01406098,   29.26760608,
         62.21489224, -330.68399161])
8, array([   1.59572754,   42.41878755, -149.03312261,  -26.76242402,
        113.0839726 , -316.61489092]), array([   5.36770818,   32.60929938, -160.46680014,   -2.49869195,
         78.90398435, -327.35405268])
9, array([  -7.23021509,   39.36359126, -150.78906565,  -50.5102255 ,
        101.64430875, -319.81831306]), array([  -6.02708565,   33.85445434, -161.0279362 ,  -31.44163732,
         86.52688368, -321.99741297])
10, array([ -15.14028641,   34.27727752, -153.54968432,  -71.53505723,
         84.31334913, -324.31385509]), array([ -16.30726454,   30.84658685, -161.58652019,  -60.3762868 ,
         77.51109881, -317.19246816])
11, array([ -20.53247737,   28.30026584, -157.05368101,  -85.07399898,
         65.14960134, -330.01253521]), array([ -22.45640967,   27.16069781, -162.92622242,  -78.37518928,
         67.90408777, -313.28135945])
12, array([ -23.34823854,   23.58834323, -159.74125371,  -91.13186272,
         51.10324436, -334.68636798]), array([ -24.91555054,   24.36796931, -161.8102029 ,  -88.87768771,
         68.45421803, -307.25153711])
13, array([ -23.4139932 ,   20.71761055, -161.92068532,  -89.12769057,
         43.03113761, -339.6988179 ]), array([ -27.92871358,   22.35275998, -161.47842648,  -97.57628389,
         59.28371325, -305.2562601 ])
14, array([ -19.23953396,   19.20663745, -164.17633031,  -73.87295752,
         38.5370786 , -345.98102309]), array([ -28.69567357,   17.33622283, -163.48829885,  -95.5176594 ,
         43.32530795, -314.21325479])
15, array([ -13.09996253,   16.1867482 , -167.12719635,  -52.47729874,
         27.87987071, -353.36416331]), array([ -22.86674961,   16.98422841, -165.0547934 ,  -72.57150159,
         34.80745974, -331.74720156])
16, array([  -3.25590643,   11.85493911, -169.73714877,  -20.30616326,
         12.42511987, -356.8765025 ]), array([ -10.81116164,   11.28309909, -167.40620239,  -35.62361846,
         17.57761698, -347.4662024 ])
17, array([   6.71341821,    6.86591771, -171.59129651,   12.07160198,
         -4.8626789 , -357.25924561]), array([  -1.206771  ,    4.68963866, -171.08308589,   -6.22908178,
         -5.96805487, -354.91112067])
18, array([  15.84652464,    2.23883527, -171.01718527,   41.19591428,
        -19.81929044, -350.88201778]), array([   7.64380214,   -2.28018755, -172.7425684 ,   25.52234842,
        -23.890467  , -354.1366713 ])
19, array([  23.2195256 ,   -0.929622  , -169.59200781,   64.70911477,
        -28.11673899, -343.52453818]), array([  16.91495678,   -2.0857834 , -170.74639818,   57.25125954,
        -27.96854364, -348.5700357 ])
20, array([  26.79466522,   -3.3718323 , -167.77878759,   76.11495852,
        -32.88105495, -336.45959636]), array([  23.62603547,   -3.75557012, -167.1763795 ,   74.83536739,
        -31.65625102, -343.09557396])
21, array([  26.59374494,   -6.56529129, -166.62457457,   76.02044054,
        -42.04084058, -331.07884694]), array([  23.97573303,   -7.54909222, -167.05675435,   72.98058633,
        -45.15152594, -341.52258831])
22, array([  22.9753863 ,  -11.45527571, -165.63616544,   65.53475674,
        -60.7009133 , -323.978763  ]), array([  22.07973606,  -11.12434976, -167.27970333,   65.16885669,
        -64.80491012, -338.95453141])
23, array([  16.53219364,  -16.3564847 , -165.14479056,   47.6681549 ,
        -80.81951016, -317.13583294]), array([  19.17462198,  -16.03899385, -164.26622701,   58.46253503,
        -86.03142806, -333.03474594])
24, array([   9.0614762 ,  -20.03543991, -164.67637367,   27.11676657,
        -97.46946423, -310.98717379]), array([  12.58256519,  -20.50460513, -164.82391777,   42.36650868,
       -111.48614004, -324.55114781])
25, array([   1.84503749,  -20.38925028, -165.13296745,    6.113944  ,
       -103.15936953, -310.0689999 ]), array([   5.31360433,  -22.28113264, -164.60495641,   18.55788274,
       -122.28336134, -322.10722936])
26, array([  -4.97700075,  -18.98532664, -165.6504107 ,  -14.07325744,
       -102.75303727, -311.17555578]), array([  -5.62060524,  -18.5989422 , -166.61235572,  -11.68802009,
       -113.45805801, -326.57207313])
27, array([ -10.452234  ,  -15.02885051, -166.77018988,  -31.87710169,
        -92.14842649, -317.01265483]), array([ -11.63589503,  -16.47259143, -167.39270833,  -31.62146321,
       -104.72590212, -329.708029  ])
28, array([ -14.75952661,  -10.58507172, -167.71848359,  -46.62806492,
        -78.40650456, -323.88311276]), array([ -12.98415242,  -13.33686644, -167.72580796,  -34.44296628,
        -91.08011817, -334.95973325])
29, array([ -17.0492089 ,   -6.3082662 , -168.73996624,  -56.1051948 ,
        -62.93416998, -331.87415848]), array([ -15.9712215 ,   -8.57968193, -167.61517882,  -43.40417259,
        -74.04275383, -340.3807276 ])
30, array([ -16.90066724,   -3.03525244, -170.00141062,  -58.34595882,
        -49.63616694, -339.28295236]), array([ -20.76738697,   -5.77814926, -168.28212698,  -59.35000515,
        -62.28904684, -342.74016051])
31, array([-1.50430967e+01, -6.05624770e-02, -1.71577161e+02, -5.54690723e+01,
       -3.75410489e+01, -3.46702888e+02]), array([ -20.67251496,   -1.76055451, -170.06576456,  -62.85610134,
        -46.66209373, -347.2015589 ])
32, array([ -10.64494228,    2.60490773, -173.49911448,  -45.36061376,
        -27.45581215, -353.49414773]), array([ -16.10360986,    4.15555453, -173.07895378,  -56.51351171,
        -26.5645566 , -354.0102664 ])
33, array([  -5.55250613,    5.8186799 , -175.3175956 ,  -33.26443449,
        -16.57483957, -360.23123243]), array([  -9.29271263,   10.18807032, -175.42616712,  -47.02294337,
        -10.35892006, -359.04055425])
34, array([  -5.55250613,    5.8186799 , -175.3175956 ,  -33.26443449,
        -16.57483957, -360.23123243]), array([  -3.37095714,    9.41189098, -176.99087524,  -36.9689064 ,
         -7.8893795 , -362.28189087])
