0, array([  12.08077046,   14.74930109, -172.77728104,   14.89321476,
         10.77016783, -359.43245815]), array([   2.65658212,   13.54187107, -175.42817688,   -7.16607428,
         22.80642319, -353.12896729])
1, array([  18.12320069,   16.97680384, -170.08401706,   32.70840596,
         18.90308762, -356.05956318]), array([  12.26049377,   17.78452479, -173.41803406,   18.96436192,
         35.08876301, -350.33623878])
2, array([  24.38435509,   19.09823777, -166.78034848,   51.3688104 ,
         27.6117491 , -350.94798994]), array([  17.50295335,   19.0128361 , -172.29876065,   31.90915567,
         39.782206  , -347.7648323 ])
3, array([  28.69678193,   21.04377534, -163.60484821,   64.53059896,
         36.66855665, -345.10861211]), array([  17.96675913,   19.91489697, -169.94409775,   36.52370899,
         45.26838679, -344.06668761])
4, array([  31.01611973,   22.77296995, -161.07348809,   71.4017122 ,
         45.17591621, -340.0914213 ]), array([  24.98769121,   24.03961151, -164.25573165,   54.35552165,
         55.42696362, -335.91786322])
5, array([  31.34270687,   25.33303283, -158.75468097,   72.05217091,
         56.24248013, -335.67486003]), array([  26.9823245 ,   25.61034698, -161.232685  ,   59.67007508,
         63.35024368, -329.67131108])
6, array([  27.19179044,   31.24016522, -155.46627606,   59.21553788,
         77.30400191, -330.3659791 ]), array([  25.21221096,   28.70804805, -156.69675404,   53.91720465,
         69.21374703, -325.68854096])
7, array([  20.50494963,   37.28903104, -152.0368981 ,   38.41053467,
         98.39078914, -324.52376321]), array([  21.86785096,   25.83097482, -156.89824891,   48.21913687,
         65.01495793, -326.89344839])
8, array([  11.76000025,   41.66686864, -149.35382239,   11.33631884,
        113.16344069, -319.26826421]), array([  17.18072242,   28.38013877, -157.45557358,   34.50783165,
         64.77659322, -329.12405196])
9, array([   1.27858814,   41.9492038 , -149.25200127,  -19.89412452,
        112.75739362, -318.23545661]), array([   7.25292077,   30.05844278, -160.13071853,    3.9455998 ,
         73.68777822, -328.6848227 ])
10, array([  -8.42955015,   38.27143699, -151.61790574,  -48.66168091,
         98.91193955, -321.22860374]), array([  -5.81169146,   32.73763728, -160.91654146,  -31.90499649,
         80.17226362, -323.66672238])
11, array([ -17.18435413,   31.77003584, -155.39679293,  -74.39323267,
         75.64930337, -326.57385632]), array([ -17.54348536,   32.74069977, -161.5869668 ,  -62.52139527,
         81.63032259, -314.28750023])
12, array([ -22.33954671,   25.19894099, -159.13850638,  -88.90723231,
         52.97192749, -332.29143212]), array([ -24.91523153,   28.16219251, -161.922219  ,  -80.50706271,
         72.13707458, -309.93075018])
13, array([ -23.4139932 ,   21.17086503, -161.67777699,  -91.13186272,
         40.14106005, -336.87355284]), array([ -27.37188414,   24.58677499, -162.25769447,  -90.88954555,
         61.85067787, -308.48563391])
14, array([ -21.59528782,   18.50644977, -163.94971254,  -84.56570215,
         31.90773369, -341.92269324]), array([ -29.03742972,   20.67464737, -162.82034655,  -96.22107022,
         45.64204075, -312.08276827])
15, array([ -15.75469901,   15.31225145, -166.27236941,  -65.50440109,
         22.05574192, -348.05107313]), array([ -26.22099698,   15.87222838, -165.16290235,  -87.97415828,
         25.19892317, -325.38933664])
16, array([  -7.4120458 ,   10.64113838, -168.22715983,  -37.97167553,
          7.10118793, -352.65657272]), array([ -15.94394627,   11.5063409 , -166.39178406,  -50.67638809,
          5.08185986, -342.54726358])
17, array([   1.87146055,    5.30758971, -169.13322512,   -7.23638436,
        -10.08475498, -354.08481937]), array([  -5.90353383,    4.91288142, -167.62391963,  -17.32024431,
        -17.02071309, -348.10547569])
18, array([  11.85505387,    0.56292918, -168.07485797,   25.87927609,
        -24.81840405, -350.4521202 ]), array([   1.17692471,   -2.05694502, -169.50466043,    6.13377523,
        -35.38565549, -347.99483143])
19, array([  19.37282962,   -2.85945515, -165.76896815,   51.50182276,
        -34.12965112, -343.52755556]), array([  10.55220295,   -5.08937712, -168.06573433,   36.71648815,
        -42.13600035, -343.65485975])
20, array([  24.60588317,   -5.10045337, -163.24424959,   70.06754207,
        -37.60541099, -336.82366093]), array([  17.82046294,   -5.09885168, -165.49976622,   57.97215584,
        -42.1570549 , -337.96150191])
21, array([  25.85271464,   -7.78378682, -160.6264913 ,   76.11495852,
        -42.85174335, -331.19597357]), array([  20.51212878,   -7.2166216 , -163.82198788,   65.04272375,
        -45.50090259, -334.0473307 ])
22, array([  22.31327193,  -12.37343669, -158.00238089,   67.47365485,
        -59.81287671, -324.82803959]), array([  18.6194833 ,  -10.23169963, -160.58441557,   59.36335368,
        -54.98805754, -331.58749372])
23, array([  16.4479134 ,  -17.02901392, -155.54381762,   50.98854503,
        -80.49160782, -317.40405155]), array([  10.13379114,  -13.36158961, -161.586903  ,   38.14717543,
        -67.27948529, -332.47766269])
24, array([   7.88182195,  -20.24278396, -154.06237526,   24.94930123,
        -98.6794546 , -310.80629515]), array([   5.22182576,  -23.07265438, -160.69407099,   20.95771917,
        -94.19647479, -327.6723031 ])
25, array([  -1.35642194,  -19.55312796, -154.89158584,   -4.84305626,
       -102.87969974, -309.89629077]), array([   3.42453127,  -25.50921136, -160.59172088,   16.78445152,
       -115.13804514, -321.55244296])
26, array([  -9.81799117,  -15.97132904, -156.97388772,  -33.11108761,
        -94.92737972, -313.38721933]), array([  -3.29697877,  -17.35866997, -165.1615944 ,   -7.29973887,
       -105.50488303, -327.69271972])
27, array([ -17.23432052,  -10.13633014, -159.84685972,  -59.1939848 ,
        -76.67964282, -320.57963404]), array([ -16.4488732 ,  -10.88780339, -166.05697852,  -53.99337372,
        -86.98809822, -332.37448182])
28, array([ -20.92176882,   -4.75340769, -162.40395415,  -73.44929187,
        -57.38005828, -328.30791389]), array([ -21.34909907,   -6.76398017, -167.39095376,  -69.58012797,
        -76.01126293, -334.29053519])
29, array([ -22.13458566,   -0.83556737, -164.60322241,  -79.61764645,
        -41.98447959, -334.87591644]), array([ -22.89794865,   -4.77260172, -167.2803095 ,  -73.45225382,
        -58.97390994, -339.82211331])
30, array([ -20.52237891,    1.85510523, -167.15522332,  -76.43779838,
        -31.07560454, -341.27367179]), array([ -24.23950685,   -2.53922283, -167.61355187,  -79.36462927,
        -50.00115629, -341.95958445])
31, array([ -15.8467113 ,    4.29141052, -170.26222721,  -62.55460845,
        -22.36846728, -348.30869528]), array([ -21.90608801,    1.03112091, -170.62071185,  -75.04288971,
        -36.2764527 , -347.86756526])
32, array([ -10.86519444,    7.28559636, -173.07458999,  -47.32032641,
        -12.6322138 , -354.89763668]), array([ -16.88572276,    8.28323871, -173.74850112,  -61.54870704,
        -13.73233888, -353.89997298])
33, array([  -5.56514888,   10.32328338, -175.31615898,  -30.72899475,
         -3.21807032, -360.38173117]), array([  -9.85101045,   11.64144178, -175.20369666,  -45.68894377,
         -2.20656056, -359.04045854])
34, array([  -5.56514888,   10.32328338, -175.31615898,  -30.72899475,
         -3.21807032, -360.38173117]), array([  -1.91988277,   12.9837656 , -176.65600586,  -23.4627552 ,
          5.50515223, -362.72836304])
